ENGINE_LOAD,ENGINE_LOAD_entropy,ENGINE_LOAD_complexity,ENGINE_LOAD_fisher,ENGINE_LOAD_shannon,ENGINE_RPM,ENGINE_RPM_entropy,ENGINE_RPM_complexity,ENGINE_RPM_fisher,ENGINE_RPM_shannon,INTAKE_MANIFOLD_PRESSURE,INTAKE_MANIFOLD_PRESSURE_entropy,INTAKE_MANIFOLD_PRESSURE_complexity,INTAKE_MANIFOLD_PRESSURE_fisher,INTAKE_MANIFOLD_PRESSURE_shannon,Short Term Fuel Trim Bank 1,Short Term Fuel Trim Bank 1_entropy,Short Term Fuel Trim Bank 1_complexity,Short Term Fuel Trim Bank 1_fisher,Short Term Fuel Trim Bank 1_shannon,MAF,MAF_entropy,MAF_complexity,MAF_fisher,MAF_shannon,SPEED,SPEED_entropy,SPEED_complexity,SPEED_fisher,SPEED_shannon,THROTTLE_POS,THROTTLE_POS_entropy,THROTTLE_POS_complexity,THROTTLE_POS_fisher,THROTTLE_POS_shannon,TIMING_ADVANCE,TIMING_ADVANCE_entropy,TIMING_ADVANCE_complexity,TIMING_ADVANCE_fisher,TIMING_ADVANCE_shannon
40.4,0.9665181456155781,0.04416287990794212,0.9665181456155781,0.052163571265400985,791.0,0.950746126189325,0.06392661094894315,0.950746126189325,0.04061149832780937,35.0,0.9683338040305616,0.040876734928408924,0.9683338040305616,0.046096689671956084,-3.1,0.9932532963068632,0.008695303287264058,0.9932532963068632,0.01226092266867212,4.49,0.9665875196908635,0.044862663053383545,0.9665875196908635,0.064988433182418,0.0,0.8174418828561478,0.18352940085616937,0.8174418828561478,0.18576619335492078,20.8,0.9744442879656158,0.03239957283656912,0.9744442879656158,0.03143650607722947,56.5,0.964828996241948,0.045446130722187464,0.964828996241948,0.04189027528129191
51.4,0.9658760735687003,0.044701771191314285,0.9658760735687003,0.05119371270158001,645.0,0.949088584274949,0.06553932052045557,0.949088584274949,0.03956309620680089,50.0,0.9667874426093558,0.042478729805278045,0.9667874426093558,0.0469636366579151,-2.3,0.9940286022099059,0.007651649537593112,0.9940286022099059,0.010629088978962576,6.79,0.9657338848684537,0.04584450645141447,0.9657338848684537,0.06836639624367555,12.0,0.8160391731284484,0.18441632632260097,0.8160391731284484,0.1871940741663299,25.9,0.9752979227880255,0.03139637609457626,0.9752979227880255,0.030090296984775194,62.7,0.9653815037220069,0.04472322310085786,0.9653815037220069,0.04295014001193948
29.0,0.9658760735687003,0.04470177119131393,0.9658760735687003,0.049757763127949675,2128.0,0.9514017562866096,0.06302523742064567,0.9514017562866096,0.04003325726325469,52.0,0.9656075313046398,0.04357772802126065,0.9656075313046398,0.04648126626528716,6.2,0.9937309269165236,0.008078584768740476,0.9937309269165236,0.011380077538357986,5.61,0.9649299777764876,0.04653866902196896,0.9649299777764876,0.06711319670984023,22.0,0.81740712823179,0.1837056380618891,0.81740712823179,0.18539864241037093,22.4,0.9750127232460354,0.03165864895297429,0.9750127232460354,0.029826900179643644,69.0,0.9649607714362398,0.045200931020272374,0.9649607714362398,0.045892495637964104
76.9,0.9666513794717428,0.04371614302779144,0.9666513794717428,0.049909109205700415,2161.0,0.9515635913316979,0.06287358667484412,0.9515635913316979,0.04069375145169824,47.0,0.9677278127171361,0.04077991059607445,0.9677278127171361,0.04382730443419057,0.0,0.9931784194364645,0.00884458993187605,0.9931784194364645,0.0114019418105627,25.15,0.9651279116392709,0.04632209478162271,0.9651279116392709,0.06485174304996952,33.0,0.8155649999753634,0.18413733670232127,0.8155649999753634,0.18403094336357534,34.9,0.9741022609620744,0.032932051344010345,0.9741022609620744,0.029118269590910482,67.5,0.9625552904817537,0.04823427806682591,0.9625552904817537,0.04846161325437119
57.6,0.9689927777560307,0.03955238712901441,0.9689927777560307,0.04180171874779839,1689.0,0.9510859607220377,0.06343628229955757,0.9510859607220377,0.04203040823937256,20.0,0.9679257465799198,0.040561475383210484,0.9679257465799198,0.04524184421805983,-7.0,0.9933763532992481,0.008613613639054789,0.9933763532992481,0.010984229616943593,13.95,0.9682446158266015,0.04118214230042117,0.9682446158266015,0.05400512265549415,37.0,0.8125051335449639,0.1852683195123641,0.8125051335449639,0.18376289896121795,31.0,0.9741022609620744,0.032932051344010345,0.9741022609620744,0.02799324519958139,69.0,0.9616463368012462,0.0491818954831155,0.9616463368012462,0.04711977029705699
55.7,0.968217471852988,0.04054390577563675,0.968217471852988,0.04171475148278424,1278.0,0.9514428332269257,0.06316523885251603,0.9514428332269257,0.041547156314424086,21.0,0.9676405470379298,0.04081892532401517,0.9676405470379298,0.04498313271688018,1.6,0.9927007888268042,0.009460592693862522,0.9927007888268042,0.012562624626739722,10.17,0.9673341535426405,0.04243732982841092,0.9673341535426405,0.05616143272404076,32.0,0.8163403058784061,0.18344971567036356,0.8163403058784061,0.18477136618597384,28.6,0.9738045856686924,0.03334260740701305,0.9738045856686924,0.028439285209618862,65.1,0.9629470062107343,0.04779749181924817,0.9629470062107343,0.047084832692405675
37.3,0.9676796325951499,0.04110540428221497,0.9676796325951499,0.04223140964085961,852.0,0.9494876160191673,0.06517043542526454,0.9494876160191673,0.0430725533146664,48.0,0.970046027992416,0.03774989009385804,0.970046027992416,0.0413282796944859,3.1,0.9927007888268042,0.009460592693862522,0.9927007888268042,0.012105712282161127,4.03,0.9668565229329803,0.04302048427592547,0.9668565229329803,0.05443594482254098,26.0,0.8153670661125798,0.18428368043915108,0.8153670661125798,0.1826688581610176,20.4,0.9717211973425877,0.03581295895180344,0.9717211973425877,0.030752671838417525,53.7,0.9636331614682585,0.047107077381689406,0.9636331614682585,0.047141552860434296
60.0,0.9682321400752091,0.040377730118033375,0.9682321400752091,0.042007466850107505,1352.0,0.9505334532419787,0.0641368440277954,0.9505334532419787,0.04327075789177893,67.0,0.9689594178832428,0.038715955551396876,0.9689594178832428,0.040115465271922404,-1.6,0.9934760947298467,0.008418124280933716,0.9934760947298467,0.010490512628268249,11.69,0.9675320874054242,0.042219329378237073,0.9675320874054242,0.05297532673466326,32.0,0.8166982606823079,0.18307132093630116,0.8166982606823079,0.18484571982028614,29.8,0.9714235220492055,0.03622157935981845,0.9714235220492055,0.031097612071465136,65.9,0.9636331614682585,0.047107077381689406,0.9636331614682585,0.049073263032553695
100.0,0.9690360471671756,0.039675813841593285,0.9690360471671756,0.04349075752851224,1988.0,0.9503716181968902,0.06428809232737404,0.9503716181968902,0.04412937623428699,70.0,0.9675760603388741,0.03996723694520769,0.9675760603388741,0.040166818983814405,0.8,0.9934760947298467,0.008418124280933716,0.9934760947298467,0.010120331669773627,30.53,0.9669942481475858,0.04277946693539993,0.9669942481475858,0.05634504727531314,45.0,0.8177669914938536,0.1824115634601513,0.8177669914938536,0.1852419921984108,37.6,0.9705145683686976,0.037190011683654246,0.9705145683686976,0.033826744840820745,63.5,0.9609088112670905,0.05093723398098313,0.9609088112670905,0.05543514280879805
69.4,0.9692817391788932,0.03947476890019114,0.9692817391788932,0.04438689387340837,2206.0,0.9484164009891316,0.06628842380748103,0.9484164009891316,0.04524881787567007,66.0,0.9679340151427761,0.039438220892256855,0.9679340151427761,0.04064309810032395,-0.8,0.9937309269165234,0.008078584768740474,0.9937309269165234,0.009324132924322012,22.68,0.9662475434334672,0.04339518919727651,0.9662475434334672,0.055730030431394705,49.0,0.8149050589262375,0.18340947159183713,0.8149050589262375,0.18444928254277196,34.1,0.9702505960070618,0.03741787044553532,0.9702505960070618,0.03386656145588963,69.0,0.959745025399906,0.05219675700610135,0.959745025399906,0.05721415235571483
87.8,0.9705824085883813,0.03806531065797246,0.9705824085883813,0.043358877396760566,2462.0,0.9484164009891316,0.06628842380748103,0.9484164009891316,0.04524881787567007,51.0,0.9661536391253341,0.04189774006522975,0.9661536391253341,0.04347100416186236,-3.1,0.9937309269165234,0.008078584768741204,0.9937309269165234,0.00975149478273221,7.33,0.967101178255877,0.04241061709883619,0.967101178255877,0.057557499752641995,47.0,0.8171418865568091,0.18280134620285945,0.8171418865568091,0.18194232827278534,25.9,0.9707282266167221,0.036829762950780345,0.9707282266167221,0.03604571214873945,67.8,0.9641462735591934,0.04593973838640674,0.9641462735591934,0.04888209259819673
60.0,0.9713577144914237,0.0370692338409298,0.9713577144914237,0.04383210608139769,1560.0,0.9503716181968902,0.06428809232737404,0.9503716181968902,0.043506562871342844,52.0,0.9651078019025228,0.042974710338330356,0.9651078019025228,0.0444637651483725,3.9,0.9942085575261836,0.007461269386868609,0.9942085575261836,0.008308109934572492,12.81,0.9666129568611365,0.0428894515751117,0.9666129568611365,0.060716296311394184,46.0,0.8217463682726097,0.18003883653560668,0.8217463682726097,0.17839066392124156,30.2,0.970129423980989,0.03749957357568716,0.970129423980989,0.03917382202749367,68.2,0.9655489832868928,0.04458452043642076,0.9655489832868928,0.0481857146050289
62.4,0.9718955537492621,0.03650319418358104,0.9718955537492621,0.043315447923322314,1527.0,0.9506173102086077,0.06409767277635836,0.9506173102086077,0.04299852184494041,34.0,0.9655285341882899,0.04249595315253939,0.9655285341882899,0.04425140675603898,-1.6,0.9937309269165236,0.008078584768741204,0.9937309269165236,0.009821481668507616,13.58,0.9652533131294618,0.04486147368562369,0.9652533131294618,0.06547303338845796,47.0,0.8233447129754804,0.17879281361368507,0.8233447129754804,0.1822329411076326,31.0,0.9694737938837046,0.0384376468585474,0.9694737938837046,0.042489360790831994,67.8,0.9673930200014809,0.04258350251162475,0.9673930200014809,0.04646749964070653
18.0,0.9727491885716718,0.03550637197834711,0.9727491885716718,0.043080853605612215,1500.0,0.949332766236651,0.06522140619401523,0.949332766236651,0.0419598354197179,27.0,0.9661536391253341,0.04189774006522975,0.9661536391253341,0.04347100416186236,4.7,0.9935081284935399,0.008355911983574299,0.9935081284935399,0.009761468625698027,3.54,0.9666129568611365,0.0428894515751117,0.9666129568611365,0.062201979164653864,33.0,0.823948781764152,0.17798916115058308,0.823948781764152,0.18286905486537527,20.8,0.9708049884534329,0.036691660922214354,0.9708049884534329,0.04112883377712385,64.7,0.9683431476206409,0.04165980575949321,0.9683431476206409,0.0472187453152198
38.4,0.9727491885716717,0.03550637197834747,0.9727491885716717,0.04306062464552112,805.0,0.9487724474921102,0.06562731712793582,0.9487724474921102,0.0424608497479308,40.0,0.9661536391253343,0.041897740065229755,0.9661536391253343,0.04277556313963779,-1.6,0.9933101946307564,0.008586970718941959,0.9933101946307564,0.010026184490210048,4.21,0.9670905874707967,0.0423063899199796,0.9670905874707967,0.06065988148223657,29.0,0.8252278133592394,0.17728776202644336,0.8252278133592394,0.17949540427231436,20.4,0.9715571822098094,0.03597899216441597,0.9715571822098094,0.03970836124485098,54.5,0.9695069334878252,0.04037522064915423,0.9695069334878252,0.04693894568118187
56.9,0.9733479912074046,0.03483340192098908,0.9733479912074046,0.04288428524030298,1453.0,0.9497798008237293,0.06482562269433706,0.9497798008237293,0.042901878007485426,47.0,0.9653930014445127,0.04271863417057268,0.9653930014445127,0.04375533747146566,-0.8,0.9933101946307564,0.008586970718941959,0.9933101946307564,0.009606010225438787,12.1,0.9677767427283209,0.041608818391350645,0.9677767427283209,0.05995189071122753,34.0,0.8270888015132685,0.17605393844692938,0.8270888015132685,0.1788955373071951,30.2,0.9721559848455422,0.03530719113157712,0.9721559848455422,0.03903038254995768,67.1,0.9675432209674789,0.04342836042434863,0.9675432209674789,0.05310900819814154
58.8,0.9722792603958591,0.03586440160074927,0.9722792603958591,0.041584607292680605,1752.0,0.9518396506987289,0.0627468134091712,0.9518396506987289,0.04201800486174116,41.0,0.9657329068395671,0.04237709182412606,0.9657329068395671,0.04123733137715265,-3.9,0.9928325640210962,0.009203180256096349,0.9928325640210962,0.009922021663309553,15.75,0.9675788088655373,0.04182700320981472,0.9675788088655373,0.056595167946479896,39.0,0.8281754116224418,0.1754233899692412,0.8281754116224418,0.1785263409347659,31.8,0.9718458338007677,0.03560587174485455,0.9718458338007677,0.03906961590968836,68.6,0.9666895861450693,0.044412519252445756,0.9666895861450693,0.05679389574162481
53.7,0.9731500573446209,0.035054318547085975,0.9731500573446209,0.041977986898214185,1362.0,0.9522156549114783,0.06235939543577185,0.9522156549114783,0.04245699556343914,51.0,0.9673390628069195,0.040869550118881354,0.9673390628069195,0.04108798364733662,-1.6,0.9926097655981125,0.009480001058868643,0.9926097655981125,0.010526148983759262,10.52,0.9681313163455965,0.04109982175703301,0.9681313163455965,0.057042298313338985,46.0,0.8261034996804593,0.1760020300508138,0.8261034996804593,0.17735568099931878,29.0,0.9718458338007677,0.03560587174485455,0.9718458338007677,0.03736985825127045,66.7,0.9676628259108954,0.0432079391964248,0.9676628259108954,0.05522056730680825
62.0,0.9745778155734415,0.03352507910185342,0.9745778155734415,0.04212413266489046,1607.0,0.9545570531957659,0.05830669431887555,0.9545570531957659,0.03931454766724532,21.0,0.9686987065385942,0.038887389340381585,0.9686987065385942,0.03892952289689625,2.3,0.9932853300705565,0.008633114002431693,0.9932853300705565,0.009547865346540521,14.72,0.9689849511680063,0.04011115867725416,0.9689849511680063,0.056900882487341466,50.0,0.8228208348270764,0.17737880365334366,0.8228208348270764,0.177181248512027,31.4,0.9736652497652363,0.03336457128192301,0.9736652497652363,0.03563400038977164,68.2,0.9673651506175129,0.04361248577658814,0.9673651506175129,0.05765396709303026
35.7,0.9755510553392676,0.032299080606294765,0.9755510553392676,0.04076263570043331,894.0,0.9543789828458001,0.05848535637291573,0.9543789828458001,0.040733812313714646,64.0,0.9695058427902099,0.03763061843138024,0.9695058427902099,0.03922749488085826,-5.5,0.9942585698363826,0.00735794315461677,0.9942585698363826,0.007632720480982726,4.19,0.9700715612771792,0.03914663007128446,0.9700715612771792,0.05634750897754746,41.0,0.8266560071605183,0.1754784316639517,0.8266560071605183,0.17818971573678288,19.6,0.974239373171647,0.03283458410201669,0.974239373171647,0.03529211398021222,65.5,0.9681257882983346,0.04279048154262007,0.9681257882983346,0.05815144184787667
84.7,0.9741914116075929,0.03430523470850876,0.9741914116075929,0.04376928377138121,2111.0,0.9551861190974159,0.05726468723601537,0.9551861190974159,0.042136094539552194,51.0,0.9700583502702689,0.03689950307444573,0.9700583502702689,0.03814466902726803,-0.8,0.9942585698363826,0.007357943154617865,0.9942585698363826,0.007980138965136899,28.0,0.9716540034318376,0.0368916628600453,0.9716540034318376,0.052999505964104236,46.0,0.8295286733613724,0.17254376888024453,0.8295286733613724,0.1809315369074847,36.5,0.9750146790746895,0.03183036600054775,0.9750146790746895,0.03483874679160539,67.1,0.9690347419788423,0.0418298604051822,0.9690347419788423,0.05847009352498033
87.5,0.9731759417400946,0.03546487024444318,0.9731759417400946,0.04566640365605318,1600.0,0.9577486342534951,0.05363143857144282,0.9577486342534951,0.038171086055712664,49.0,0.9694027201729847,0.03783790943853087,0.9694027201729847,0.037637436310860584,-3.9,0.9937060623563237,0.008124760500032783,0.9937060623563237,0.009786207911391568,21.01,0.9740384482379509,0.03332435488034642,0.9740384482379509,0.046717817296842386,51.0,0.8292738411746956,0.1727759127373129,0.8292738411746956,0.181860030107386,34.1,0.9756134817104224,0.0311534703222094,0.9756134817104224,0.033003466792165856,64.3,0.9694107461915918,0.041426442833066325,0.9694107461915918,0.05565413299284613
17.6,0.9741491815059209,0.03424266977252426,0.9741491815059209,0.04361256807980101,1675.0,0.959210095414062,0.05197848246372538,0.959210095414062,0.03742235876939831,60.0,0.9687271557005406,0.03864378165220887,0.9687271557005406,0.038234326626558714,3.1,0.9937060623563237,0.008124760500032783,0.9937060623563237,0.009786207911391568,4.54,0.9735608176282906,0.03391631115833575,0.9735608176282906,0.04774080701173846,49.0,0.8297675972218872,0.17251367283489255,0.8297675972218872,0.1769824303025193,22.0,0.9760342139961895,0.03066400041461494,0.9760342139961895,0.03322993183331607,63.1,0.9684375064257655,0.04263514641702101,0.9684375064257655,0.05789255190318449
37.3,0.9737284492201537,0.034729597215990025,0.9737284492201537,0.0433699585781155,810.0,0.9600140025060282,0.05129345122036258,0.9600140025060282,0.03840256469447231,38.0,0.9711449603794422,0.03593021012583882,0.9711449603794422,0.035242671187226175,-3.9,0.9932284317466634,0.008741441190965362,0.9932284317466634,0.010522393614033593,4.2,0.9730831870186305,0.034507670572975005,0.9730831870186305,0.04739576922278179,0.0,0.8310682666313755,0.17153187429612393,0.8310682666313755,0.17518809569517615,20.4,0.9748612879540459,0.031873069471704187,0.9748612879540459,0.03255111424179017,56.9,0.9691130708982094,0.04183231540727242,0.9691130708982094,0.056737443088078286
53.3,0.974774286442965,0.0336333340054974,0.974774286442965,0.04426062833048504,812.0,0.9586828079363002,0.052998630003586365,0.9586828079363002,0.03856863277928089,51.0,0.9718005904767264,0.03498873859020324,0.9718005904767264,0.037268417687778554,7.0,0.9925528672742195,0.00958820534831335,0.9925528672742195,0.011333195874904285,5.48,0.9737587514910744,0.03369506391930809,0.9737587514910744,0.04688001681273362,2.0,0.8300224294085641,0.17228124706706086,0.8300224294085641,0.17605393710261802,22.0,0.9756219256348675,0.031035011591156493,0.9756219256348675,0.03289251389360579,48.6,0.9691130708982094,0.04183231540727242,0.9691130708982094,0.054340080373640194
64.3,0.9746374029006613,0.0337554339670131,0.9746374029006613,0.04325169004707684,782.0,0.9573696627754195,0.05451553546780513,0.9573696627754195,0.041377117661814934,48.0,0.970218148322068,0.03724716333783561,0.970218148322068,0.04108878957148082,-1.6,0.9915796275083935,0.010858974819145785,0.9915796275083935,0.012885189394062092,7.1,0.9747407289330067,0.03279568976338516,0.9747407289330067,0.04658111798368821,12.0,0.832846535106923,0.17120631816119725,0.832846535106923,0.17702993526660796,27.1,0.9759071251768575,0.030772381036572784,0.9759071251768575,0.032248168932660644,52.5,0.9691130708982096,0.04183231540727243,0.9691130708982096,0.053586585393494375
45.1,0.9739618384282174,0.034568774706124974,0.9739618384282174,0.04395688689216822,865.0,0.9577276175793215,0.05399785069650804,0.9577276175793215,0.04339436755094903,42.0,0.969307686038107,0.038508762067911415,0.969307686038107,0.04262611924658136,8.6,0.9904283173926013,0.012321749727742502,0.9904283173926013,0.015506180742193629,5.23,0.9749955611196832,0.032469007163721246,0.9749955611196832,0.04557961119825971,11.0,0.8350068865475354,0.17053749100690366,0.8350068865475354,0.17466849742837515,22.4,0.9748612879540459,0.031873069471703826,0.9748612879540459,0.03343783820119802,49.4,0.9704137403076978,0.04042628464445497,0.9704137403076978,0.052404676855689225
54.1,0.9747689746798331,0.0333012513071423,0.9747689746798331,0.04187403540925061,2223.0,0.953924758134467,0.05971192636548887,0.953924758134467,0.05384803628680775,44.0,0.9682618488152956,0.039593204304065516,0.9682618488152956,0.04475385726277255,1.6,0.9892770072768092,0.013781094557687902,0.9892770072768092,0.01663965598624793,18.29,0.9761288218266277,0.030926815307347356,0.9761288218266277,0.0428204946921683,19.0,0.8390840291605404,0.168165939835479,0.8390840291605404,0.17275380835915422,32.5,0.975282020239813,0.031384308066456014,0.975282020239813,0.031184058832020547,69.8,0.968594324343229,0.04264642897390164,0.968594324343229,0.05571259164636657
60.4,0.9749669085426167,0.03307958756919318,0.9749669085426167,0.042402716694460336,1787.0,0.9542646635295214,0.05938085443012513,0.9542646635295214,0.054466225277732136,29.0,0.9686825811010629,0.039111291615856074,0.9686825811010629,0.04328256108670851,3.9,0.9889793319834268,0.014204122044103347,0.9889793319834268,0.016389761404849972,16.06,0.9772336333716258,0.029240269971124434,0.9772336333716258,0.040526284568180325,13.0,0.8430237721476987,0.16360657662692568,0.8430237721476987,0.16598207927599357,32.2,0.9736995780851551,0.033657092892530945,0.9736995780851551,0.03452074039618182,68.6,0.9700055293835163,0.04031818585140637,0.9700055293835163,0.05217518363211656
54.9,0.9740579548621091,0.03405473184926408,0.9740579548621091,0.04237003063345507,1429.0,0.9551751258134824,0.05815986156433864,0.9551751258134824,0.05098410178706355,24.0,0.9686825811010626,0.03911129161585607,0.9686825811010626,0.04312326454661625,0.0,0.9889793319834268,0.014204122044103347,0.9889793319834268,0.01565100298059191,10.62,0.9770356995088421,0.029463257994022628,0.9770356995088421,0.03962199620511254,19.0,0.8430237721476987,0.16360657662692568,0.8430237721476987,0.16598207927599357,29.4,0.9732219474754947,0.034248668533107464,0.9732219474754947,0.033425055841887125,56.9,0.9727298795846845,0.03641933028230597,0.9727298795846845,0.04645712939635301
17.6,0.9749669085426167,0.03307958756919318,0.9749669085426167,0.04190240590652564,1399.0,0.9546813697662907,0.05854987337043158,0.9546813697662907,0.049426400894474226,42.0,0.9686825811010629,0.03911129161585679,0.9686825811010629,0.045396432403004346,4.7,0.9899525717492531,0.012940029596901622,0.9899525717492531,0.01346216000904938,3.42,0.9779064964576041,0.02864319703942669,0.9779064964576041,0.038719278357604595,23.0,0.8430237721476987,0.16360657662692568,0.8430237721476987,0.16598207927599357,20.0,0.9729762554637772,0.034451931482117684,0.9729762554637772,0.03265680261102413,65.5,0.9721310769489516,0.037090869200540035,0.9721310769489516,0.04972908125898505
54.1,0.9743681059068838,0.03375482603131794,0.9743681059068838,0.04398922016131236,2187.0,0.9567647580923954,0.056175081058851585,0.9567647580923954,0.04918268028048572,19.0,0.9698338912168547,0.03771307182211219,0.9698338912168547,0.04225889340279647,0.0,0.9889371018817548,0.014141510492903641,0.9889371018817548,0.014943577801403539,17.78,0.9796868724750458,0.02612781729174068,0.9796868724750458,0.03603373879430043,29.0,0.8430237721476987,0.16360657662692568,0.8430237721476987,0.16598207927599357,32.5,0.9737515613668197,0.0334503708701731,0.9737515613668197,0.032282443217601334,70.2,0.9721310769489516,0.037090869200540035,0.9721310769489516,0.04972908125898505
36.5,0.9743681059068838,0.03375482603131794,0.9743681059068838,0.04476781726128512,863.0,0.9600793961425093,0.0508998230765374,0.9600793961425093,0.040824270915854846,33.0,0.9698338912168547,0.03771307182211219,0.9698338912168547,0.044298198496450523,3.1,0.988682269695078,0.014477829272345064,0.988682269695078,0.015769950934675234,4.29,0.9818071538875421,0.023248761625410543,0.9818071538875421,0.031177507671787844,28.0,0.8414254274448283,0.16492764591671252,0.8414254274448283,0.1624561514984463,20.4,0.9755319373842615,0.030954892017636182,0.9755319373842615,0.02882733375134089,64.3,0.9729847117713611,0.036094306154436845,0.9729847117713611,0.05116308507136551
42.0,0.9746229380935604,0.03342852568715964,0.9746229380935604,0.04439666371540321,1465.0,0.9614906011827967,0.048605245824416374,0.9614906011827967,0.03745244610138953,58.0,0.9717901907236272,0.03535917778024703,0.9717901907236272,0.04136735590693316,-3.9,0.9888603400450438,0.014284049852554138,0.9888603400450438,0.016222332911069656,9.64,0.9818071538875421,0.023248761625410543,0.9818071538875421,0.03055213208991793,37.0,0.8432694641594164,0.1634705987085831,0.8432694641594164,0.15900806696117692,29.0,0.9757547358072448,0.03068781127103968,0.9757547358072448,0.02796712925745354,57.6,0.9727867779085776,0.03631487851755242,0.9727867779085776,0.050132510112698384
85.9,0.9752217407292935,0.032752899411463005,0.9752217407292935,0.04459295212507175,2012.0,0.9628933109104961,0.04725801242066417,0.9628933109104961,0.03848869379578549,69.0,0.9705056467516705,0.03654978002404791,0.9705056467516705,0.040134098862543446,0.8,0.988860340045044,0.014284049852554865,0.988860340045044,0.017344531737788212,26.51,0.9810318479844997,0.024267109446711208,0.9810318479844997,0.033061023096145906,53.0,0.843843587565827,0.16310580239546138,0.843843587565827,0.1586107351612133,35.7,0.9740458554735753,0.03345512426664504,0.9740458554735753,0.03239066495181289,66.3,0.9733855805443105,0.03564237846168166,0.9733855805443105,0.0495860684438206
47.8,0.9745355854717692,0.03346252433392701,0.9745355854717692,0.044425148872586195,1736.0,0.9637641078592581,0.04646666932216852,0.9637641078592581,0.03821307400772309,20.0,0.9707604789383472,0.03622557682795991,0.9707604789383472,0.03751357067546878,-3.9,0.9886375416220604,0.014558601551525208,0.9886375416220604,0.018131439652731476,16.07,0.9797403187499706,0.025587883735685855,0.9797403187499706,0.033265038686789684,57.0,0.8417227444595945,0.16380545619813874,0.8417227444595945,0.15663306177797764,31.8,0.9730000182507639,0.034550704743548946,0.9730000182507639,0.03306502705430054,72.5,0.9731876466815268,0.035863139666184284,0.9731876466815268,0.051849801573142326
18.4,0.9729531433171112,0.03573011422133854,0.9729531433171112,0.04913983522035382,1724.0,0.9640617831526404,0.04606460986481797,0.9640617831526404,0.036404643517892445,31.0,0.9717337187041732,0.035007345719848586,0.9717337187041732,0.03402454128356837,3.9,0.9878769039412387,0.01542116676647001,0.9878769039412387,0.019453296514046522,4.77,0.979485486563294,0.025918028732046107,0.979485486563294,0.03646464688903648,47.0,0.8433210891624651,0.16248156891857016,0.8433210891624651,0.15660125510799988,22.4,0.9724475107707049,0.035285499492642695,0.9724475107707049,0.03436204299924779,63.5,0.9731876466815267,0.035863139666184284,0.9731876466815267,0.05170352247959398
38.0,0.9731149783621996,0.03557000845136049,0.9731149783621996,0.04777055626826511,784.0,0.9635308915989328,0.04651735207640478,0.9635308915989328,0.03510376550752698,39.0,0.9734958932857904,0.0332214189783255,0.9734958932857904,0.034178370887489797,-0.8,0.9873886825464981,0.015924541963675685,0.9873886825464981,0.01993724864262227,4.23,0.9793074162133281,0.026107806636921655,0.9793074162133281,0.03608790445186569,42.0,0.8424674543400554,0.16320818398036688,0.8424674543400554,0.15729844746748148,20.4,0.9718054387238271,0.03583391934780083,0.9718054387238271,0.03430690768275026,62.0,0.972334011859117,0.03686012672979581,0.972334011859117,0.05117058460721607
56.5,0.9739380171620278,0.03474114057905443,0.9739380171620278,0.04908907745669068,2077.0,0.9651292363018034,0.04472343196176091,0.9651292363018034,0.03531830533434983,36.0,0.9744778707277227,0.032321827923147764,0.9744778707277227,0.03299678842439647,3.1,0.9868361750664393,0.01668120771534995,0.9868361750664393,0.02086178588951625,18.96,0.9806386107830561,0.024326310176376143,0.9806386107830561,0.03552268591363206,47.0,0.8456341346690994,0.16172352002039925,0.8456341346690994,0.15921615976766737,27.23618212807402,0.9713278081141669,0.03642320943496653,0.9713278081141669,0.03753536452742075,69.0,0.9725319457219006,0.036639774880137456,0.9725319457219006,0.05447236094378058
53.7,0.973801133619724,0.03486297196884408,0.973801133619724,0.050799675779712256,2331.0,0.9645913970439652,0.045280665438169124,0.9645913970439652,0.03616305573675813,26.0,0.9751705973265188,0.03169452001268683,0.9751705973265188,0.03364778329719384,-6.2,0.9866382412036556,0.01690902217872889,0.9866382412036556,0.020760431059628912,18.54,0.9817718714900007,0.022765357497950476,0.9817718714900007,0.034222593461747886,46.0,0.8541187696351609,0.15176824987753076,0.8541187696351609,0.12127073038467932,32.5,0.9700146629532861,0.03798446259792714,0.9700146629532861,0.04001555209091231,71.4,0.9719331430861677,0.037311032208810956,0.9719331430861677,0.05604377346501287
46.7,0.9732486261396649,0.03559822718280998,0.9732486261396649,0.0517294296581152,2156.0,0.9645913970439652,0.04528066543816842,0.9645913970439652,0.037577889049642946,44.0,0.975468272619901,0.031282856558718694,0.975468272619901,0.03455673146160104,-0.8,0.9860394385679228,0.017602646697540778,0.9860394385679228,0.023034423705119805,16.67,0.9799914954725588,0.025292399962942427,0.9799914954725588,0.03834904761681383,46.0,0.8570126753995079,0.14784137724590193,0.8570126753995079,0.11625795096013038,32.2,0.9679312746271814,0.04043465257770367,0.9679312746271814,0.04403140138467025,71.8,0.9713080381491234,0.03791609953614171,0.9713080381491234,0.054042260777369906
18.4,0.9734714245626482,0.035332867510376086,0.9734714245626482,0.05175897164520165,1128.0,0.9664354337585536,0.04328312790282297,0.9664354337585536,0.03801327631992494,32.0,0.976977537539595,0.029327029026765688,0.976977537539595,0.03167205379529072,0.0,0.9868930733903324,0.01657404191503437,0.9868930733903324,0.020406347666712142,3.33,0.9783203955077763,0.027423191857137173,0.9783203955077763,0.04143539280185727,37.0,0.8595751905555873,0.1448847275516591,0.8595751905555873,0.11184657480004544,17.6,0.9648145704398511,0.04557525724607688,0.9648145704398511,0.05445491938800741,63.9,0.9722185004330844,0.036651195094702584,0.9722185004330844,0.052463439142638735
40.0,0.9729335853048101,0.03590053754974799,0.9729335853048101,0.05212618015422245,787.0,0.9645913970439652,0.045280665438169124,0.9645913970439652,0.03968565699077279,33.0,0.9787579135570369,0.02681537961328691,0.9787579135570369,0.028773270700178263,-3.1,0.987668379293375,0.015543342640281128,0.987668379293375,0.019911762708482387,4.18,0.9775597578269546,0.02826651141062824,0.9775597578269546,0.04348617283226019,24.0,0.8585293533327758,0.1457068311278412,0.8585293533327758,0.10908167712603305,20.4,0.963841330674025,0.046773643803171894,0.963841330674025,0.057306170604786405,52.2,0.9705474004683017,0.038744845742166405,0.9705474004683017,0.05495970958295205
53.3,0.9729335853048101,0.03590053754974764,0.9729335853048101,0.05325528221222634,676.0,0.9639493249970874,0.04581762056005005,0.9639493249970874,0.03856541408224172,67.0,0.9787579135570369,0.02681537961328691,0.9787579135570369,0.030039103961322134,3.1,0.9886838491608732,0.01434488011624793,0.9886838491608732,0.01783023354355084,7.78,0.9788512870614837,0.0269523619911654,0.9788512870614837,0.0421133156068422,33.67243525896414,0.8580823187456972,0.14601628120816973,0.8580823187456972,0.10870332031999697,29.8,0.9655667641962277,0.04487426033246538,0.9655667641962277,0.05546207587299868,63.1,0.9707254708182677,0.03855916898851322,0.9707254708182677,0.05463380560400479
60.8,0.9720246316243025,0.03687088196474578,0.9720246316243025,0.05332323109381874,1983.0,0.9648029598194973,0.044837715914819394,0.9648029598194973,0.03925947030515526,73.0,0.9778871166082749,0.02763782580850301,0.9778871166082749,0.029588214065102172,-3.9,0.989592802841381,0.013336040051780783,0.989592802841381,0.015845044812519384,18.08,0.9786284886385003,0.02722118515249617,0.9786284886385003,0.040792854685354075,16.0,0.8625268901470626,0.14284331659209973,0.8625268901470626,0.1057403012600165,31.4,0.9661192716762865,0.044150433243831534,0.9661192716762865,0.053572791317907376,69.8,0.9720261402277559,0.03714622980879802,0.9720261402277559,0.05536560853081465
98.0,0.9709787944014909,0.03796036212740177,0.9709787944014909,0.05267245707405016,2795.0,0.9634898146586165,0.04637635044138594,0.9634898146586165,0.040014200276883696,78.0,0.976707205303559,0.02876854833890148,0.976707205303559,0.029312721558979404,0.0,0.9889940002056479,0.014033966343105667,0.9889940002056479,0.017539027111055157,43.19,0.9779529241660564,0.028042560791403506,0.9779529241660564,0.039612607403784444,41.0,0.8642357704807323,0.14062330181217494,0.8642357704807323,0.10791688513504205,39.6,0.9661192716762865,0.044150433243831534,0.9661192716762865,0.05184610299011532,66.7,0.9706949456580276,0.03889391904075367,0.9706949456580276,0.05650057352121198
94.1,0.9708517055821589,0.038067184840364074,0.9708517055821589,0.05441424646466909,2154.0,0.9633117443086507,0.04655909232252611,0.9633117443086507,0.04006520206343712,84.0,0.9754226613316023,0.02997432265348067,0.9754226613316023,0.0292912645144962,-6.2,0.9889940002056479,0.014033966343105667,0.9889940002056479,0.017539027111055157,31.7,0.9764065627448507,0.029682080064781756,0.9764065627448507,0.04054436163378844,53.0,0.8607430620806524,0.14512985419426516,0.8607430620806524,0.12012103448393684,37.3,0.964035883350182,0.04657680867920708,0.964035883350182,0.054033721065216075,65.9,0.9691606836253557,0.04181411433384197,0.9691606836253557,0.06185251969488071
71.0,0.971537860839683,0.03736367328146193,0.971537860839683,0.0542112560781687,2523.0,0.9622069327636528,0.04820077156615156,0.9622069327636528,0.04045666236066643,72.0,0.9771848359132193,0.028172055176604434,0.9771848359132193,0.026576269734810715,-3.1,0.9876808550447673,0.015655157380714907,0.9876808550447673,0.019835451557656054,28.0,0.976030558532101,0.030093163816526197,0.976030558532101,0.04053037560999608,58.0,0.8580788666967288,0.1463408381814113,0.8580788666967288,0.11883740814171857,34.9,0.9635582527405219,0.04715577972145398,0.9635582527405219,0.054343967002490196,77.3,0.9691606836253555,0.04181411433384161,0.9691606836253555,0.06227480768293435
93.3,0.971389544839997,0.03750201412251872,0.971389544839997,0.05636178492671173,1993.0,0.9603875167991841,0.05038611555148324,0.9603875167991841,0.04475148122191397,42.0,0.9771848359132193,0.028172055176604434,0.9771848359132193,0.028138867760644642,-6.2,0.9878787889075509,0.015426843783792209,0.9878787889075509,0.01855618252488913,27.98,0.9755423371373604,0.030582976656191464,0.9755423371373604,0.04224015611047202,61.0,0.8580788666967288,0.1463408381814113,0.8580788666967288,0.11883740814171857,36.5,0.9627046179181121,0.0481322629671113,0.9627046179181121,0.05884722347081448,65.5,0.97032446949254,0.04052854683976964,0.97032446949254,0.06175946586205174
19.6,0.9731149783621996,0.03557000845136049,0.9731149783621996,0.054200617225407234,2017.0,0.9605493518442728,0.050230701379917114,0.9605493518442728,0.044089555284798326,21.0,0.9783361460290115,0.026747877109129917,0.9783361460290115,0.025758053730883038,0.0,0.9868633190400525,0.01662319322787537,0.9868633190400525,0.021314830634935635,5.15,0.9747192983375325,0.031416815850110115,0.9747192983375325,0.04423394694341782,53.0,0.8614186265530963,0.1445037097056352,0.8614186265530963,0.11979495733569355,23.1,0.9624069426247298,0.0485330768332015,0.9624069426247298,0.061095015730588266,74.9,0.9710851071733616,0.03970140303400136,0.9710851071733616,0.06284723706996963
85.5,0.974248239069144,0.03403454471376337,0.974248239069144,0.051703258185333514,1825.0,0.9595035146214613,0.05129181696649037,0.9595035146214613,0.04582904049198072,67.0,0.9790223012865356,0.0260305940339857,0.9790223012865356,0.02508115045517119,8.6,0.9881764642009333,0.015004664862756749,0.9881764642009333,0.0201118285274212,23.83,0.9735555124703482,0.03271953170651378,0.9735555124703482,0.04786269251006999,59.0,0.8658208670805342,0.14131226936853264,0.8658208670805342,0.12012469404175868,34.9,0.9619577611770161,0.04924911645578152,0.9619577611770161,0.06440814780392394,66.7,0.9716839098090945,0.03903224513264698,0.9716839098090945,0.06294254623428364
58.8,0.9740254406461607,0.034300425999985916,0.9740254406461607,0.052635508018603595,1949.0,0.9595035146214613,0.05129181696649037,0.9595035146214613,0.04582904049198072,18.0,0.9795748087665946,0.025285341030070737,0.9795748087665946,0.021953085694490677,0.0,0.988937101881755,0.01414151049290292,0.988937101881755,0.018001542831034653,13.64,0.973003004990289,0.03345580781466481,0.973003004990289,0.050955903724301185,51.0,0.8677771665873066,0.1394616789622968,0.8677771665873066,0.12040435868117641,30.6,0.9627330670800587,0.048271440139860636,0.9627330670800587,0.06586172487279304,69.0,0.9721046420948616,0.038548265735628744,0.9721046420948616,0.06202635855081827
36.1,0.9733498761737167,0.03511284830193107,0.9733498761737167,0.05238518941559459,1641.0,0.9595035146214613,0.05129181696649037,0.9595035146214613,0.04582904049198072,63.0,0.9795748087665946,0.025285341030070737,0.9795748087665946,0.022932125497179455,5.5,0.9883845944016958,0.014900387601759678,0.9883845944016958,0.017957583428629523,15.02,0.9740488422131006,0.032359046894960684,0.9740488422131006,0.050444137923775244,47.0,0.8669235317648969,0.1402414412488387,0.8669235317648969,0.11982826236040017,31.8,0.9641357768077579,0.04692179896933975,0.9641357768077579,0.06520662618570872,75.7,0.9721046420948616,0.038548265735628036,0.9721046420948616,0.06315789208664653
63.1,0.9733498761737167,0.03511284830193107,0.9733498761737167,0.05238518941559459,1579.0,0.9595035146214613,0.05129181696649037,0.9595035146214613,0.04582904049198072,68.0,0.9800524393762549,0.024685316580722722,0.9800524393762549,0.022031176322874657,3.1,0.9874113546358695,0.016160505222728393,0.9874113546358695,0.019035045350587008,15.75,0.9747349974706246,0.03164902235686889,0.9747349974706246,0.048746229417022,51.0,0.8679693689877085,0.1394012641155834,0.8679693689877085,0.12313934301309087,32.2,0.965682138228964,0.04533169005157189,0.965682138228964,0.06512749349593897,68.2,0.9728652797756833,0.03771793970675519,0.9728652797756833,0.06273573163574313
48.04087253229344,0.9753083225411247,0.0324337497738997,0.9753083225411247,0.047829222082592646,1738.0,0.9602788205245038,0.05031848626685249,0.9602788205245038,0.044229085783759385,85.0,0.9785450969813144,0.026169875445849408,0.9785450969813144,0.022236373380673663,1.6,0.988426824503368,0.014962997273129086,0.988426824503368,0.017980258677286847,23.16,0.9747349974706246,0.03164902235686889,0.9747349974706246,0.04672439678273359,57.0,0.8682545685296982,0.13920533765242507,0.8682545685296982,0.12317039135031621,34.9,0.9664574441320064,0.04434677977113621,0.9664574441320064,0.060976419657899884,64.7,0.9725253743806288,0.038063852771246263,0.9725253743806288,0.06092510184195625
100.0,0.9772667689085321,0.029743608104314454,0.9772667689085321,0.04424737506269581,2007.0,0.9586077205597212,0.05236103837688101,0.9586077205597212,0.0470796730206126,90.0,0.9766841088272855,0.028049208626851,0.9766841088272855,0.024788513602904544,2.3,0.9889044551130282,0.014352343527317544,0.9889044551130282,0.01793066302929403,33.35,0.9747349974706246,0.03164902235686889,0.9747349974706246,0.04672439678273359,68.0,0.8646594642538761,0.14140383482879385,0.8646594642538761,0.12408699655344663,39.6,0.9674729139995046,0.043204986455034046,0.9674729139995046,0.05885632453496016,61.2,0.9709429322259706,0.040319045992354335,0.9709429322259706,0.06404496525335876
19.6,0.9777443995181924,0.02914723381387382,0.9777443995181924,0.044025047313947976,2467.0,0.9581606859726427,0.05276687971376518,0.9581606859726427,0.04671128566059116,34.0,0.9766841088272855,0.028049208626851,0.9766841088272855,0.022077621612200497,1.6,0.9877531449972359,0.01580703220334418,0.9877531449972359,0.02090070034319789,7.22,0.9773861704368285,0.028327736117881967,0.9773861704368285,0.04110913100761378,72.0,0.8646594642538761,0.14140383482879385,0.8646594642538761,0.12408699655344663,25.9,0.9700054837733229,0.040036015591267446,0.9700054837733229,0.05335557438652374,71.4,0.9717182381290133,0.03932437652722096,0.9717182381290133,0.06290738256814445
37.6,0.9777443995181924,0.02914723381387382,0.9777443995181924,0.044025047313947976,2383.0,0.9573070511502328,0.05373241959437571,0.9573070511502328,0.046855772089909244,19.0,0.9758304740048758,0.029056836017743063,0.9758304740048758,0.022888255441416698,0.0,0.9873324127114688,0.01630902545917918,0.9873324127114688,0.022440262241411598,12.55,0.9782966327207896,0.0270455486832897,0.9782966327207896,0.03801638773431173,68.0,0.8666562238268277,0.14062925508559695,0.8666562238268277,0.12168561387598975,30.2,0.9728993895376699,0.035113836520643364,0.9728993895376699,0.04442215016956288,74.5,0.9715401677790472,0.03951011744370164,0.9715401677790472,0.06555178724893308
32.5,0.9777443995181924,0.02914723381387382,0.9777443995181924,0.04332050349434307,2008.0,0.9575618833369096,0.053417461077458275,0.9575618833369096,0.04393275570973108,47.0,0.9753528433952154,0.0296520307749594,0.9753528433952154,0.02548696500328665,-2.3,0.9879312153472019,0.015613679386208383,0.9879312153472019,0.021207413728548504,12.25,0.9780738342978061,0.027314191307022766,0.9780738342978061,0.03913710186436275,62.0,0.8699102892726314,0.1387563719520035,0.8699102892726314,0.12153477920242481,30.2,0.9723468820576108,0.03584823137251508,0.9723468820576108,0.04685773800322427,73.7,0.9708646033066034,0.04031672119123694,0.9708646033066034,0.0648042814737634
82.0,0.9777443995181924,0.02914723381387382,0.9777443995181924,0.043382614316103754,2105.0,0.9579378875496591,0.05302375454292683,0.9579378875496591,0.043350266956467244,86.0,0.9748003359151564,0.03039147309542776,0.9748003359151564,0.028225128358871983,-3.1,0.9871559094441594,0.01664460446076047,0.9871559094441594,0.022358751175407105,28.04,0.9769690227528082,0.029004420843462934,0.9769690227528082,0.04143484710252621,68.0,0.8707333280724594,0.13811971988501756,0.8707333280724594,0.1263430018210232,36.1,0.9709872383259361,0.037842527896676366,0.9709872383259361,0.04973358096265615,67.8,0.9713422339162637,0.03972964453571907,0.9713422339162637,0.06583571331628084
76.5,0.979453279851862,0.026361457734168925,0.979453279851862,0.0387943883288164,2301.0,0.9576830553629824,0.05333895266491303,0.9576830553629824,0.0462732833366454,68.0,0.9741247714427126,0.03120728904326309,0.9741247714427126,0.02620304339994161,-1.6,0.9869331110211759,0.016918138951188155,0.9869331110211759,0.024542916988821308,24.55,0.9766110679489062,0.0295424706720163,0.9766110679489062,0.04277617146383327,70.0,0.8669304686276048,0.1429043231685534,0.8669304686276048,0.13575249290373004,34.5,0.9669204065194457,0.04393043894015679,0.9669204065194457,0.059917038776395815,66.3,0.9705669280132211,0.040723581035603904,0.9705669280132211,0.06668072648864448
80.8,0.9798740121376291,0.025867898239796603,0.9798740121376291,0.03799430410513328,2327.0,0.9559576218407796,0.05520623354696916,0.9559576218407796,0.04829142845038486,20.0,0.9732711366203028,0.032209377539249455,0.9732711366203028,0.027655095857831408,0.0,0.987485618501235,0.0161615297198277,0.987485618501235,0.02412996404664784,23.54,0.976073228691068,0.030115287214822144,0.976073228691068,0.04234182637185901,66.0,0.8671532670505884,0.14269741163755395,0.8671532670505884,0.1360696786840933,33.3,0.9659471667536196,0.045133299912702464,0.9659471667536196,0.059738267764632105,68.2,0.970744998363187,0.040538263300221186,0.970744998363187,0.0669682394396384
22.0,0.979218382040345,0.026823689961943047,0.979218382040345,0.041107222538112095,1046.0,0.9569730917082779,0.0540893849058654,0.9569730917082779,0.04638957682343338,32.0,0.971451720655834,0.034451878056027264,0.971451720655834,0.03044448360358066,10.9,0.9876636888512007,0.01596829473078167,0.9876636888512007,0.023721466088352294,3.04,0.9747725592815797,0.03154389955946818,0.9747725592815797,0.04502563750182734,50.0,0.869347414780657,0.14174276313955875,0.869347414780657,0.13564789645004124,18.8,0.9646556375190903,0.04640484861047182,0.9646556375190903,0.061611475724011586,59.2,0.9711657306489541,0.04005543675281349,0.9711657306489541,0.06740587454282616
40.8,0.979218382040345,0.026823689961943047,0.979218382040345,0.04069979592215135,789.0,0.9567950213583121,0.054269338987105877,0.9567950213583121,0.04491585024188947,33.0,0.9703469091108362,0.036122113847657025,0.9703469091108362,0.03238634218597766,-5.5,0.988636928617027,0.014707657862742881,0.988636928617027,0.021389737276796814,4.23,0.972953143317111,0.03379129388172911,0.972953143317111,0.04908241626611444,41.0,0.8683015775578455,0.1425819921997231,0.8683015775578455,0.1329789371521497,20.4,0.9619312873179224,0.050241346858877316,0.9619312873179224,0.06947314728064952,54.9,0.9711657306489541,0.04005543675281349,0.9711657306489541,0.06755186003319384
48.6,0.9786658745602858,0.027567793275374466,0.9786658745602858,0.041683164689657486,1655.0,0.9564370665544102,0.0547863785695343,0.9564370665544102,0.04314142574213852,42.0,0.9686471452299815,0.037705549384319706,0.9686471452299815,0.03348940881016782,3.1,0.9882609244042775,0.01512987258290366,0.9882609244042775,0.021824968202586906,11.7,0.9718198826101665,0.03532489205041957,0.9718198826101665,0.05283635226116906,8.0,0.8678892891965235,0.14285585613636595,0.8678892891965235,0.13267394858418224,28.6,0.9617084888949389,0.0504999141337371,0.9617084888949389,0.07222582335750857,62.0,0.9705669280132211,0.040723581035603904,0.9705669280132211,0.07019113540990886
36.5,0.9775326138533413,0.029118074234173237,0.9775326138533413,0.04267175681231958,1457.0,0.9583922837621686,0.05274335264745978,0.9583922837621686,0.04186239592094456,34.0,0.966084630073902,0.04142563580189104,0.966084630073902,0.03625068045582634,3.9,0.9888597270400106,0.014433139929248657,0.9888597270400106,0.02131821917353231,4.61,0.9714373070561452,0.035648966199476786,0.9714373070561452,0.05190822439136987,2.0,0.8678892891965235,0.14285585613636595,0.8678892891965235,0.13267394858418224,21.6,0.9617084888949389,0.05049991413373639,0.9617084888949389,0.0730209795785174,66.3,0.9708770790579957,0.040426958666605485,0.9708770790579957,0.07144852678491492
36.9,0.9779533461391084,0.028626713072381224,0.9779533461391084,0.04137368636859404,826.0,0.9588699143718289,0.05217052004532056,0.9588699143718289,0.04103073900974077,61.0,0.966339462260579,0.04110428285571511,0.966339462260579,0.03570866956962624,-1.6,0.989157402333393,0.014010233562428667,0.989157402333393,0.020369968135109894,4.51,0.9702735211889606,0.036941967102164956,0.9702735211889606,0.053595777669246225,5.0,0.8678892891965235,0.14285585613636595,0.8678892891965235,0.13267394858418224,20.4,0.9605571787791468,0.05187034395395807,0.9605571787791468,0.07409945559247674,54.1,0.9723863439776897,0.038494993515361245,0.9723863439776897,0.0667405986038268
77.3,0.9777554122763249,0.02884999825741979,0.9777554122763249,0.042999555050169926,1853.0,0.9588699143718289,0.05217052004532056,0.9588699143718289,0.040566835594461385,76.0,0.9680392261414337,0.03953090668854558,0.9680392261414337,0.0355992888671125,4.7,0.9899327082364354,0.012975102124681543,0.9899327082364354,0.017550249570550316,20.84,0.9721175579035489,0.03491582125201144,0.9721175579035489,0.051362673780821044,34.0,0.8684417966765826,0.14227307217002608,0.8684417966765826,0.13111839197763492,34.9,0.9613324846821896,0.050896321284121776,0.9613324846821896,0.07337526338112949,69.0,0.9738956088973838,0.03655683597496195,0.9738956088973838,0.06245036803982483
60.0,0.9765824862341814,0.030063508052675998,0.9765824862341814,0.04457335116145993,2370.0,0.9592822027331509,0.05181541859062251,0.9592822027331509,0.041372190996598446,85.0,0.9654289999766178,0.042356919050121074,0.9654289999766178,0.03622958909968087,-3.1,0.9899327082364354,0.012975102124681543,0.9899327082364354,0.016667553919365155,27.65,0.9711443181377226,0.036134653386859644,0.9711443181377226,0.05367138547180571,44.0,0.8684417966765826,0.14227307217002608,0.8684417966765826,0.13111839197763492,36.5,0.9603170148146911,0.052022157912691304,0.9603170148146911,0.07562414942720791,78.0,0.9732968062616509,0.03722914934173829,0.9732968062616509,0.06417921279663222
100.0,0.9761333047864675,0.030799257055771655,0.9761333047864675,0.04445885356228174,2368.0,0.9599073076701953,0.0512275029860105,0.9599073076701953,0.041364635002212484,24.0,0.9662826347990277,0.04137232719445015,0.9662826347990277,0.03299726539162844,-6.2,0.9902303835298176,0.0125512891553386,0.9902303835298176,0.015262390536364143,42.71,0.9701710783718963,0.037350972534558984,0.9701710783718963,0.05406220259160264,56.0,0.8663959649461999,0.1431206840009352,0.8663959649461999,0.1336847066119741,43.5,0.9600942163917077,0.05227983891938493,0.9600942163917077,0.07480489302858043,62.0,0.9732968062616509,0.03722914934173829,0.9732968062616509,0.06381149652916877
65.9,0.9774929485181424,0.028784035597438584,0.9774929485181424,0.040227733890030086,1845.0,0.9605629377674795,0.05030793112595489,0.9605629377674795,0.041565414973555447,54.0,0.9677440959595943,0.039684672631460936,0.9677440959595943,0.029104337156982064,-3.9,0.9895747534325334,0.013526370463427013,0.9895747534325334,0.017106188580849276,16.06,0.9715307221035713,0.03535775013231338,0.9715307221035713,0.048664605193438036,66.0,0.8631418995003963,0.14496537063409864,0.8631418995003963,0.13395874612402056,31.8,0.9616766585463659,0.05007099234688386,0.9616766585463659,0.0683288231419026,67.8,0.9761907120259977,0.03228116486963767,0.9761907120259977,0.05512134787121054
32.9,0.9784019021986499,0.027800330935501067,0.9784019021986499,0.039494204045253126,2061.0,0.9609389419802291,0.04991164273283029,0.9609389419802291,0.04272696158963647,18.0,0.9674892637729176,0.040006898120580885,0.9674892637729176,0.028463931855450497,0.0,0.9902303835298176,0.0125512891553386,0.9902303835298176,0.017250891379450406,6.44,0.9734870216103437,0.032994737552750876,0.9734870216103437,0.04495167262713311,70.0,0.8610082563851409,0.14581300860817417,0.8610082563851409,0.1323715023081488,22.7,0.9628495845885094,0.048901495053199774,0.9628495845885094,0.06652447708627184,69.8,0.9772955235709957,0.030596041080763012,0.9772955235709957,0.05123181008330828
34.1,0.9774929485181424,0.02878403559743787,0.9774929485181424,0.0409633785950626,894.0,0.9592135084580263,0.05179209025632891,0.9592135084580263,0.046740948746924096,33.0,0.9694438598404488,0.03810631019957053,0.9694438598404488,0.029126464111644386,-5.5,0.9902303835298176,0.012551289155337873,0.9902303835298176,0.018212390161079228,3.87,0.9721863522008555,0.0344154992935151,0.9721863522008555,0.04534105860413017,62.0,0.860753424198464,0.14606582630559067,0.860753424198464,0.1333767150900536,19.6,0.9616766585463659,0.05007099234688386,0.9616766585463659,0.06516115753657854,62.4,0.9761622628640512,0.032140547749750795,0.9761622628640512,0.05429770007061315
46.7,0.9761333047864675,0.030799257055771655,0.9761333047864675,0.0453755596370626,916.0,0.9579003632971459,0.05331156872500654,0.9579003632971459,0.04896670881881267,46.0,0.9683390482954511,0.03976876296479093,0.9683390482954511,0.030305322729892187,3.9,0.9904852157164944,0.012213936427948054,0.9904852157164944,0.016475600345472914,6.98,0.9710815406558575,0.03608710020192256,0.9710815406558575,0.0481207303027162,56.0,0.8630353833134057,0.14511626245523712,0.8630353833134057,0.13263054455995213,26.7,0.9603170148146911,0.052022157912691304,0.9603170148146911,0.06952760861305472,63.9,0.9787247780201306,0.028355106456751208,0.9787247780201306,0.04728333299030796
60.0,0.9746240398667737,0.03275103718562842,0.9746240398667737,0.04596900249416148,1912.0,0.9573478558170867,0.05402351898434971,0.9573478558170867,0.050716703326729645,52.0,0.9670600167003636,0.04086196630561575,0.9670600167003636,0.030197544879245423,-5.5,0.9904852157164944,0.012213936427946966,0.9904852157164944,0.015508632582378782,17.0,0.9699302305400654,0.03748916381167991,0.9699302305400654,0.04867645252113312,59.0,0.8651256628920247,0.14427099053646672,0.8651256628920247,0.1342364290808373,32.2,0.9591532289475069,0.053279513440896056,0.9591532289475069,0.07019487032227847,69.0,0.9803958779849132,0.026224987807192745,0.9803958779849132,0.044149685326239155
51.4,0.9733325106322447,0.03405151167457462,0.9733325106322447,0.047312159652977054,1987.0,0.9574749446364188,0.053920439715404306,0.9574749446364188,0.04885572471334708,50.0,0.9665221774425254,0.04142256240890644,0.9665221774425254,0.029015672466760397,-3.1,0.9904852157164944,0.012213936427947329,0.9904852157164944,0.014749688838491393,15.01,0.9686387013055363,0.038776638412923094,0.9686387013055363,0.04917446023688419,60.0,0.8661411327595232,0.14337641454483352,0.8661411327595232,0.13772211292104608,31.4,0.9568400569358463,0.05584012324070902,0.9568400569358463,0.0716970337798363,70.2,0.9799182473752527,0.02682448095798024,0.9799182473752527,0.044066529248490964
52.5,0.9731097122092611,0.03431712446907643,0.9731097122092611,0.048762832530389606,2103.0,0.9570626562750968,0.05427388145297131,0.9570626562750968,0.04804730398989837,19.0,0.9644018960300291,0.044215253733106315,0.9644018960300291,0.03248367107409511,0.0,0.9897099098134519,0.013250253202435136,0.9897099098134519,0.015510953678461068,16.36,0.9695476549860441,0.03781169975705101,0.9695476549860441,0.04894664596010355,62.0,0.8625893920203372,0.14554176384329237,0.8625893920203372,0.13846701771013048,31.8,0.9570948891225233,0.05552589362078366,0.9570948891225233,0.06978863176725741,70.2,0.9802581527703073,0.02647183919849171,0.9802581527703073,0.04319525521663494
17.3,0.9721992499253002,0.03558543624165718,0.9721992499253002,0.05096627372375058,1653.0,0.9583633256845849,0.05290362297963818,0.9583633256845849,0.04576057806250885,30.0,0.9632381101628447,0.045487920602086326,0.9632381101628447,0.03417341631230196,10.2,0.9888562749910421,0.014284744976368008,0.9888562749910421,0.015745547996171172,3.74,0.9705631248535425,0.036659117475899776,0.9705631248535425,0.04787951648691096,27.0,0.8640171502491577,0.1443813137193149,0.8640171502491577,0.13738476410726863,20.4,0.9570948891225233,0.05552589362078366,0.9570948891225233,0.0689700470546646,66.7,0.9812313925361335,0.025231310405254347,0.9812313925361335,0.040046039125580045
39.6,0.9714239440222575,0.03658361125677262,0.9714239440222575,0.05035568904250502,903.0,0.9558008105285055,0.0565413401965227,0.9558008105285055,0.04822266935486644,64.0,0.9632381101628447,0.045487920602086326,0.9632381101628447,0.033970861274560525,4.7,0.9893339056007023,0.013673492157721264,0.9893339056007023,0.013772889793174717,5.77,0.9709210796574445,0.036127157660556006,0.9709210796574445,0.0462408995577953,30.0,0.8678200096940122,0.13962343068176505,0.8678200096940122,0.12517104505097554,26.3,0.9608977485673776,0.04977469513534762,0.9608977485673776,0.05943666924757513,55.3,0.9812313925361335,0.025231310405254347,0.9812313925361335,0.03865618658816634
81.2,0.971047939809508,0.03698980811271856,0.971047939809508,0.051282428105265024,1679.0,0.95499367427689,0.05776346865957396,0.95499367427689,0.048479954921189256,66.0,0.9611945905870594,0.04741641435836358,0.9611945905870594,0.036823554392960776,0.0,0.9901875404231122,0.012637961825067288,0.9901875404231122,0.013255172968606165,20.14,0.9718943194232705,0.03490861454853842,0.9718943194232705,0.046419542324867,42.0,0.8678200096940122,0.13962343068176505,0.8678200096940122,0.12517104505097554,33.7,0.9616730544704201,0.04879860684279539,0.9616730544704201,0.059450719394490224,65.9,0.9808106602503663,0.025725857615159504,0.9808106602503663,0.041341632672286154
50.2,0.9693903978951318,0.03868770914032723,0.9693903978951318,0.05425333522798077,1405.0,0.9567740502943319,0.055363677514274644,0.9567740502943319,0.04696061942156564,55.0,0.9620017268386751,0.04617703680390817,0.9620017268386751,0.03825129797704677,3.9,0.9908631048955561,0.011795326051626306,0.9908631048955561,0.013310265769121242,10.45,0.969939102215512,0.03701937496539879,0.969939102215512,0.05036515344134032,46.0,0.8645225807115723,0.14149394375931948,0.8645225807115723,0.12721228541883817,29.0,0.9596132045954209,0.05093160939675931,0.9596132045954209,0.06307560479272727,68.2,0.9803330296407061,0.026325858396086237,0.9803330296407061,0.04388878030991968
61.6,0.9676100218776899,0.041152532516248765,0.9676100218776899,0.05794741556098468,1617.0,0.9559669140427163,0.056588142161880066,0.9559669140427163,0.04960853992927986,39.0,0.9613261623662311,0.04697049176219475,0.9613261623662311,0.03846914289954983,-3.1,0.9913407355052163,0.011181605370672615,0.9913407355052163,0.013084126833107458,14.88,0.9688058415085677,0.038544200759980184,0.9688058415085677,0.05227935067388553,56.0,0.8600780093102068,0.14468463621023145,0.8600780093102068,0.12708614359308684,31.4,0.9587027423114597,0.05216565307825486,0.9587027423114597,0.06448900629205458,68.6,0.9788237647210121,0.02829334508412553,0.9788237647210121,0.04550523754935363
46.7,0.9664767611707453,0.0426686436869059,0.9664767611707453,0.059228957791407605,1932.0,0.9544326520100439,0.05943368080745558,0.9544326520100439,0.055612215342156684,45.0,0.9620690125325284,0.04642954990073007,0.9620690125325284,0.039852427876565864,3.1,0.9904871006828065,0.012219622175612338,0.9904871006828065,0.015640865413598878,13.21,0.9690286399315512,0.038280804206249616,0.9690286399315512,0.05222050651558781,61.0,0.8563992279051058,0.14684197564647689,0.8563992279051058,0.12773613252647195,30.6,0.9598360030184042,0.05067375659204239,0.9598360030184042,0.0632499845923044,71.0,0.9782859254631739,0.028868220190285857,0.9782859254631739,0.044912905896593386
31.0,0.9678364049024202,0.0406908807183564,0.9678364049024202,0.05603059089608829,1943.0,0.952230660491554,0.06188500915092963,0.952230660491554,0.05483075943884652,32.0,0.9626068517903663,0.04587454722316603,0.9626068517903663,0.040179842066740704,7.0,0.991262406585849,0.011181669230410576,0.991262406585849,0.01439298426911021,5.38,0.9692514383545345,0.03801728245654262,0.9692514383545345,0.05519032385563677,60.0,0.8587648641493263,0.14588952377599862,0.8587648641493263,0.12447694409255271,22.7,0.9598360030184042,0.05067375659204204,0.9598360030184042,0.06692983543461467,69.8,0.9776103609907301,0.029688157575039724,0.9776103609907301,0.045700195570463585
34.5,0.968193277407308,0.040405847485740665,0.968193277407308,0.056253792495580685,809.0,0.9513201982075928,0.06309833031127272,0.9513201982075928,0.05671435513860339,35.0,0.9626068517903663,0.04587454722316603,0.9626068517903663,0.03785953365637542,3.9,0.991262406585849,0.011181669230410576,0.991262406585849,0.012883473998033487,3.95,0.9694812220400904,0.037837492377153836,0.9694812220400904,0.054228821400811554,53.0,0.8624022992990759,0.14372550556486044,0.8624022992990759,0.12376088362191565,20.0,0.9600518161788155,0.05051693682517709,0.9600518161788155,0.06551629082363081,58.0,0.9780879916003903,0.029091536401858263,0.9780879916003903,0.044114546714458865
38.8,0.968193277407308,0.0404058474857396,0.968193277407308,0.055082309799875766,798.0,0.948595848006425,0.06683018241232319,0.948595848006425,0.06016298934619693,32.0,0.9623091764969841,0.04627601552222313,0.9623091764969841,0.04100873196754275,1.6,0.9910396081628656,0.011457600916818885,0.9910396081628656,0.013718402200348687,4.02,0.9687205843592687,0.03866462850812144,0.9687205843592687,0.0545510449210931,34.0,0.8642719700526955,0.14303852383533694,0.8642719700526955,0.1227097245238467,20.4,0.9591428624983079,0.05145968877274951,0.9591428624983079,0.06631151620165544,55.7,0.9782498266454789,0.028929424815605047,0.9782498266454789,0.04385720857944939
32.9,0.9694939468167961,0.03899933964816294,0.9694939468167961,0.051708263969861494,800.0,0.9489357534014793,0.06650374827478239,0.9489357534014793,0.0583999159320069,38.0,0.9636098459064721,0.04488663967780346,0.9636098459064721,0.03917777183519783,2.3,0.9910396081628656,0.011457600916818885,0.9910396081628656,0.014438044598332252,3.88,0.9694812220400904,0.03783749237715312,0.9694812220400904,0.05398518349191921,0.0,0.8659796740772933,0.14242451550718163,0.8659796740772933,0.12176154439424167,20.4,0.9598290177558322,0.05077488930243992,0.9598290177558322,0.06498665978055147,54.9,0.9779099212504246,0.02928045226512551,0.9779099212504246,0.04435044546190461
58.0,0.9700927494525294,0.03833092415432509,0.9700927494525294,0.0505247476575794,1004.0,0.9511377449199695,0.06407259109099449,0.9511377449199695,0.056937842121463356,42.0,0.9636098459064721,0.04488663967780311,0.9636098459064721,0.03939803734158487,3.1,0.9904871006828065,0.012219622175612338,0.9904871006828065,0.015514787771589482,8.69,0.9694812220400904,0.037837492377153836,0.9694812220400904,0.05426982781104286,11.0,0.8680255058076759,0.1415759897789144,0.8680255058076759,0.1230557541530383,27.8,0.959276510275773,0.0514898577695947,0.959276510275773,0.06471397354384821,57.6,0.9772343567779808,0.03009977417655192,0.9772343567779808,0.04636091395983643
16.5,0.9716391108737351,0.03671638586908577,0.9716391108737351,0.048249269965347015,1549.0,0.9511377449199695,0.06407259109099449,0.9511377449199695,0.056937842121463356,41.0,0.9636098459064721,0.04488663967780311,0.9636098459064721,0.03939803734158487,-0.8,0.9901291458789044,0.012771477632523938,0.9901291458789044,0.016031674415091412,3.01,0.9721323950062942,0.03455191154491559,0.9721323950062942,0.04961713588978211,18.0,0.8709347034351674,0.1399786030332137,0.8709347034351674,0.1241178999033353,24.3,0.959276510275773,0.0514898577695947,0.959276510275773,0.06471397354384821,60.8,0.9768944513829262,0.0304500091576612,0.9768944513829262,0.04708509256652369
48.6,0.9722947409710193,0.03577494141971277,0.9722947409710193,0.046663717895204286,1755.0,0.9498462156854403,0.06529703565283458,0.9498462156854403,0.05753161172890853,20.0,0.9636098459064721,0.04488663967780311,0.9636098459064721,0.03939803734158487,0.8,0.9904871006828065,0.012219622175612338,0.9904871006828065,0.014850997540505718,12.7,0.9721323950062942,0.03455191154491559,0.9721323950062942,0.048698557320801604,22.0,0.8687861434884976,0.14093161885322522,0.8687861434884976,0.12696018406411075,30.2,0.959276510275773,0.0514898577695947,0.959276510275773,0.060791714722678726,70.2,0.9758789815154278,0.031617071358553794,0.9758789815154278,0.04711449485741711
36.9,0.9727829623657599,0.035289467466624376,0.9727829623657599,0.0460185265013046,809.0,0.9504450183211733,0.06465972261125409,0.9504450183211733,0.056853719141490996,32.0,0.9616535463996998,0.047200132001127985,0.9616535463996998,0.042673356236280074,3.1,0.9907847759761887,0.011795340513658374,0.9907847759761887,0.015098245842546466,4.07,0.9736416599259882,0.032608168824583936,0.9736416599259882,0.044847838642357946,4.0,0.8670772631548279,0.14316566246121135,0.8670772631548279,0.13179965369192145,20.4,0.9620008604769408,0.04766824890326149,0.9620008604769408,0.05415893968177337,56.1,0.9767326163378377,0.0306116309231552,0.9767326163378377,0.04582402988301084
40.4,0.972604892015794,0.03547616632421319,0.972604892015794,0.046188306494614154,789.0,0.9475723521203193,0.06851313422078718,0.9475723521203193,0.05795850070236663,33.0,0.9605487348547017,0.048838061526511545,0.9605487348547017,0.0454311835575027,1.6,0.9907847759761887,0.011795340513658374,0.9907847759761887,0.014136747060917644,4.38,0.9732209276402211,0.033095533361137484,0.9732209276402211,0.04578604515113091,0.0,0.8674598387088494,0.1429270257857406,0.8674598387088494,0.13222832804727944,20.8,0.9630541107133263,0.04588825196717194,0.9630541107133263,0.04874470567710435,53.7,0.9767326163378377,0.0306116309231552,0.9767326163378377,0.04400636506097767
40.0,0.9727829623657599,0.035289467466624376,0.9727829623657599,0.0460185265013046,793.0,0.9464210420045273,0.0698397181191761,0.9464210420045273,0.057629894933600545,38.0,0.9587600474655932,0.05043731160975421,0.9587600474655932,0.04559297951431603,2.3,0.9898743136922278,0.013108563297772146,0.9898743136922278,0.01617893955485336,4.39,0.9734188615030047,0.03287420123346531,0.9734188615030047,0.045551189413317296,1.0,0.8666367999090213,0.1435557370423319,0.8666367999090213,0.1314465626879263,20.8,0.9626333784275592,0.046364204616032176,0.9626333784275592,0.05014500668882124,52.5,0.9760464610803132,0.03132393163237933,0.9760464610803132,0.04483637041685188
74.1,0.9737562021315861,0.03406761319034091,0.9737562021315861,0.04196241369275791,795.0,0.9464210420045273,0.0698397181191761,0.9464210420045273,0.057629894933600545,26.0,0.958462372172211,0.050835644778111706,0.958462372172211,0.04539730954426409,-10.2,0.9898743136922278,0.013108563297772146,0.9898743136922278,0.016967368389924863,8.35,0.9729412308933446,0.03346598086043139,0.9729412308933446,0.04438517032360636,14.0,0.865225594868734,0.14545414417984384,0.865225594868734,0.13474471462641466,28.2,0.9610509362729011,0.04858150972971503,0.9610509362729011,0.04933054983440055,51.8,0.9744481163774429,0.03316178791123938,0.9744481163774429,0.04677805841900216
52.2,0.9745633383832017,0.03279995387258276,0.9745633383832017,0.0384486373298295,1798.0,0.9450183322768279,0.07112802425495966,0.9450183322768279,0.058449249694272294,19.0,0.9576087373498011,0.05180323856612936,0.9576087373498011,0.04555503840300204,-4.7,0.99102562380802,0.011647536805152726,0.99102562380802,0.014197665353472355,13.72,0.9719679911275183,0.03468735627026935,0.9719679911275183,0.042832562334001366,23.0,0.8631797631383513,0.14628859785505113,0.8631797631383513,0.1353111634877642,29.4,0.9600776965070748,0.04977181285738227,0.9600776965070748,0.04722553818426681,70.6,0.974806071181345,0.03262630682466572,0.974806071181345,0.046162236126758786
32.5,0.9737562021315861,0.03406761319034091,0.9737562021315861,0.039582720592170155,867.0,0.9455065536715684,0.07067544930597977,0.9455065536715684,0.05945048948565947,33.0,0.9573539051631244,0.052118643455243314,0.9573539051631244,0.04614868211071223,-6.2,0.99102562380802,0.011647536805152726,0.99102562380802,0.014197665353472355,4.39,0.9736934246497209,0.03274912635297154,0.9736934246497209,0.0395222447906665,7.0,0.8641298907575115,0.14558801126677387,0.8641298907575115,0.13836603866183156,20.8,0.9619217332216629,0.04779304223387023,0.9619217332216629,0.04489082923530013,68.2,0.9772115521358312,0.029512889306012428,0.9772115521358312,0.04234824574212675
36.9,0.9725924162644017,0.035365798015093146,0.9725924162644017,0.04152514844590827,786.0,0.9466578637873605,0.06935132747990211,0.9466578637873605,0.060119246113689136,35.0,0.9589197941292494,0.05078283580335555,0.9589197941292494,0.04650106950699867,1.6,0.9904877845501817,0.012239001314179944,0.9904877845501817,0.01457557893378028,4.1,0.9736934246497209,0.03274912635297154,0.9736934246497209,0.037201936380301226,0.0,0.8642667742998152,0.14549861214088858,0.8642667742998152,0.13671089068826414,20.4,0.9611464273186202,0.048770213970678475,0.9611464273186202,0.043996615580596865,58.0,0.9785427467055593,0.027739990833770028,0.9785427467055593,0.03756171575809795
45.1,0.9729684204771512,0.034958281983293926,0.9729684204771512,0.042723323834245215,827.0,0.9451485988676664,0.07117969332185586,0.9451485988676664,0.0614942993458421,52.0,0.9589197941292494,0.05078283580335555,0.9589197941292494,0.04650106950699867,-2.3,0.9901901092567995,0.01266302029753657,0.9901901092567995,0.014664529093305368,4.93,0.974292227285454,0.03207376540179047,0.974292227285454,0.03755704227707319,5.0,0.8632209370770038,0.14632638562245834,0.8632209370770038,0.13714903935815478,22.0,0.9619070649994418,0.04795801375828973,0.9619070649994418,0.04486911822324069,48.2,0.9780957121184808,0.028166529187969042,0.9780957121184808,0.03576702386874939
63.9,0.9721147856547415,0.035955823959703266,0.9721147856547415,0.04353396384047462,1274.0,0.947461770879327,0.06869115337829616,0.947461770879327,0.06007880298362641,21.0,0.9575601503975748,0.05272698392276868,0.9575601503975748,0.045071331287011025,4.7,0.9892811555762917,0.013673102439460318,0.9892811555762917,0.014882006375340477,11.39,0.973140917169662,0.03348549528888727,0.973140917169662,0.04038063074866064,22.0,0.8664305546745709,0.14449488070153263,0.8664305546745709,0.13696286259525492,30.2,0.9605939198385612,0.049487396902690876,0.9605939198385612,0.047090522388511455,56.1,0.9784356175135351,0.027815044096811764,0.9784356175135351,0.036934865490183516
54.1,0.9708232564202123,0.03724846410369126,0.9708232564202123,0.044800124320123744,1899.0,0.9458042289649506,0.0702891747381312,0.9458042289649506,0.060467612813616886,20.0,0.9575601503975748,0.05272698392276868,0.9575601503975748,0.045071331287011025,0.8,0.9882656857087936,0.014872997118019952,0.9882656857087936,0.01616298358809238,14.76,0.9711824708022542,0.03615622142222201,0.9711824708022542,0.0415687418854757,25.0,0.8664305546745709,0.14449488070153263,0.8664305546745709,0.13696286259525492,31.4,0.9586354734711535,0.05208924380748485,0.9586354734711535,0.047440328585191004,70.6,0.9784356175135351,0.02781504409681105,0.9784356175135351,0.037163695217047876
42.4,0.9708232564202123,0.03724846410369161,0.9708232564202123,0.04620605481169258,805.0,0.9462249612507178,0.06983289673482497,0.9462249612507178,0.05980310383383287,36.0,0.9553736394542449,0.055970498597749135,0.9553736394542449,0.04910305383258475,0.0,0.9882656857087936,0.014872997118020315,0.9882656857087936,0.01752607480759432,4.7,0.9720929330862151,0.0348898396884625,0.9720929330862151,0.03896104483859271,0.0,0.8664305546745709,0.14449488070153263,0.8664305546745709,0.13696286259525492,21.6,0.9595459357551147,0.050855221011979285,0.9595459357551147,0.04491839796524767,57.3,0.9768531753588768,0.03010129166210968,0.9768531753588768,0.03859681275204839
80.0,0.9719280679652103,0.035578650775874,0.9719280679652103,0.045599206897781755,1939.0,0.9480443772151868,0.06771994470286989,0.9480443772151868,0.05959827098794955,37.0,0.9544003996884186,0.05714565257141167,0.9544003996884186,0.05137807291375481,3.1,0.9880108535221166,0.015208893932650841,0.9880108535221166,0.018366002703554055,23.25,0.9720929330862151,0.0348898396884625,0.9720929330862151,0.03896104483859271,37.0,0.8648962926418988,0.14689990714872836,0.8648962926418988,0.1482022258892672,34.9,0.9595459357551147,0.050855221011979285,0.9595459357551147,0.04491839796524767,67.8,0.9768531753588768,0.03010129166210896,0.9768531753588768,0.037023102071324615
64.3,0.9714788865174966,0.036308210561862675,0.9714788865174966,0.047197718612881835,1825.0,0.9491776379221312,0.06626458584744521,0.9491776379221312,0.05952910287058683,71.0,0.9506479997789636,0.06167704414337711,0.9506479997789636,0.05598569685152011,-2.3,0.9891746393893011,0.013865080236807322,0.9891746393893011,0.016468248996016687,16.26,0.9712857968345997,0.03615240977227256,0.9712857968345997,0.03965603943392347,44.0,0.8629399931351261,0.1487254222354572,0.8629399931351261,0.15272222315322181,32.2,0.9575822232347682,0.05385379005983642,0.9575822232347682,0.047801679749218076,72.5,0.9744687305527634,0.03368727226459137,0.9744687305527634,0.0442049221613617
23.5,0.9718996188032637,0.03582316063382925,0.9718996188032637,0.04737358644142665,1872.0,0.9497301454021904,0.06556636773586924,0.9497301454021904,0.05948589775508724,56.0,0.9506479997789639,0.061677044143377116,0.9506479997789639,0.0541827869163144,-3.1,0.9894723146826833,0.013441865517383874,0.9894723146826833,0.016634065953950786,7.11,0.9684131306337453,0.0401833773683304,0.9684131306337453,0.043984838802917134,49.0,0.8586255639925612,0.15184861867327232,0.8586255639925612,0.1525425001101361,29.8,0.9548578730336004,0.057638952979859236,0.9548578730336004,0.05108285748839865,54.1,0.9735582682688024,0.03495803512808426,0.9735582682688024,0.04640311078196647
71.0,0.9730328795102082,0.034290011021467656,0.9730328795102082,0.045018060232854304,1698.0,0.950223901449382,0.06518234023248522,0.950223901449382,0.06094266901276378,48.0,0.9522463444818342,0.05993463397167338,0.9522463444818342,0.052339851996514385,-8.6,0.9904455544485096,0.012176379892958097,0.9904455544485096,0.014935073634480272,17.64,0.9676378247307029,0.04117375936286596,0.9676378247307029,0.04553619058842383,54.0,0.8566721679562458,0.15257673703382738,0.8566721679562458,0.15042036790042151,32.5,0.9550558068963837,0.05742714023278433,0.9550558068963837,0.05087447038336051,67.1,0.9761207834248818,0.031190531473395913,0.9761207834248818,0.04077847821090224
18.4,0.9719280679652103,0.035963279728442606,0.9719280679652103,0.0467355205482687,1758.0,0.9512926322609274,0.06420948486963489,0.9512926322609274,0.0604474886583246,19.0,0.9539552248155038,0.05727932052165374,0.9539552248155038,0.04669558451943966,0.0,0.9913560167324705,0.01086152915480864,0.9913560167324705,0.013264820017220008,4.7,0.9699064221428852,0.038226445638448826,0.9699064221428852,0.042583348610703786,44.0,0.8568502383062115,0.15243828218915276,0.8568502383062115,0.15592659747359194,22.4,0.9561090571327692,0.055671497863157345,0.9561090571327692,0.05025705020759115,63.1,0.9767963478973255,0.030372944882942624,0.9767963478973255,0.04129704560862095
39.6,0.9715701131613083,0.03649587944192995,0.9715701131613083,0.04803903428829035,805.0,0.9496942875580567,0.06594276270696892,0.9496942875580567,0.06315847074266193,34.0,0.9526545554060157,0.05863663925336359,0.9526545554060157,0.04839868216267718,-0.8,0.9913560167324705,0.01086152915480864,0.9913560167324705,0.01460746363557893,4.25,0.9703840527525456,0.03763895790870357,0.9703840527525456,0.03983585920976083,30.0,0.8552518936033411,0.15381199510481128,0.8552518936033411,0.15640688115093523,20.4,0.9547778625630412,0.0573630552681286,0.9547778625630412,0.04847675223612916,55.7,0.9773488553773847,0.029631908399120614,0.9773488553773847,0.03912969122018699
42.4,0.9708945486888644,0.03730460566081032,0.9708945486888644,0.04982424849566243,856.0,0.9483630929883288,0.06760751356962731,0.9483630929883288,0.06164428710505605,60.0,0.9533301198784596,0.05785920751840846,0.9533301198784596,0.047240461417652306,3.9,0.9904470630519628,0.011874480839039426,0.9904470630519628,0.015445686887517712,4.89,0.9688016105978874,0.03988959714510035,0.9688016105978874,0.04289112650716355,34.0,0.8552518936033411,0.15381199510481128,0.8552518936033411,0.15640688115093523,23.9,0.9543571302772741,0.057829513292657314,0.9543571302772741,0.05072164538159266,58.8,0.9775106904224733,0.02947001605465332,0.9775106904224733,0.04013352893210771
100.0,0.9695814035279838,0.03886392542137005,0.9695814035279838,0.05023742601921658,1174.0,0.9474526307043677,0.06880992633433745,0.9474526307043677,0.06268722796263958,99.0,0.952217384400251,0.05868312202171547,0.952217384400251,0.04825403006107664,-0.8,0.9889856018913963,0.013645604455058764,0.9889856018913963,0.016582583496571414,19.47,0.967786140730389,0.04103655984702292,0.967786140730389,0.042011422005229025,39.0,0.8552518936033411,0.15381199510481128,0.8552518936033411,0.15640688115093523,52.9,0.9531933444100896,0.059071188802616297,0.9531933444100896,0.05334441293419833,50.6,0.9786620005382655,0.028046870251863063,0.9786620005382655,0.037415061070763686
19.2,0.9689773347393121,0.03993908620880237,0.9689773347393121,0.051562974263192986,2008.0,0.9459062692831619,0.07032888147470884,0.9459062692831619,0.06375004301374967,27.0,0.9525933886130006,0.058293926059547585,0.9525933886130006,0.04597811084248029,0.0,0.9878523411844516,0.015228874884472499,0.9878523411844516,0.018296431205562715,5.61,0.9655841492118991,0.04356793770837984,0.9655841492118991,0.045010198969006106,55.0,0.8552518936033411,0.15381199510481128,0.8552518936033411,0.15640688115093523,23.5,0.9538489745073738,0.05816393048765349,0.9538489745073738,0.051672914249338474,63.5,0.9804423765557073,0.025528385415736245,0.9804423765557073,0.03307187907261021
100.0,0.9697526406423548,0.03894625518362562,0.9697526406423548,0.049740896722794956,1397.0,0.9465989958819581,0.0697491544726719,0.9465989958819581,0.06433947956731098,54.0,0.9538940580224888,0.05693623669167586,0.9538940580224888,0.04284417301664888,2.3,0.9872998337043927,0.0159862936075226,0.9872998337043927,0.018647839569196797,21.64,0.9663594551149416,0.04258171848450488,0.9663594551149416,0.041111680625802255,44.0,0.857652324226735,0.15278376575446936,0.857652324226735,0.15298432779326535,36.5,0.9565733247085418,0.05438460220662686,0.9565733247085418,0.04893349776676202,55.7,0.9804423765557073,0.025528385415736245,0.9804423765557073,0.03454190611280174
13.7,0.9702302712520149,0.03835922105089519,0.9702302712520149,0.04721368541572469,1413.0,0.9480267541107784,0.06831675112368533,0.9480267541107784,0.06568703034979051,32.0,0.9543716886321492,0.056368438056888445,0.9543716886321492,0.045090387255686044,-1.6,0.9877774643140529,0.015376847322893917,0.9877774643140529,0.016891008516751214,3.3,0.9674642666599393,0.04092606200176039,0.9674642666599393,0.03887271397150543,33.0,0.8586255639925612,0.15184861867327232,0.8586255639925612,0.15030233941909052,20.4,0.9577462507506854,0.05322724226346884,0.9577462507506854,0.04905334924951761,74.5,0.9792910664399153,0.02695720065198149,0.9792910664399153,0.037128739508167356
34.9,0.9709058357244588,0.03755181761093913,0.9709058357244588,0.04677148820193888,808.0,0.9478996652914463,0.06841674121382882,0.9478996652914463,0.06786348782099068,33.0,0.9563301349995569,0.053787868981329194,0.9563301349995569,0.0427370328350603,-2.3,0.9880322965007299,0.015041075016563928,0.9880322965007299,0.017524589271346883,3.96,0.9677619419533217,0.04052064465984383,0.9677619419533217,0.03830729063087448,13.0,0.8584984751732291,0.1519249969523237,0.8584984751732291,0.14921743647474567,20.0,0.9581932853377639,0.052821812557824074,0.9581932853377639,0.04869933350629802,55.7,0.978317826674089,0.028193459591808467,0.978317826674089,0.03956469340708383
40.0,0.9712159867692334,0.0372540694095908,0.9712159867692334,0.04677646003869486,805.0,0.9478996652914463,0.06841674121382882,0.9478996652914463,0.06759324952285395,32.0,0.9554196727155957,0.05501463605042283,0.9554196727155957,0.04708598648213689,1.6,0.9875546658910694,0.015650844760062427,0.9875546658910694,0.018752436445506292,4.31,0.9677619419533217,0.04052064465984383,0.9677619419533217,0.03871939313781539,33.67243525896414,0.859321513973057,0.15131277916750607,0.859321513973057,0.1500822007868617,20.4,0.9585034363825387,0.05253322048245645,0.9585034363825387,0.050714405276404154,52.9,0.9791714614964988,0.02718238334275551,0.9791714614964988,0.03916174992517131
34.5,0.9718915512416773,0.03644502329755495,0.9718915512416773,0.045404605473072325,821.0,0.9478996652914463,0.06841674121382882,0.9478996652914463,0.06759324952285395,31.0,0.9542683625998037,0.05636985947329049,0.9542683625998037,0.049327535326019155,3.9,0.9875546658910694,0.015650844760062066,0.9875546658910694,0.018954991483247727,3.84,0.9674039871494197,0.041049161080071665,0.9674039871494197,0.038616545619462476,0.0,0.8599255827617286,0.1504434992047094,0.8599255827617286,0.15017255448908906,20.0,0.9589526178302521,0.05182145534981887,0.9589526178302521,0.05081892973715868,57.6,0.9791714614964988,0.02718238334275551,0.9791714614964988,0.039704838379377425
41.2,0.9734379126628832,0.034824269176499244,0.9734379126628832,0.04357835542400646,789.0,0.9513923736915261,0.06305950966935063,0.9513923736915261,0.056677497383850244,98.0,0.9546263174037057,0.055854678882872946,0.9546263174037057,0.048470097055524235,-1.6,0.9872998337043927,0.0159862936075226,0.9872998337043927,0.01874382502408189,4.52,0.9682576219718293,0.04006124984454275,0.9682576219718293,0.04088196110569944,5.0,0.8608557760057293,0.14893447324615514,0.8608557760057293,0.13962023006628974,20.8,0.959806252652662,0.0508523916311329,0.959806252652662,0.04973374918860653,59.6,0.9787954572837492,0.027595656157326877,0.9787954572837492,0.03970215774898235
63.1,0.9739155432725435,0.03423283729448279,0.9739155432725435,0.042901741900840284,1405.0,0.9529016386112201,0.06120470737764079,0.9529016386112201,0.05762646492468388,49.0,0.9546263174037057,0.055854678882872946,0.9546263174037057,0.048470097055524235,5.5,0.9875546658910694,0.015650844760062066,0.9875546658910694,0.017157271055364392,13.54,0.9667961608112629,0.0417492965426137,0.9667961608112629,0.04374347016149839,18.0,0.8606009438190523,0.1491863068464253,0.8606009438190523,0.14056190649385517,31.4,0.9601631251575498,0.05057375064952706,0.9601631251575498,0.04933938542383726,58.4,0.9787954572837492,0.027595656157326877,0.9787954572837492,0.03970215774898235
67.1,0.971646945860361,0.037202403392053954,0.971646945860361,0.04401469745601195,1712.0,0.9520480037888105,0.06215686644435307,0.9520480037888105,0.05779394519072327,21.0,0.9546263174037057,0.055854678882872946,0.9546263174037057,0.048470097055524235,-7.0,0.9885279056568955,0.014390037533927702,0.9885279056568955,0.016287993832197166,17.16,0.9633034524111829,0.04727802253409039,0.9633034524111829,0.04885492348144108,27.0,0.8582005131956585,0.1502310547895911,0.8582005131956585,0.14398445985152505,32.5,0.9586538602378557,0.05246089334289673,0.9586538602378557,0.0483188049454305,67.8,0.9774823121228686,0.029181526356690565,0.9774823121228686,0.04267167851758979
22.4,0.9723025759576452,0.03626127890286118,0.9723025759576452,0.04123786818107762,1048.0,0.9497066055045226,0.06618866626162764,0.9497066055045226,0.06180009184336792,34.0,0.9526700178969332,0.05812237366477771,0.9526700178969332,0.05139681324542599,-3.1,0.98969169152408,0.01304453864483808,0.98969169152408,0.014382821327290966,2.69,0.9624963161595672,0.04851826087716856,0.9624963161595672,0.05103671824319443,23.0,0.8570492030798664,0.1513062099138882,0.8570492030798664,0.14146969216973884,18.8,0.9582959054339537,0.05297969188218323,0.9582959054339537,0.04864167042196977,58.0,0.9790806568257392,0.027331110490011867,0.9790806568257392,0.04204184136983807
37.3,0.9730547697140217,0.03554709105362958,0.9730547697140217,0.04072081985397899,780.0,0.9457668625173642,0.07191494235064007,0.9457668625173642,0.06929075887583322,32.0,0.952670017896933,0.058122373664777696,0.952670017896933,0.053197001019426364,-3.9,0.9890161270516361,0.013885305815726988,0.9890161270516361,0.01430120123267856,4.14,0.9640426775807731,0.046933672378275296,0.9640426775807731,0.04852159487424286,15.0,0.858212988947051,0.15033022587768138,0.858212988947051,0.13887582633145726,20.4,0.9591030416855695,0.051748974947032456,0.9591030416855695,0.04552314379367688,55.3,0.9775713919060451,0.02929442653556065,0.9775713919060451,0.04469411529728975
41.6,0.9717416245531412,0.03711248117337099,0.9717416245531412,0.04496491496369471,805.0,0.9436465811048679,0.07457522132888776,0.9436465811048679,0.0727051623960438,50.0,0.9550958985360223,0.05579050880932677,0.9550958985360223,0.05163192522522471,3.1,0.9878523411844518,0.015228874884472138,0.9878523411844518,0.015378336395095171,4.64,0.962891367464981,0.04831198467413509,0.962891367464981,0.05334755826824904,5.0,0.8599206929716487,0.14973899567734472,0.8599206929716487,0.13776067695352084,21.2,0.9584274772131256,0.05253591690426758,0.9584274772131256,0.04922481008771232,53.3,0.9759730472031746,0.031138637469530415,0.9759730472031746,0.04520526550898719
37.6,0.9696582362270365,0.03956920277832431,0.9696582362270365,0.04789877806507406,806.0,0.9428712752018255,0.07551033035052275,0.9428712752018255,0.07371463980981721,36.0,0.9558712044390648,0.0548256789722653,0.9558712044390648,0.05187317348644397,-0.8,0.9871967110871673,0.016199795910852403,0.9871967110871673,0.01582040469727204,5.31,0.9607710860524847,0.05107830676456911,0.9607710860524847,0.05570159361644861,12.0,0.8618296411597276,0.14900700926120616,0.8618296411597276,0.13895432528807705,23.1,0.9563071958006293,0.05527905209209392,0.9563071958006293,0.050476358456601776,62.7,0.9766286773004589,0.030189029179355037,0.9766286773004589,0.04215604343052181
46.7,0.9702107437070955,0.03883907042368814,0.9702107437070955,0.04507702921092733,2318.0,0.9422292031549476,0.0760132274446434,0.9422292031549476,0.07368184856776004,32.0,0.9558712044390648,0.0548256789722653,0.9558712044390648,0.054291714166869356,5.5,0.9858960416776791,0.017663954977318624,0.9858960416776791,0.017279676688720123,7.4,0.959862132371977,0.05202130626964747,0.959862132371977,0.0543971805978276,20.0,0.8649936709738959,0.14719887872668164,0.8649936709738959,0.13858483128829482,25.9,0.9551434099334449,0.05652665972865533,0.9551434099334449,0.0496503486551943,71.8,0.9756132074329604,0.03135602766400354,0.9756132074329604,0.044350590631679246
36.5,0.9702107437070955,0.03883907042368814,0.9702107437070955,0.043945495675099075,1720.0,0.9418531989421981,0.07639061272486995,0.9418531989421981,0.07332059270172143,24.0,0.9572308481707397,0.05288820444142923,0.9572308481707397,0.052251134712691105,1.6,0.9842976969748085,0.019543564682085256,0.9842976969748085,0.019193877778925932,9.38,0.9582637876691067,0.05379245639702861,0.9582637876691067,0.0539592215757633,23.0,0.8649936709738959,0.14719887872668164,0.8649936709738959,0.13858483128829482,27.8,0.9540975727106334,0.05757428542845759,0.9540975727106334,0.048960215760422796,72.9,0.975953112828015,0.03100659533649829,0.975953112828015,0.04315231447938792
18.0,0.9702107437070955,0.03883907042368814,0.9702107437070955,0.043945495675099075,1217.0,0.9421080311288749,0.07608733327925936,0.9421080311288749,0.07265774517815,32.0,0.9562576084049134,0.05406900061701656,0.9562576084049134,0.056496316750647174,-3.9,0.9840000216814262,0.01996267774592403,0.9840000216814262,0.0195401660734605,3.47,0.957966112375724,0.05418952486092561,0.957966112375724,0.055361129975370044,19.0,0.864318106501452,0.14782645800463756,0.864318106501452,0.1434539268828906,18.8,0.9549512075330432,0.056615738743635194,0.9549512075330432,0.048392922798304795,62.7,0.9763738451137821,0.03051688243988473,0.9763738451137821,0.04261616594790641
37.3,0.9718818436718782,0.03674635330142608,0.9718818436718782,0.041915759240763475,801.0,0.9422449146711787,0.07597578044727159,0.9422449146711787,0.07259344065406083,34.0,0.9557799777952531,0.0546391817634775,0.9557799777952531,0.05605908463487549,-4.7,0.9843579764853282,0.019416910475847374,0.9843579764853282,0.02065615822112875,4.1,0.9581889107987076,0.053932912866664434,0.9581889107987076,0.054475060211499206,10.0,0.864318106501452,0.14782645800463756,0.864318106501452,0.1434539268828906,20.4,0.9564604724527372,0.05474307870477142,0.9564604724527372,0.043803075253173875,56.1,0.9753583752462839,0.0316832187292306,0.9753583752462839,0.04325113654212275
36.5,0.9727923059558392,0.035479564528315216,0.9727923059558392,0.038837834748047466,816.0,0.9422449146711787,0.07597578044727159,0.9422449146711787,0.07259344065406083,32.0,0.9557799777952531,0.0546391817634775,0.9557799777952531,0.05605908463487549,1.6,0.9850136065826126,0.01845098422743814,0.9850136065826126,0.018952575404861893,4.02,0.9581889107987076,0.053932912866664434,0.9581889107987076,0.054475060211499206,33.67243525896414,0.8682578494886104,0.1429912216947589,0.8682578494886104,0.13609486760251793,20.4,0.9564604724527372,0.05474307870477142,0.9564604724527372,0.043803075253173875,56.1,0.9744082476271236,0.0326239227691882,0.9744082476271236,0.04227671757712744
72.9,0.973047138142516,0.03515427214202505,0.973047138142516,0.036868344456346513,2104.0,0.9427974221512379,0.07528891885286267,0.9427974221512379,0.0716867113228757,61.0,0.9566336126176629,0.05367614348718645,0.9566336126176629,0.05458022116345685,3.1,0.9841031442986516,0.01975027204691621,0.9841031442986516,0.019785732377007502,24.7,0.9578309559948058,0.054450890775537775,0.9578309559948058,0.05281106731884959,23.0,0.8648632009679371,0.14922081931068448,0.8648632009679371,0.17597091945214768,34.9,0.9550327142239169,0.056210330063400614,0.9550327142239169,0.04373444740998091,67.1,0.9744082476271236,0.0326239227691882,0.9744082476271236,0.04227671757712744
41.6,0.973047138142516,0.03515427214202505,0.973047138142516,0.03521081688636552,846.0,0.9434394941981156,0.07478516297938015,0.9434394941981156,0.07265231045193767,34.0,0.9555288010726648,0.05529746594878031,0.9555288010726648,0.056815388040834205,3.9,0.9837451894947497,0.020295773063545648,0.9837451894947497,0.022038158525550366,4.46,0.9571753258975215,0.05536481395127587,0.9571753258975215,0.05222748400992866,18.0,0.8659164512043225,0.1477551591511673,0.8659164512043225,0.1698291496747405,20.4,0.9522703607645426,0.059455258985361074,0.9522703607645426,0.044581177495882036,63.9,0.9744082476271236,0.0326239227691882,0.9744082476271236,0.04227671757712744
36.1,0.9719138774355714,0.03668643885525182,0.9719138774355714,0.036829258898779076,814.0,0.9447526393589961,0.0733207022217981,0.9447526393589961,0.07192292770410803,32.0,0.9552739688859883,0.055611193751483004,0.9552739688859883,0.058191731401179184,-3.9,0.9834475142013674,0.020714416547180477,0.9834475142013674,0.022989055843329997,4.12,0.9543026596966676,0.05927625316078968,0.9543026596966676,0.05753006883290446,10.0,0.8625500289562765,0.15124582211802948,0.8625500289562765,0.1782928512405766,27.23618212807402,0.950561480430873,0.06210160634815805,0.950561480430873,0.04817442591855486,56.5,0.9740502928232216,0.03315917633612716,0.9740502928232216,0.04288512088484923
42.4,0.9722718322394736,0.036153711436039786,0.9722718322394736,0.03644531041097231,812.0,0.9431542946561254,0.07502513975683013,0.9431542946561254,0.07122093508854634,37.0,0.9544203340635784,0.056570996586207074,0.9544203340635784,0.06062665441023247,-2.3,0.9831926820146907,0.02104712418665766,0.9831926820146907,0.02400744648336304,4.64,0.9536270952242236,0.06005355905006617,0.9536270952242236,0.058298707535494675,1.0,0.85907897404099,0.1547573150227439,0.85907897404099,0.18775680796953634,21.2,0.9516662919758712,0.060497276972885275,0.9516662919758712,0.04860694518044779,51.4,0.971399119857018,0.03645541963956541,0.971399119857018,0.04639768441969166
79.6,0.9737332934000402,0.03444699525016902,0.9737332934000402,0.03622156373590802,703.0,0.9431542946561254,0.07502513975683013,0.9431542946561254,0.07122093508854634,21.0,0.9551956399666209,0.055607546724092544,0.9551956399666209,0.05873957857099515,3.1,0.9829378498280137,0.021379656575768496,0.9829378498280137,0.023453660644021164,9.86,0.9531800606371451,0.06045343027573616,0.9531800606371451,0.05623529731309901,14.0,0.85907897404099,0.1547573150227439,0.85907897404099,0.18775680796953634,30.2,0.9523418564483148,0.05972205826415801,0.9523418564483148,0.04444933339251307,54.5,0.9711763214340344,0.03671992235422809,0.9711763214340344,0.04760127572779111
72.5,0.9721869319788343,0.036068874690344456,0.9721869319788343,0.0377044198338359,1396.0,0.9435302988688752,0.07464660480613812,0.9435302988688752,0.07254040355498458,62.0,0.9571593524869673,0.0526205917445849,0.9571593524869673,0.05607930255255573,-3.9,0.982162543924971,0.022400694662800272,0.982162543924971,0.025199019864097214,15.64,0.9531800606371451,0.06045343027573616,0.9531800606371451,0.05522784867238409,28.0,0.8562063078401361,0.15789827131228126,0.8562063078401361,0.19335764700538868,32.9,0.9525716401338707,0.059550958284141614,0.9525716401338707,0.044863345839072914,62.4,0.969593879279376,0.038973999873870506,0.969593879279376,0.05139991363313713
43.1,0.9719320997921578,0.03639362340676524,0.9719320997921578,0.037502551165437,1662.0,0.9422171537079944,0.07610705880684872,0.9422171537079944,0.07417144253938336,53.0,0.9568616771935848,0.05301752833199215,0.9568616771935848,0.05418632988000897,3.9,0.9826401745346314,0.021797618051421642,0.9826401745346314,0.023236771324819782,12.68,0.9514546271149424,0.06229813022305328,0.9514546271149424,0.05816032620461612,30.0,0.8513333976922981,0.16178326796283107,0.8513333976922981,0.19335798661573814,30.6,0.9509140982194946,0.061174811700899584,0.9509140982194946,0.047617328700442975,75.7,0.9676354329119683,0.041623393066398374,0.9676354329119683,0.05589421418636412
50.6,0.9713942605343195,0.036959746513509056,0.9713942605343195,0.03873690708992062,1483.0,0.942748045261702,0.07568214466462192,0.942748045261702,0.07531615706842576,20.0,0.9564856729808355,0.05341074802376886,0.9564856729808355,0.05279298406072687,-3.9,0.9826401745346314,0.021797618051421642,0.9826401745346314,0.023236771324819782,11.15,0.9514546271149424,0.06229813022305293,0.9514546271149424,0.058475356743599195,26.0,0.8516435487370728,0.16157059812198116,0.8516435487370728,0.19351308899450642,29.4,0.9529974865455992,0.058816130529017116,0.9529974865455992,0.04616018115593979,68.2,0.968011437124718,0.04122052448377172,0.968011437124718,0.05382443988182412
17.3,0.9726857897688487,0.03566590499094123,0.9726857897688487,0.03841467012262351,1251.0,0.9440611904225825,0.07422015764673347,0.9440611904225825,0.07448094373982883,31.0,0.954760239458633,0.055275319862080334,0.954760239458633,0.05558153686443031,9.4,0.9812124163058111,0.023357376609865668,0.9812124163058111,0.024764917419938633,3.51,0.9514546271149424,0.06229813022305293,0.9514546271149424,0.058524075691681464,22.0,0.8535069091417526,0.16088622963885119,0.8535069091417526,0.19325362487771805,20.0,0.9534912425927908,0.05842705111629992,0.9534912425927908,0.04520554219652144,60.8,0.9684890677343782,0.040635734944954774,0.9684890677343782,0.0524646965234863
41.2,0.9723097855560991,0.03607302120844503,0.9723097855560991,0.03835323039493005,880.0,0.94233575690038,0.07601991085176565,0.94233575690038,0.07314023023527984,30.0,0.9539849335555904,0.05623855881343804,0.9539849335555904,0.059721012619170316,1.6,0.9800394902636675,0.024581992347520717,0.9800394902636675,0.025303345669959527,4.62,0.9498721849602841,0.06446136105742309,0.9498721849602841,0.060250656359201966,3.0,0.8547631630664811,0.16050105659637315,0.8547631630664811,0.19515084936651075,20.4,0.953491242592791,0.058427051116300636,0.953491242592791,0.0463323352336429,63.5,0.9684890677343782,0.040635734944954774,0.9684890677343782,0.05303514181359864
37.6,0.9730704232369207,0.0352405709854141,0.9730704232369207,0.038789592607479696,781.0,0.9422171537079944,0.07610705880684872,0.9422171537079944,0.07145243574585816,35.0,0.9549581733214163,0.05506304120044646,0.9549581733214163,0.05756970303937748,0.8,0.9817649237858701,0.02260888649692519,0.9817649237858701,0.022720418256245982,4.31,0.9506474908633268,0.06350937777900854,0.9506474908633268,0.060661592311782975,0.0,0.855877756504923,0.16016430192606668,0.855877756504923,0.19713275987113332,21.2,0.9536693129427568,0.05824856463786124,0.9536693129427568,0.04728799511632235,55.7,0.9690415752144372,0.039907145275943995,0.9690415752144372,0.05047766195824705
48.04087253229344,0.9730704232369207,0.0352405709854141,0.9730704232369207,0.03625197808252114,779.0,0.9417233976608027,0.07648155043336438,0.9417233976608027,0.07240500304069758,67.0,0.9559083009405767,0.0541647040559591,0.9559083009405767,0.05588546048551932,7.8,0.9812124163058111,0.023357376609865668,0.9812124163058111,0.024764917419938633,4.52,0.9503498155699444,0.06389997997588878,0.9503498155699444,0.06059818244840281,8.0,0.8582219938331462,0.15905757524555872,0.8582219938331462,0.1989369482102476,21.6,0.9521229515215511,0.05979609794197888,0.9521229515215511,0.047019644639441804,53.3,0.9667729778022548,0.04284773042434626,0.9667729778022548,0.05414683827364353
45.1,0.9733252554235973,0.03491511772210567,0.9733252554235973,0.03545577933706952,1557.0,0.9417233976608027,0.07648155043336438,0.9417233976608027,0.07418760541186285,33.0,0.9574907430952346,0.05196934465499306,0.9574907430952346,0.051625802154848646,0.8,0.9786798465319928,0.0266085092526891,0.9786798465319928,0.028883643263387392,3.67,0.951948160272815,0.062161919069319886,0.951948160272815,0.05998242524306839,7.0,0.8628998768060558,0.1551502487145292,0.8628998768060558,0.1923855269781534,21.2,0.9511409740796188,0.06064518278859559,0.9511409740796188,0.04808534757144579,59.6,0.9642104626461756,0.04654658334289025,0.9642104626461756,0.06082459136433669
48.6,0.9721919947166527,0.03644802473801738,0.9721919947166527,0.03427184534218163,1566.0,0.9354560829392754,0.0873123900715985,0.9354560829392754,0.1173779636030721,56.0,0.9580432505752938,0.05125609355816397,0.9580432505752938,0.05260921676831905,6.2,0.9777066067661665,0.027844309103324864,0.9777066067661665,0.02868896433226668,10.56,0.9531210863149587,0.06102037698581732,0.9531210863149587,0.06112650672094911,18.0,0.8632578316099577,0.1547296162828603,0.8632578316099577,0.19416601934794375,28.6,0.9523047599468032,0.059408414148802796,0.9523047599468032,0.04601981709854865,67.5,0.9630466767789911,0.04781616220965313,0.9630466767789911,0.06392298336450837
48.04087253229344,0.9727907973523858,0.035776044954422305,0.9727907973523858,0.033666729156921205,2153.0,0.9336120462246873,0.08915359253764744,0.9336120462246873,0.11706846240262661,53.0,0.9584192547880434,0.05086131983135041,0.9584192547880434,0.05301969203643766,-0.8,0.9786567343853269,0.02689556421191954,0.9786567343853269,0.028152401111835344,19.09,0.9520752490921471,0.06206058875031554,0.9520752490921471,0.06196921584143358,25.0,0.8633947151522615,0.1546418034791587,0.8633947151522615,0.19642245837432254,32.9,0.9515525661904266,0.06008732801132957,0.9515525661904266,0.04631031666471315,72.2,0.9603223265778231,0.0516418127858657,0.9603223265778231,0.06739556906855354
23.1,0.9723131667427256,0.036365996965530674,0.9723131667427256,0.03325930026893898,1840.0,0.9342541182715652,0.08866528006088517,0.9342541182715652,0.11531177467733232,26.0,0.9547647113428749,0.056459506924804635,0.9547647113428749,0.06170498780838756,-1.6,0.9789115665720034,0.026565964436128537,0.9789115665720034,0.027223831807130384,4.96,0.9520752490921471,0.06206058875031554,0.9520752490921471,0.05953930099556294,26.0,0.8623803085805529,0.15497129741830548,0.8623803085805529,0.1943091509537605,22.7,0.9515525661904266,0.06008732801132957,0.9515525661904266,0.045249578423268724,56.9,0.9603223265778231,0.0516418127858657,0.9603223265778231,0.06523965717886984
34.9,0.971459531920316,0.037361589313620096,0.971459531920316,0.03445977038037077,803.0,0.9360981549861532,0.08682160812193321,0.9360981549861532,0.11290224770148297,35.0,0.9522321415690566,0.05953167689274017,0.9522321415690566,0.06481870295786639,3.9,0.9784339359623431,0.027164344422141048,0.9784339359623431,0.02823528426722572,3.94,0.9520752490921471,0.06206058875031554,0.9520752490921471,0.05953930099556294,22.0,0.8632258268670838,0.15447857133972107,0.8632258268670838,0.1946658433503598,20.4,0.9515525661904266,0.06008732801132957,0.9515525661904266,0.045249578423268724,58.4,0.9614271381228211,0.0500075209585174,0.9614271381228211,0.06084472401605756
50.2,0.971459531920316,0.037361589313620096,0.971459531920316,0.03445977038037077,765.0,0.9360981549861532,0.08682160812193321,0.9360981549861532,0.11290224770148297,60.0,0.9522321415690566,0.05953167689274017,0.9522321415690566,0.06481870295786639,9.4,0.9784339359623431,0.027164344422141048,0.9784339359623431,0.02924397860868427,5.28,0.9520752490921471,0.06206058875031554,0.9520752490921471,0.05953930099556294,7.0,0.8636873320392126,0.15422172429837794,0.8636873320392126,0.19259842651548625,23.5,0.9510147269325887,0.06062732798006705,0.9510147269325887,0.04626196687158937,56.9,0.962102702595265,0.04921610980889148,0.962102702595265,0.060819894538315725
58.8,0.971459531920316,0.037361589313620096,0.971459531920316,0.03445977038037077,1622.0,0.9367737194585971,0.08607947611757291,0.9367737194585971,0.10961170789456451,63.0,0.9522321415690566,0.05953167689274017,0.9522321415690566,0.06481870295786639,3.1,0.9784339359623431,0.02716434442214069,0.9784339359623431,0.030271176962241644,15.36,0.9520752490921471,0.06206058875031554,0.9520752490921471,0.05953930099556294,18.0,0.8630622271021681,0.15466906346359524,0.8630622271021681,0.19238466894589296,32.2,0.9483635539663849,0.06376450466819578,0.9483635539663849,0.05056028639229478,61.2,0.9619047687324813,0.04943135001186828,0.9619047687324813,0.05953123629769083
82.7,0.9717235042819519,0.03713340607320372,0.9717235042819519,0.03344083354459181,1942.0,0.9337641697154391,0.08991427666686722,0.9337641697154391,0.11697949399550261,36.0,0.9537414064887506,0.05766947210113141,0.9537414064887506,0.06511203757686218,1.6,0.9775234736783821,0.028446608503492624,0.9775234736783821,0.03310075037447383,25.41,0.9518295570804296,0.0622518768900608,0.9518295570804296,0.05882469173779845,31.0,0.8639711807826757,0.1539396676351733,0.8639711807826757,0.19019229046771327,35.3,0.9483635539663849,0.06376450466819578,0.9483635539663849,0.049575579445274166,65.1,0.9616195691904916,0.0496844189696404,0.9616195691904916,0.06164026031324887
53.3,0.9717235042819519,0.03713340607320372,0.9717235042819519,0.03344083354459181,1557.0,0.9337641697154391,0.08991427666686722,0.9337641697154391,0.118648925287322,33.0,0.954081311883805,0.05733774404261945,0.954081311883805,0.064920249754009,-1.6,0.9786567343853266,0.026895564211919538,0.9786567343853266,0.030747140351546073,12.01,0.9529933429476138,0.06101607112215404,0.9529933429476138,0.05699760891994731,35.0,0.8639711807826757,0.1539396676351733,0.8639711807826757,0.19019229046771327,30.2,0.9490391184388286,0.06299460032948526,0.9490391184388286,0.049446103182487273,67.8,0.9610817299326533,0.0502366685974718,0.9610817299326533,0.0627389974343758
49.4,0.9717235042819519,0.03713340607320372,0.9717235042819519,0.03198391397438828,1773.0,0.935950680658769,0.08682929740385902,0.935950680658769,0.11487651177616655,28.0,0.954081311883805,0.05733774404261945,0.954081311883805,0.064920249754009,1.6,0.9784339359623431,0.02716434442214069,0.9784339359623431,0.030875474068010347,14.82,0.9538163817474421,0.060227560594340174,0.9538163817474421,0.055911972122717576,36.0,0.8618050138044187,0.15493441940482036,0.8618050138044187,0.19297693218843923,31.4,0.9503522635997094,0.06150391436749395,0.9503522635997094,0.04718320986375608,70.2,0.9596202687720868,0.05189581257978917,0.9596202687720868,0.06354016372989583
38.8,0.9736819506493596,0.0344630834279168,0.9736819506493596,0.03097342701770143,810.0,0.935950680658769,0.08682929740385902,0.935950680658769,0.11487651177616655,62.0,0.9558616879012469,0.054939652532768314,0.9558616879012469,0.060308671539154174,3.1,0.9778814284822842,0.02790763467423223,0.9778814284822842,0.032024617629882214,4.54,0.9541140570408243,0.05983424220400587,0.9541140570408243,0.057064372692310454,39.0,0.8587358242984451,0.15668565240495214,0.8587358242984451,0.1927209541038238,20.8,0.9515035737155014,0.06016102445564788,0.9515035737155014,0.04691834406601048,56.9,0.9609117980066157,0.05063893234744068,0.9609117980066157,0.06354842406777762
60.0,0.9750415943810343,0.03245824747153011,0.9750415943810343,0.030374564873260276,1405.0,0.9361125157038578,0.08668457611210359,0.9361125157038578,0.1164474683041858,20.0,0.9566369938042893,0.05397328702867174,0.9566369938042893,0.058248657338268506,-1.6,0.9778814284822842,0.02790763467423223,0.9778814284822842,0.032024617629882214,12.03,0.9550442502848248,0.05803790166293636,0.9550442502848248,0.05619436098741769,43.0,0.8529795086420175,0.16206768599671614,0.8529795086420175,0.19876740888800237,30.2,0.9515035737155014,0.06016102445564788,0.9515035737155014,0.04954038708938762,65.9,0.9624210629263096,0.048744101834181465,0.9624210629263096,0.05902361339871628
19.6,0.9757277496385585,0.03174752316885424,0.9757277496385585,0.0305398539490587,1457.0,0.9363353141268411,0.08644213232632793,0.9363353141268411,0.11631913458772151,33.0,0.9573125582767332,0.053188967650016815,0.9573125582767332,0.0605576346319851,16.4,0.9778814284822842,0.02790763467423223,0.9778814284822842,0.03141326345352642,4.0,0.9565906117060307,0.05648218659070717,0.9565906117060307,0.05690954580931733,46.0,0.8508309486953478,0.16293096015827055,0.8508309486953478,0.19712431346817935,21.2,0.9537055652339915,0.05770779222135662,0.9537055652339915,0.04910160498227276,63.1,0.9618685554462508,0.0494623257347703,0.9618685554462508,0.06015167396263955
18.0,0.9757277496385585,0.03174752316885424,0.9757277496385585,0.032318833599816486,1573.0,0.9359784416219534,0.086699240076926,0.9359784416219534,0.11405598902605793,19.0,0.9579113609124662,0.052538430044017974,0.9579113609124662,0.05920905642716273,0.0,0.9760373917676961,0.02995981627211212,0.9760373917676961,0.033374438764246166,4.22,0.9559150472335868,0.05726353167094977,0.9559150472335868,0.05853929063250993,47.0,0.8482968955702245,0.16404277516384974,0.8482968955702245,0.2007266613579383,22.0,0.9537055652339915,0.05770779222135662,0.9537055652339915,0.04949440387070269,74.9,0.9618685554462508,0.0494623257347703,0.9618685554462508,0.06015167396263955
84.3,0.9772370145582523,0.029791869209742715,0.9772370145582523,0.030777076664483025,1871.0,0.9342162670403362,0.0883107989875629,0.9342162670403362,0.11408713765228642,67.0,0.9604439306862844,0.04942761633914264,0.9604439306862844,0.0542843959604105,1.6,0.9754385891319632,0.03063775517563985,0.9754385891319632,0.03379012368215803,23.73,0.9569682974699719,0.05550601742329979,0.9569682974699719,0.05644733826023324,60.0,0.8447451548310386,0.16605227211947524,0.8447451548310386,0.2009715358140556,34.9,0.9552880073886497,0.05552377557896854,0.9552880073886497,0.04676188813343005,65.1,0.9615106006423486,0.04998411171518707,0.9615106006423486,0.061285223508275706
18.4,0.9799613647594203,0.025833003561226427,0.9799613647594203,0.023805691181807066,1592.0,0.9339061159955616,0.08857932556519776,0.9339061159955616,0.11467105848445336,19.0,0.963560634873615,0.04432405969818084,0.963560634873615,0.04484108453754634,14.8,0.974528126848002,0.03191269300381199,0.974528126848002,0.033161226806660185,4.17,0.9576438619424158,0.054722482242903894,0.9576438619424158,0.054405490930099734,51.0,0.8453702597680831,0.16562764852296968,0.8453702597680831,0.19585785065696212,22.0,0.9546459353417719,0.05604807929820957,0.9546459353417719,0.04553813646765533,66.3,0.9623177368939644,0.04874645631265274,0.9623177368939644,0.056617681252964486
22.4,0.9809768346269186,0.024654796084382986,0.9809768346269186,0.023487972223549928,1372.0,0.9352067854050499,0.08729356506199178,0.9352067854050499,0.11380710898274447,20.0,0.963560634873615,0.04432405969818084,0.963560634873615,0.04484108453754634,8.6,0.9755013666138284,0.030685150111039172,0.9755013666138284,0.03111249672662839,8.25,0.9606534116855738,0.05066471766324843,0.9606534116855738,0.050433368593959686,47.0,0.8473339722884294,0.1632669543248427,0.8473339722884294,0.1876329559619648,28.2,0.9558188613839156,0.05489536111563678,0.9558188613839156,0.04416443220431368,62.0,0.962572569080641,0.048428380035589316,0.962572569080641,0.05438972001392084
19.2,0.9798720230819208,0.026353226119649215,0.9798720230819208,0.027962452523831123,1258.0,0.9343359884562881,0.08802089639728303,0.9343359884562881,0.11644592415308966,68.0,0.963560634873615,0.044324059698180485,0.963560634873615,0.045374174204837414,14.8,0.9743284405716847,0.03189349260555751,0.9743284405716847,0.03284962748498537,3.59,0.9603985794988971,0.050981515183760394,0.9603985794988971,0.05094168752908972,46.0,0.8449161676095283,0.16524586036711475,0.8449161676095283,0.19289713673329228,20.4,0.9555211860905332,0.055290987305270926,0.9555211860905332,0.046135430253353156,60.0,0.9609742243777706,0.05021099480400855,0.9609742243777706,0.057299095209666424
78.4,0.9798720230819208,0.026353226119649215,0.9798720230819208,0.02705565682234285,1293.0,0.9350221437138123,0.08738257421429114,0.9350221437138123,0.11475393371605266,70.0,0.9607767994306239,0.04723040137429763,0.9607767994306239,0.049712983412122574,-2.3,0.9739704857677827,0.032428968703816355,0.9739704857677827,0.03303338677903223,14.75,0.9605965133616806,0.05076696330134563,0.9605965133616806,0.05209145529896289,50.0,0.8460027777187014,0.16457797973108249,0.8460027777187014,0.19321061875474627,31.8,0.956880829822208,0.05335494041146284,0.956880829822208,0.045716986324267725,61.2,0.9609742243777706,0.05021099480400855,0.9609742243777706,0.057299095209666424
19.6,0.9818304694493285,0.023637761398470247,0.9818304694493285,0.02208076711092644,1337.0,0.9350221437138123,0.08738257421429114,0.9350221437138123,0.11612039373151643,45.0,0.9607767994306241,0.04723040137429764,0.9607767994306241,0.04955000944990795,11.7,0.9731951798647401,0.033431579713691074,0.9731951798647401,0.03469687125988259,3.67,0.9629809581677942,0.04727666404528287,0.9629809581677942,0.045573664330595315,33.67243525896414,0.8493691999667471,0.16122989907863278,0.8493691999667471,0.18868747259762697,20.4,0.9588445423425542,0.05035770114617903,0.9588445423425542,0.04107930133920658,62.0,0.9604965937681103,0.05078617305818759,0.9604965937681103,0.06061577915883733
85.5,0.982277504036407,0.023207435012636078,0.982277504036407,0.021611544534293252,1298.0,0.9341991049139843,0.08812956201407932,0.9341991049139843,0.11619518992220057,90.0,0.963560634873615,0.04432405969818119,0.963560634873615,0.04690165895718453,10.9,0.9718639852950118,0.03518657724153407,0.9718639852950118,0.035399505596804846,19.52,0.9644424193283608,0.04560415599561299,0.9644424193283608,0.043088622734674065,52.0,0.8526244417216224,0.15790803280103005,0.8526244417216224,0.18703733594749913,34.5,0.9579340800585934,0.0515912228715525,0.9579340800585934,0.038882356619219224,62.4,0.9604965937681103,0.05078617305818689,0.9604965937681103,0.060477705762970305
100.0,0.9831311388588168,0.02218773838174076,0.9831311388588168,0.021210518390118963,1457.0,0.9365405031982721,0.08422379202391589,0.9365405031982721,0.10785589660003203,83.0,0.9653493222627235,0.04270452965708433,0.9653493222627235,0.045760126567153725,6.2,0.972774447578973,0.03391835175797659,0.972774447578973,0.0340620693743178,23.05,0.9628440746254904,0.04739523224016219,0.9628440746254904,0.045757477393831396,59.0,0.8527727577213083,0.15780904582426797,0.8527727577213083,0.18687950906475875,36.9,0.9567611540164498,0.05275083884697773,0.9567611540164498,0.042171877809631345,54.5,0.9614467213872704,0.04987776704251391,0.9614467213872704,0.06090219865908815
92.5,0.9818304694493285,0.023637761398470247,0.9818304694493285,0.02208076711092644,1653.0,0.9345842036914996,0.08638479368285155,0.9345842036914996,0.1098623601816649,21.0,0.9649733180499742,0.04310562366158936,0.9649733180499742,0.04802638299724838,-8.6,0.9719673113273574,0.035182654430458406,0.9719673113273574,0.03458002351634506,22.43,0.9629809581677942,0.04727666404528287,0.9629809581677942,0.045573664330595315,33.67243525896414,0.8518638040408008,0.15852062514044307,0.8518638040408008,0.1892143729372659,33.7,0.9584865875386523,0.05087739587087572,0.9584865875386523,0.039029044165649104,61.6,0.9610887665833686,0.05039915328084996,0.9610887665833686,0.06067176001575264
36.5,0.9824555743863728,0.023016527107657517,0.9824555743863728,0.022724338214017648,881.0,0.935630040914311,0.08539341787921981,0.935630040914311,0.10700660547843069,37.0,0.9643991946435635,0.0436240862921403,0.9643991946435635,0.049022586873280066,3.9,0.9723252661312591,0.034649342436680754,0.9723252661312591,0.03317679131096417,4.23,0.9652495555799766,0.04435880898043751,0.9652495555799766,0.04371991320824844,54.0,0.8568267498202738,0.15459780024651282,0.8568267498202738,0.1885370239480229,20.4,0.9598892972663517,0.049538134206776406,0.9598892972663517,0.03774259190406958,65.9,0.9617138715204129,0.04980908303575929,0.9617138715204129,0.060838521579743274
42.7,0.9813042642705809,0.024451346286184335,0.9813042642705809,0.02474160871237445,1814.0,0.9356300409143111,0.0853934178792188,0.9356300409143111,0.10827831422654643,42.0,0.963592058391948,0.04486888477052923,0.963592058391948,0.05245367523236811,7.0,0.9726229414246416,0.03423984090362945,0.9726229414246416,0.03361758768032619,11.91,0.9662650254474747,0.04321857033020682,0.9662650254474747,0.042885997123292836,56.0,0.8597815352311643,0.1530692301175617,0.8597815352311643,0.18902059318327155,30.2,0.9601120956893353,0.049279876991776064,0.9601120956893353,0.038687833996737316,72.2,0.9617138715204129,0.04980908303575929,0.9617138715204129,0.060838521579743274
48.6,0.9797949993508867,0.026423748571650512,0.9797949993508867,0.026939641209890373,1895.0,0.9345842036914996,0.08638479368285155,0.9345842036914996,0.11113406892978062,31.0,0.9638468905786247,0.0445493277760075,0.9638468905786247,0.0534377212407045,-1.6,0.9724250075618579,0.03446070316954156,0.9724250075618579,0.03277032274690665,6.55,0.9654578891958592,0.04446625907784397,0.9654578891958592,0.04434377427396566,52.0,0.8616448956358442,0.15235319510006048,0.8616448956358442,0.19118432288493348,24.7,0.95905884545295,0.0510504023965678,0.95905884545295,0.04325734637547699,70.6,0.9614910730974293,0.05006768673596529,0.9614910730974293,0.058518177952799205
43.9,0.9789719605510588,0.027264944135039104,0.9789719605510588,0.027764636840665734,1696.0,0.9362553036562822,0.08445880721876725,0.9362553036562822,0.10882660499946004,21.0,0.9629932557562149,0.045528437240935075,0.9629932557562149,0.0554564357177616,4.7,0.9732958045106199,0.0336492321679629,0.9732958045106199,0.03292454263710089,10.57,0.9640982454641845,0.04643355640424499,0.9640982454641845,0.04661486375420998,44.0,0.8615178068165122,0.1524299253835047,0.8615178068165122,0.18912648290424047,29.4,0.9568723345096201,0.054303204540379346,0.9568723345096201,0.047084571440454505,71.8,0.9614910730974293,0.05006768673596459,0.9614910730974293,0.05532550472072359
32.9,0.9774626956313648,0.02922813452437706,0.9774626956313648,0.030227576641286582,867.0,0.9362553036562822,0.08445880721876725,0.9362553036562822,0.10882660499946004,34.0,0.9637454495125913,0.044828860245297836,0.9637454495125913,0.05548174235919152,3.9,0.9738699279170305,0.03311962880928885,0.9738699279170305,0.03151828578098296,3.71,0.9640982454641845,0.04643355640424499,0.9640982454641845,0.04846988690539316,19.0,0.8613992036241269,0.1524973608592831,0.8613992036241269,0.1906001195539339,19.6,0.9568723345096201,0.054303204540379346,0.9568723345096201,0.048888690262106176,56.1,0.9614910730974293,0.05006768673596459,0.9614910730974293,0.05532550472072359
37.3,0.975791595666582,0.03134646695373982,0.975791595666582,0.03295340748699229,797.0,0.9345977617419059,0.0860071169975576,0.9345977617419059,0.11258974440685424,69.0,0.9632678189029311,0.045408509145553055,0.9632678189029311,0.05693632723740681,-2.3,0.9738699279170303,0.033119628809288836,0.9738699279170303,0.0324394141470762,4.41,0.9640982454641845,0.04643355640424499,0.9640982454641845,0.04635513034535493,8.0,0.8613992036241269,0.1524973608592831,0.8613992036241269,0.1906001195539339,20.8,0.9577259693320297,0.05333865543279826,0.9577259693320297,0.045615280097398146,53.7,0.9590855921429431,0.05307711100501702,0.9590855921429431,0.05573331718667538
69.4,0.975791595666582,0.031346466953739105,0.975791595666582,0.0329534074869923,1777.0,0.9330153195872478,0.08808810698685092,0.9330153195872478,0.11620323840405133,59.0,0.9621345581959866,0.046912367847605406,0.9621345581959866,0.05752793746009363,0.0,0.9741676032104127,0.03270897568271956,0.9741676032104127,0.03240532234662608,22.21,0.9662185268766809,0.04364668218717963,0.9662185268766809,0.04315819136543072,20.0,0.8615610386692154,0.15237899751458808,0.8615610386692154,0.19133961356691004,34.5,0.9577259693320298,0.05333865543279826,0.9577259693320298,0.04638800891244988,63.1,0.9582319573205332,0.05404339837901549,0.9582319573205332,0.056137444290906335
88.6,0.9744784505057016,0.032922188387255594,0.9744784505057016,0.03261271084885759,2010.0,0.9289484877807572,0.09370525416820102,0.9289484877807572,0.12732555690409592,70.0,0.9621345581959866,0.046912367847604344,0.9621345581959866,0.05874362410097397,-7.0,0.9743456735603786,0.03252145023129004,0.9743456735603786,0.03379394745040687,26.83,0.9649269976421517,0.044920609637081145,0.9649269976421517,0.042991658755422546,33.0,0.8603972528020309,0.15335761531586642,0.8603972528020309,0.19362803477771304,36.1,0.9564414253600729,0.05448652534645194,0.9564414253600729,0.04580080502382512,65.5,0.957606852383489,0.05462833366688114,0.957606852383489,0.05788666261192091
99.2,0.9735694968251939,0.033896959556410707,0.9735694968251939,0.03159242968781104,1775.0,0.9266070894964693,0.09755195295513398,0.9266070894964693,0.13597217787309498,90.0,0.9621345581959866,0.0469123678476047,0.9621345581959866,0.058923561208780104,1.6,0.9753915107831901,0.031422075453889,0.9753915107831901,0.031700501897618645,26.43,0.9643891583843136,0.04547760592887387,0.9643891583843136,0.041413371654853655,45.0,0.8579087874603065,0.15451292254525933,0.8579087874603065,0.19713910016635056,36.9,0.9548352693927208,0.05595264950063971,0.9548352693927208,0.04453879576443748,61.2,0.9570543449034301,0.05533928706900595,0.9570543449034301,0.05792986772742051
89.4,0.9721417385963735,0.03542396737064255,0.9721417385963735,0.03198407873519261,2162.0,0.9266070894964693,0.09755195295513398,0.9266070894964693,0.13941872412046982,77.0,0.9627596631330311,0.04631931928218059,0.9627596631330311,0.055970120836932175,-7.0,0.9740999815486611,0.03272540343079415,0.9740999815486611,0.03190451748826243,23.83,0.9638513191264755,0.0460339530200526,0.9638513191264755,0.040258098654849944,52.0,0.8540435397654553,0.15700709384808167,0.8540435397654553,0.19830068177191032,33.7,0.9537304578477226,0.057568053070082864,0.9537304578477226,0.045335887529036806,68.2,0.9592408558467599,0.0520881875209732,0.9592408558467599,0.05549663557332836
96.5,0.9715892311163146,0.03615758264408316,0.9715892311163146,0.03209643504470744,1789.0,0.9281895316511277,0.0955034514438972,0.9281895316511277,0.13548214430601335,41.0,0.9623389308472639,0.04679492570550433,0.9623389308472639,0.0548223832345422,-6.2,0.9737600761536066,0.033073531205760155,0.9737600761536066,0.031491592414584234,26.31,0.9647602728069833,0.04508098335606074,0.9647602728069833,0.03951655429407099,57.0,0.8519532601868359,0.15780134070795407,0.8519532601868359,0.19691248541885115,36.5,0.9556867573544952,0.05529643691735066,0.9556867573544952,0.04485253257536925,62.4,0.9592408558467599,0.0520881875209732,0.9592408558467599,0.05549663557332836
56.5,0.9727621571584582,0.03495799694693092,0.9727621571584582,0.03232313124438244,1903.0,0.9299149651733303,0.09377109208943002,0.9299149651733303,0.13372385923090252,52.0,0.9607405861443932,0.04857978099633411,0.9607405861443932,0.058253143973499774,-8.6,0.9726087660378145,0.03448326560819446,0.9726087660378145,0.03435832662383463,15.84,0.9652981120648213,0.04452353221942833,0.9652981120648213,0.04109484139463988,59.0,0.8519532601868359,0.15780134070795407,0.8519532601868359,0.19691248541885115,31.8,0.9569782865890241,0.05404987079248211,0.9569782865890241,0.04568897240335448,69.0,0.9592408558467599,0.0520881875209732,0.9592408558467599,0.05549663557332836
76.1,0.9729402275084239,0.03477117095229426,0.9729402275084239,0.031131038411110794,2003.0,0.9311995091452873,0.09271339538459898,0.9311995091452873,0.13496942354263022,42.0,0.9617864233672048,0.04751420258083301,0.9617864233672048,0.05830184964848765,-0.8,0.972385967614831,0.034748570354389205,0.972385967614831,0.03254332199934993,22.55,0.9656380174598757,0.0441826619374035,0.9656380174598757,0.040841949830672505,61.0,0.8519532601868359,0.15780134070795407,0.8519532601868359,0.19691248541885115,34.5,0.9575307940690833,0.053338234495466784,0.9575307940690833,0.04814449923387718,66.7,0.9608392005496302,0.0503122120164626,0.9608392005496302,0.053889216574085144
20.8,0.9713577853537657,0.037032736012044924,0.9713577853537657,0.032480267081781616,1506.438032627222,0.9323794204500029,0.09171963248585864,0.9323794204500029,0.13492400709086994,19.0,0.9606351132514127,0.04888832745171776,0.9606351132514127,0.060811332745753996,0.0,0.9710263238831564,0.03674448879520252,0.9710263238831564,0.03616132424665362,6.02,0.9661262388546162,0.043705007726553044,0.9661262388546162,0.041843480045196134,50.0,0.8519532601868359,0.15780134070795407,0.8519532601868359,0.19691248541885115,24.3,0.9577287279318668,0.05312487314132063,0.9577287279318668,0.049459564123039944,62.7,0.962437545252501,0.04853003912675921,0.962437545252501,0.051263043161439995
60.0,0.9726709305146463,0.03546789518497053,0.9726709305146463,0.03119316011200006,1640.0,0.9326022188729867,0.09147952332492329,0.9326022188729867,0.13477241281117994,55.0,0.9617399247964107,0.047250298516439346,0.9617399247964107,0.056454211845568744,5.5,0.9731466052956527,0.03391501450189172,0.9731466052956527,0.035132097860186916,14.34,0.9662880738997048,0.04354744473924809,0.9662880738997048,0.041252252075455735,52.0,0.8549628099299941,0.15459439348981732,0.8549628099299941,0.18940894514664816,31.4,0.9579515263548504,0.05286808329485912,0.9579515263548504,0.04866624371928497,72.2,0.9635708059594454,0.04702757741602216,0.9635708059594454,0.04960505785335815
66.7,0.9719102928338247,0.03629980297734471,0.9719102928338247,0.03366441269178867,1784.0,0.9327802892229524,0.09131174081154021,0.9327802892229524,0.13737626501099726,19.0,0.963151129836698,0.0449461449436556,0.963151129836698,0.052475605593041805,0.0,0.9740002401180623,0.03291455750697374,0.9740002401180623,0.032816318572367366,14.35,0.9662880738997048,0.04354744473924809,0.9662880738997048,0.042528506882866586,51.0,0.8616127002055427,0.14505236833381163,0.8616127002055427,0.1439737194861228,28.6,0.9585040338349096,0.05215497865877658,0.9585040338349096,0.05013904212706046,67.5,0.9659762869139318,0.04398777177426486,0.9659762869139318,0.04412041752870908
18.0,0.9741788902460071,0.033327280069229,0.9741788902460071,0.029671415442966375,1637.0,0.9344378311373285,0.08977645621750284,0.9344378311373285,0.13438021565097447,58.0,0.9648508937175526,0.0433852084142829,0.9648508937175526,0.05227228037480343,3.1,0.9726870949571819,0.0344851131127541,0.9726870949571819,0.03345625988431155,4.33,0.9673035437672032,0.04240502761593217,0.9673035437672032,0.04214250471202148,49.0,0.8627640103213347,0.14396098214600783,0.8627640103213347,0.14272812886681074,22.0,0.9581460790310076,0.05267380420538931,0.9581460790310076,0.05212866685164056,63.1,0.9668299217363415,0.04300402101756662,0.9668299217363415,0.04107216722553015
67.1,0.9741788902460071,0.033327280069229,0.9741788902460071,0.029637323642516256,1651.0,0.9357974748690032,0.08793675337641499,0.9357974748690032,0.13098247891005782,44.0,0.9678166934165796,0.039902019606716875,0.9678166934165796,0.04950738497578251,-3.1,0.9715357848413899,0.035891535218858336,0.9715357848413899,0.03483511245922532,16.49,0.9676795479799527,0.042002612086398966,0.9676795479799527,0.04352713895362583,52.0,0.8656579160856815,0.1399579693554753,0.8656579160856815,0.1344733742954374,32.2,0.9612827175934975,0.04850304101114186,0.9612827175934975,0.04724880088072735,67.1,0.9673181431310821,0.042525127249903406,0.9673181431310821,0.03994590702826664
18.8,0.9748345203432913,0.03238096622416205,0.9748345203432913,0.027138224076924393,1710.0,0.9362445094560817,0.08755834330175073,0.9362445094560817,0.12977696304987663,19.0,0.968114368709962,0.03949613048521633,0.968114368709962,0.04714080819830688,0.0,0.9706821500189801,0.036886696661122646,0.9706821500189801,0.036924241399095406,4.63,0.9681287294276663,0.0412786789914913,0.9681287294276663,0.043023767635878445,44.0,0.870016793076483,0.13672883163021848,0.870016793076483,0.13229973778528736,22.4,0.9623875291384955,0.046863390527958966,0.9623875291384955,0.0460385553792595,76.5,0.9669421389183326,0.042927177127415186,0.9669421389183326,0.04320535396751567
32.5,0.974611721920308,0.032647394839740634,0.974611721920308,0.026736886462263496,894.0,0.9357668788464214,0.088098357856429,0.9357668788464214,0.12949977164337095,34.0,0.9676673341228833,0.03991242100706117,0.9676673341228833,0.04726233243865782,4.7,0.9706821500189801,0.036886696661122646,0.9706821500189801,0.03703798656227738,3.79,0.9687843595249507,0.04034390246980988,0.9687843595249507,0.043080209597906066,16.0,0.871925741264562,0.13595197244819707,0.871925741264562,0.13216297260667223,19.2,0.9612827175934975,0.048503041011142216,0.9612827175934975,0.05002266760617193,55.3,0.9667193404953489,0.0431888978643823,0.9667193404953489,0.04319942787158725
36.1,0.9727923059558391,0.034892338182447795,0.9727923059558391,0.02908478733426481,780.0,0.9357668788464214,0.088098357856429,0.9357668788464214,0.12949977164337095,32.0,0.9684903729227116,0.03909222037082256,0.9684903729227116,0.046957381275080826,2.3,0.9706821500189801,0.036886696661122646,0.9706821500189801,0.035222364706232606,4.07,0.9691603637377002,0.03994002075122202,0.9691603637377002,0.04249994761646326,0.0,0.8715431657105406,0.13619554619931643,0.8715431657105406,0.12883638988248186,20.4,0.9610278854068208,0.048820636771495556,0.9610278854068208,0.05108691532509548,56.9,0.9656145289503512,0.044840619956713026,0.9656145289503512,0.04327979093027307
62.7,0.9699196397549852,0.038933629470149986,0.9699196397549852,0.029686020803051497,783.0,0.9366376757951832,0.08736973481243229,0.9366376757951832,0.12642541238061333,59.0,0.9682675744997279,0.03935527413609824,0.9682675744997279,0.04704892964490307,-8.6,0.9712346574990393,0.0361542193134998,0.9712346574990393,0.033925348761285355,7.64,0.9706696286573943,0.03801093038678211,0.9706696286573943,0.03980076252261787,15.0,0.8719902002976191,0.13587383939442305,0.8719902002976191,0.12998969956264492,26.3,0.9619383476907818,0.04758019408955584,0.9619383476907818,0.05011471504797404,52.2,0.9667783148175354,0.04356376623577961,0.9667783148175354,0.04246583971556083
18.8,0.9694704583072714,0.039660059196388854,0.9694704583072714,0.02778079925161498,2133.0,0.9366376757951832,0.08736973481243229,0.9366376757951832,0.12782115894797666,68.0,0.9691761142589355,0.038576102489778885,0.9691761142589355,0.04773740213163293,3.1,0.9717122881086995,0.035564856863102526,0.9717122881086995,0.035050802267266444,12.88,0.969266918929695,0.039383531141042635,0.969266918929695,0.039987071862355006,28.0,0.8728438351200288,0.1350836400157371,0.8728438351200288,0.12787909259587388,32.2,0.9606593160956943,0.048655078236330127,0.9606593160956943,0.04907725509161357,62.0,0.9685586908349773,0.041105628128818884,0.9685586908349773,0.040611431794251585
84.7,0.9688148282099872,0.04059599931940717,0.9688148282099872,0.028327201036756306,2589.0,0.9361439197479916,0.08773559658376519,0.9361439197479916,0.12498003828562754,59.0,0.9699800213509016,0.03787194273480026,0.9699800213509016,0.04665753918486817,0.0,0.9693991160970389,0.038204593310091364,0.9693991160970389,0.0378068599528405,34.52,0.9683583791704874,0.04016202579662113,0.9683583791704874,0.03992016304500586,35.0,0.8706496873899601,0.1360617528687306,0.8706496873899601,0.12659210243264712,37.3,0.9597795823870934,0.049311275395205655,0.9597795823870934,0.04725945747402566,67.1,0.9670972296744106,0.04279266225982426,0.9670972296744106,0.041557524647401124
18.0,0.9698606654327988,0.03951197213302891,0.9698606654327988,0.027171516249957953,1475.0,0.9378014616623676,0.0861872865028528,0.9378014616623676,0.12521181324037292,42.0,0.968666876190021,0.03942892850248829,0.968666876190021,0.047454159488472904,3.9,0.9687740111599945,0.03880738055408838,0.9687740111599945,0.03963924747598356,3.79,0.9687791114562546,0.039680308797367725,0.9687791114562546,0.04023958759695897,28.0,0.8731837405150834,0.1348138339883157,0.8731837405150834,0.12320618707977717,21.2,0.9608254196099048,0.048247664563866706,0.9608254196099048,0.0470171245994933,62.0,0.9666195990647505,0.04337548804812305,0.9666195990647505,0.04130376732559267
28.2,0.9703382960424589,0.038925146968611435,0.9703382960424589,0.02775701206437213,1386.0,0.9384941882611638,0.08562512338895745,0.9384941882611638,0.12445225062940457,69.0,0.9699980707597491,0.037685843910143464,0.9699980707597491,0.043853372023438114,0.0,0.9667141612849953,0.04097895030916841,0.9667141612849953,0.04121882894441485,8.46,0.9671080114914722,0.0417608680544644,0.9671080114914722,0.0416179227667184,34.0,0.8764983785651971,0.1303319072599367,0.8764983785651971,0.11797835650406119,29.0,0.9603477890002445,0.04882372195752915,0.9603477890002445,0.04607174219784675,65.1,0.9658124628131346,0.04462353049466182,0.9658124628131346,0.04541884727935122
20.4,0.9705610944654424,0.03866139332234507,0.9705610944654424,0.027399027962457807,1679.0,0.9392694941642062,0.08470328544928452,0.9392694941642062,0.12348158060061856,29.0,0.9711618566269336,0.03639412727338926,0.9711618566269336,0.0412455512391962,4.7,0.9635775227225051,0.045199555623782244,0.9635775227225051,0.04739217864704506,4.41,0.9675856421011323,0.04117692885302454,0.9675856421011323,0.04217339964305772,26.0,0.8758943097765256,0.13123584905171676,0.8758943097765256,0.1216685512145494,21.6,0.9606026211869212,0.048506370037792915,0.9606026211869212,0.04794888639613792,62.7,0.9655147875197524,0.04502681607142813,0.9655147875197524,0.04708576812836991
35.3,0.9703830241154767,0.0388470174777554,0.9703830241154767,0.026662888579488064,786.0,0.9418320093202855,0.08121043136755049,0.9418320093202855,0.11904446301955204,41.0,0.9711618566269336,0.03639412727338926,0.9711618566269336,0.03993767067310447,0.0,0.9635775227225051,0.045199555623782244,0.9635775227225051,0.04739217864704506,3.95,0.9672096378883828,0.04157962300855211,0.9672096378883828,0.04121487850699754,19.0,0.8752692048394812,0.13170905409618905,0.8752692048394812,0.11993935207537207,20.0,0.9612781856593651,0.047714641681037534,0.9612781856593651,0.04712827557576676,61.2,0.9658124628131346,0.04462353049466182,0.9658124628131346,0.046077037664238533
47.1,0.9712934863994376,0.037584257654096044,0.9712934863994376,0.02545002834132593,1904.0,0.9432597675491061,0.07980366665242229,0.9432597675491061,0.1169554397121566,40.0,0.97096392276415,0.036614197669279286,0.97096392276415,0.04014773203096731,-3.1,0.9653029562447079,0.0432979182490319,0.9653029562447079,0.04653303258731415,13.21,0.9685692816200574,0.03959874059902999,0.9685692816200574,0.03957085766803833,46.0,0.8758732736281529,0.13080621275345664,0.8758732736281529,0.1181778559765311,30.6,0.9626378293910398,0.045755286109898013,0.9626378293910398,0.0443398189167573,70.6,0.9658124628131347,0.04462353049466183,0.9658124628131347,0.046077037664238533
20.4,0.9717711170090979,0.036995560586519684,0.9717711170090979,0.02524976801416074,1168.0,0.9452160670558787,0.07760565947866221,0.9452160670558787,0.11143498348533484,28.0,0.9704757013694093,0.03709803094390618,0.9704757013694093,0.04001918124123092,1.6,0.9668102986396483,0.0418612617558425,0.9668102986396483,0.046822134223482095,3.67,0.9706895630325538,0.036783064596593175,0.9706895630325538,0.03631710808531555,22.0,0.8798130166153113,0.1258122114747032,0.8798130166153113,0.11425987309391679,19.6,0.9643467097247094,0.043043544239036835,0.9643467097247094,0.04046193170018742,58.0,0.968217943767621,0.04157013812165009,0.968217943767621,0.04417537587922961
58.0,0.9726800706896055,0.03602560360927093,0.9726800706896055,0.02350135942738951,1906.0,0.9485307051059926,0.07247372751961649,0.9485307051059926,0.10213285898709394,60.0,0.9716270114852016,0.03569466575145137,0.9716270114852016,0.037720332109274696,0.0,0.9689305800521444,0.039055964687453114,0.9689305800521444,0.044582978724557264,16.55,0.9702688307467867,0.03726705565018867,0.9702688307467867,0.03667534356615357,30.0,0.8819995275586412,0.12301932092846693,0.8819995275586412,0.10780592320383396,32.2,0.9659291518793678,0.04080901295639205,0.9659291518793678,0.037595257410066724,68.6,0.9698003859222792,0.03932367772089444,0.9698003859222792,0.04237858477420474
20.8,0.9741415318501722,0.03431793380576345,0.9741415318501722,0.021620237458128022,2088.0,0.9470692439454259,0.0740748992882171,0.9470692439454259,0.10475162151033539,51.0,0.9724806463076112,0.03469742610397612,0.9724806463076112,0.03738438316459154,-0.8,0.9700818901679364,0.037657297825297274,0.9700818901679364,0.04188214553367241,6.13,0.9726866354256879,0.034545439364788745,0.9726866354256879,0.034468851264255286,34.0,0.8825983301943741,0.12247279547562047,0.8825983301943741,0.10635936664754174,23.5,0.9676002518441503,0.03872951455336635,0.9676002518441503,0.03354949034563044,61.2,0.9709641717894635,0.03803420788328698,0.9709641717894635,0.04118006092135386
59.6,0.9731260619826739,0.035477493003372475,0.9731260619826739,0.021613299461822635,1706.0,0.9470692439454259,0.0740748992882171,0.9470692439454259,0.10475162151033539,65.0,0.9724806463076112,0.03469742610397612,0.9724806463076112,0.03738438316459154,-7.8,0.9709355249903461,0.036663469453784306,0.9709355249903461,0.04042715676156482,14.47,0.9724318032390112,0.03487076388527315,0.9724318032390112,0.03648789716887367,39.0,0.8825983301943741,0.12247279547562047,0.8825983301943741,0.10635936664754174,31.4,0.9668249459411077,0.03972017544264225,0.9668249459411077,0.03537156788602849,69.8,0.9712190039761402,0.0377102320813348,0.9712190039761402,0.0404125546947597
45.1,0.9733808941693505,0.035152082123451354,0.9733808941693505,0.020285720032752107,1969.0,0.9470692439454259,0.0740748992882171,0.9470692439454259,0.10475162151033539,28.0,0.9724806463076112,0.03469742610397612,0.9724806463076112,0.03738438316459154,3.9,0.9723467300306334,0.03432061117976165,0.9723467300306334,0.035271424220641556,7.21,0.9704680907186649,0.03794474205851999,0.9704680907186649,0.04018629789513413,26.0,0.8864179901058268,0.11970843457929875,0.8864179901058268,0.10285968862730499,24.3,0.9662724384610487,0.04044710015564293,0.9662724384610487,0.035822753742148335,69.0,0.9712190039761402,0.0377102320813348,0.9712190039761402,0.036883441806968946
33.7,0.9742913564533117,0.0338817439779389,0.9742913564533117,0.020030783782585784,814.0,0.9470692439454259,0.0740748992882171,0.9470692439454259,0.10475162151033539,32.0,0.9716735100559957,0.03596068298671252,0.9716735100559957,0.038085448509553504,3.1,0.9723467300306334,0.03432061117976165,0.9723467300306334,0.03529431107374752,3.67,0.9717992852883932,0.036196183635678496,0.9717992852883932,0.03765747035108612,16.0,0.8861327905638368,0.1199166278910837,0.8861327905638368,0.10086739716597837,19.6,0.9664952368840323,0.04018487739450177,0.9664952368840323,0.03535789708144721,61.2,0.9709641717894635,0.03803420788328662,0.9709641717894635,0.03663638416553968
49.4,0.9749469865505959,0.03293568889579171,0.9749469865505959,0.020018286850102582,1591.0,0.9465916133357658,0.07462898790377898,0.9465916133357658,0.10416626965030897,43.0,0.9719711853493779,0.03555187181820507,0.9719711853493779,0.038923801213751476,3.1,0.972006824635579,0.03466751336091538,0.972006824635579,0.03415855361916813,10.13,0.9722200175741601,0.035710914935706314,0.9722200175741601,0.03606010901788242,21.0,0.8834084403626689,0.12319163337551584,0.8834084403626689,0.10378160595497554,28.2,0.9649127947293739,0.042421820678351686,0.9649127947293739,0.038178027004888655,70.6,0.9692552914557938,0.040774451618405,0.9692552914557938,0.03992195618511332
40.8,0.9740365242666349,0.0342078087894513,0.9740365242666349,0.020034944467603743,1934.0,0.9449205133709833,0.07659694215944834,0.9449205133709833,0.10832713485362132,21.0,0.9714186778693187,0.03628527853955522,0.9714186778693187,0.038136625289253594,0.0,0.9716308204228297,0.035074712241262136,0.9716308204228297,0.037163470921221436,14.99,0.971068707458368,0.03711517005050958,0.971068707458368,0.037727240442019985,22.0,0.8829308097530085,0.12367669769729457,0.8829308097530085,0.10509313062116549,30.6,0.9621884445282061,0.046270660261758544,0.9621884445282061,0.04492969862866322,69.4,0.9696132462596959,0.04024476463985255,0.9696132462596959,0.037466847958369395
50.6,0.9722171083021662,0.03644843798469797,0.9722171083021662,0.023534251465668822,1943.0,0.9430764766563952,0.07848118992055299,0.9430764766563952,0.10771262677097324,50.0,0.9730011200239769,0.034022346770650386,0.9730011200239769,0.03439009112211168,-2.3,0.972676657645641,0.03398134036428022,0.972676657645641,0.036729079877289184,15.19,0.9701601676991609,0.03789737270418998,0.9701601676991609,0.037904517538148434,31.0,0.8802444105485006,0.12514711155225414,0.8802444105485006,0.10889463359720422,31.8,0.959762563889117,0.04864598671690772,0.959762563889117,0.04678120921310357,69.8,0.9709263914205767,0.03868726035055804,0.9709263914205767,0.03595374981372579
42.7,0.9719943098791829,0.036713179158280845,0.9719943098791829,0.023165412036136382,2101.0,0.9422725695644286,0.07912941950007135,0.9422725695644286,0.10655334134578757,39.0,0.9736567501212613,0.033077698838088754,0.9736567501212613,0.033121140293808936,-3.1,0.9738565689503571,0.03286188898719299,0.9738565689503571,0.03554407167910038,15.12,0.9701601676991609,0.03789737270418998,0.9701601676991609,0.03683962599215475,38.0,0.8767371176575511,0.12743099405443475,0.8767371176575511,0.10958311285494945,31.4,0.9584618944796287,0.05002422811989607,0.9584618944796287,0.046831807661281796,74.9,0.9710747074202624,0.038549171975626136,0.9710747074202624,0.03838766799995879
34.1,0.9721561449242713,0.036553406541187626,0.9721561449242713,0.02381828827591726,1921.0,0.9422725695644286,0.0791294195000717,0.9422725695644286,0.10636309749509908,19.0,0.9720584054183906,0.03490791734870495,0.9720584054183906,0.03442770082973261,0.0,0.9761251663625395,0.029875080156995235,0.9761251663625395,0.031603474390033595,8.14,0.9707126751792199,0.037165887182466724,0.9707126751792199,0.03672501759522206,37.0,0.8772749569153893,0.12697970852006324,0.8772749569153893,0.10482004882817864,25.1,0.9584618944796287,0.05002422811989607,0.9584618944796287,0.04743492788434893,73.3,0.9714146128153168,0.03820398429962544,0.9714146128153168,0.038244608883177225
45.1,0.973469290085152,0.03498655164519247,0.973469290085152,0.024368666792726788,818.0,0.9420944992144626,0.07930156498832415,0.9420944992144626,0.10509017257514887,59.0,0.9727339698908347,0.03409649451408775,0.9727339698908347,0.03269579940816502,-0.8,0.9779692030771274,0.027822544106459696,0.9779692030771274,0.029645425445515506,4.81,0.9708907455291856,0.03697988674629455,0.9708907455291856,0.03677396582457203,21.0,0.8780502628184317,0.12616404809145187,0.8780502628184317,0.10378063509501353,20.8,0.959477364347127,0.048898659925126514,0.959477364347127,0.04493544332307345,65.9,0.9723878525811431,0.03698686634574183,0.9723878525811431,0.03739189976586185
33.7,0.9729167826050928,0.03572147253622881,0.9729167826050928,0.024321726562149343,1703.0,0.9411212594486366,0.08043466897345332,0.9411212594486366,0.10456962763089929,75.0,0.9712247049711407,0.03603601873746053,0.9712247049711407,0.036015633102707216,1.6,0.9779692030771274,0.027822544106459696,0.9779692030771274,0.029645425445515506,9.62,0.9703382380491267,0.037711620140636504,0.9703382380491267,0.03851028238316058,24.0,0.8775124235605936,0.12661636990593036,0.8775124235605936,0.10854369912178435,25.9,0.9603004031469551,0.04809368048315907,0.9603004031469551,0.04557906138415404,71.0,0.9717122881086993,0.03779597531957684,0.9717122881086993,0.03691279260178647
100.0,0.9729167826050928,0.03572147253622881,0.9729167826050928,0.023106039921269007,1324.0,0.9473885741701638,0.06948583175450787,0.9473885741701638,0.071766286917395,86.0,0.9705826329242628,0.03658319371296885,0.9705826329242628,0.03538894525726475,4.7,0.979142129119271,0.026604523125172898,0.979142129119271,0.028650943363355025,22.03,0.9699622338363771,0.038116894060062904,0.9699622338363771,0.037915383538110595,37.0,0.8764076120155957,0.12800088500459142,0.8764076120155957,0.11039076029667053,37.3,0.9589872579860745,0.04962010107099626,0.9589872579860745,0.050502431343574176,55.3,0.9720099634020815,0.03738770918710128,0.9720099634020815,0.036724605162389345
78.8,0.9735155852408259,0.035048511464655985,0.9735155852408259,0.023234509478903733,1638.0,0.9489869188730344,0.06776327161343385,0.9489869188730344,0.07112887511785707,46.0,0.9690001907696045,0.03883604073618841,0.9690001907696045,0.03653698929619296,-10.9,0.9808132290840537,0.024470468728449216,0.9808132290840537,0.027360039292389973,18.53,0.9684529689166833,0.04004432525019154,0.9684529689166833,0.039877413349069316,53.0,0.8714446662361225,0.1322050831837325,0.8714446662361225,0.11673980816083701,32.5,0.9550475149989159,0.055475987263228714,0.9550475149989159,0.058515712623565724,65.5,0.9710995011181205,0.038651637446385785,0.9710995011181205,0.03978206308989289
56.5,0.9749770464013927,0.03333781729235222,0.9749770464013927,0.023658635736587948,1822.0,0.9486289640691324,0.06827066755108854,0.9486289640691324,0.07389500040600755,64.0,0.9692550229562814,0.0385129713596071,0.9692550229562814,0.033574943487973644,-3.9,0.9823224940037477,0.02249292964504245,0.9823224940037477,0.024220571440021,15.22,0.9684529689166833,0.04004432525019154,0.9684529689166833,0.039877413349069316,57.0,0.866438356920013,0.13636134498793595,0.866438356920013,0.12086386035990282,31.4,0.9550475149989159,0.055475987263228714,0.9550475149989159,0.058515712623565724,69.0,0.9730632136384669,0.03557699298073236,0.9730632136384669,0.03585209785992811
18.8,0.9775395615574721,0.029560311595081448,0.9775395615574721,0.021452869519809285,1845.0,0.9480305753546997,0.0687235468960667,0.9480305753546997,0.07411051258999338,38.0,0.970614666687956,0.036523357213024014,0.970614666687956,0.03132276168839936,0.0,0.9825452924267312,0.02222197289687243,0.9825452924267312,0.023700877401129253,5.18,0.9684529689166833,0.04004432525019154,0.9684529689166833,0.039877413349069316,50.0,0.8660984515249586,0.1366276447267946,0.8660984515249586,0.1208355522048502,22.7,0.9550475149989159,0.055475987263228714,0.9550475149989159,0.058515712623565724,63.1,0.973483945924234,0.035090784957295465,0.973483945924234,0.03593710470088966
60.4,0.9783931963798816,0.028551271709261368,0.9783931963798816,0.02064984168363252,1669.0,0.9477757431680228,0.06903097080649487,0.9477757431680228,0.07445203618174386,64.0,0.9709726214918581,0.03599131765535352,0.9709726214918581,0.03126246043211638,5.5,0.9845015919335035,0.019804466157068545,0.9845015919335035,0.02169723487669507,15.54,0.9668705267620249,0.042286303272923,0.9668705267620249,0.04140620632833157,51.0,0.8705006920523964,0.13337093984449047,0.8705006920523964,0.11537484321811006,31.8,0.9532671389814741,0.05787085796083074,0.9532671389814741,0.062103814619245745,68.6,0.976208296125402,0.031162548619845642,0.976208296125402,0.030704326194975644
85.1,0.9793036586638426,0.027267918125615322,0.9793036586638426,0.019437384363084488,1761.0,0.9455892322246929,0.07220117805710508,0.9455892322246929,0.07915035807546839,70.0,0.9693015215270753,0.03808325469422158,0.9693015215270753,0.03406610216546968,1.6,0.9851003945692366,0.019113295342976774,0.9851003945692366,0.021301475747668296,22.16,0.9651994267972422,0.04435798226511318,0.9651994267972422,0.04440599115233324,58.0,0.8705006920523964,0.13337093984449047,0.8705006920523964,0.11906416922785754,34.5,0.9514477230170055,0.060015700051154995,0.9514477230170055,0.06729118347310901,65.1,0.9764631283120789,0.030834922181316816,0.9764631283120789,0.03126590789443752
83.5,0.9783947049833353,0.028253072048284603,0.9783947049833353,0.0199344640072919,2004.0,0.9444844206796952,0.07378067572430727,0.9444844206796952,0.08129363391323512,21.0,0.9686259570546316,0.03888886621851557,0.9686259570546316,0.03302700544401769,-6.2,0.9857759590416805,0.018279515171937422,0.9857759590416805,0.02044282796595249,20.05,0.9644387891164208,0.045176060944993844,0.9644387891164208,0.043576512834857827,62.0,0.8645641894922864,0.13904548785351806,0.8645641894922864,0.12532400627609946,32.9,0.9504975953978455,0.06090349434380914,0.9504975953978455,0.06648705975571288,65.5,0.9773167631344886,0.029828163581415455,0.9773167631344886,0.030644344225056793
20.8,0.9775410701609255,0.029262373742942854,0.9775410701609255,0.022366617940492772,1883.0,0.9441992211377053,0.074021271750142,0.9441992211377053,0.0808145842970695,33.0,0.970028666782331,0.037516530837953845,0.970028666782331,0.031897696200679615,9.4,0.986909219748625,0.016703149363405195,0.986909219748625,0.017578562333508605,4.7,0.9637831590191364,0.04610311110297195,0.9637831590191364,0.04462131892420839,43.0,0.865339495395329,0.1382557295009175,0.865339495395329,0.12093526202449771,22.0,0.9491664008281173,0.06257686935735796,0.9491664008281173,0.06780825989982105,63.1,0.9775715953211653,0.029499798828582776,0.9775715953211653,0.030570012533029975
37.3,0.9778512212057,0.028959797936103895,0.9778512212057,0.0238473019563297,808.0,0.9452450583605166,0.07300403586200584,0.9452450583605166,0.08060872203647473,69.0,0.9707042312547747,0.036708719267850055,0.9707042312547747,0.033173439760323165,-1.6,0.9858633825258136,0.01783190906442661,0.9858633825258136,0.02000942730499578,4.03,0.963944994064225,0.04594636840978731,0.963944994064225,0.04525380800002449,32.0,0.8672091661489485,0.13755247840133641,0.8672091661489485,0.12046858460519816,19.6,0.950339326870261,0.06143961973626769,0.950339326870261,0.06759450052375715,56.1,0.9777334303662538,0.02933784548810682,0.9777334303662538,0.029241566271642504
100.0,0.9787048560281097,0.027949895947994515,0.9787048560281097,0.021415148023128827,1727.0,0.943286611993109,0.07551224648677746,0.943286611993109,0.0849024803024601,94.0,0.9693015215270753,0.03808325469422158,0.9693015215270753,0.03430274900366124,5.5,0.9860252175709022,0.017666584417970234,0.9860252175709022,0.019642302965682083,29.35,0.965049805609223,0.04429894365922208,0.965049805609223,0.04372272031018598,46.0,0.8677470054067865,0.13711407942145404,0.8677470054067865,0.11947243992472925,38.8,0.9521197028877028,0.05905944088127035,0.9521197028877028,0.06343595323796479,59.2,0.9770578658938099,0.030156972467730164,0.9770578658938099,0.029765267327679527
84.3,0.9783947049833353,0.028253072048284603,0.9783947049833353,0.0199344640072919,1869.0,0.9432866119931089,0.07551224648677744,0.9432866119931089,0.08661990765269618,20.0,0.9686259570546316,0.03888886621851557,0.9686259570546316,0.03302700544401769,-2.3,0.9866503225079466,0.017038783876017413,0.9866503225079466,0.01975157630343795,23.26,0.9665590705289171,0.04238536788943769,0.9665590705289171,0.04100404710812461,50.0,0.8686971330259466,0.13639804586860874,0.8686971330259466,0.1211824646838382,34.9,0.9550136086520497,0.0542900112108989,0.9550136086520497,0.055670796000635195,65.1,0.9768960308487212,0.030318671498539222,0.9768960308487212,0.031855011041369743
19.2,0.9775410701609255,0.029262373742942854,0.9775410701609255,0.022366617940492772,1619.0,0.9425113060900664,0.07644618156917675,0.9425113060900664,0.08760856771284256,79.0,0.9699571516243596,0.037145117518366084,0.9699571516243596,0.03304666481173858,3.9,0.9870263267206961,0.016618003236566595,0.9870263267206961,0.0202009612839182,4.36,0.9646006241615094,0.0450190455535734,0.9646006241615094,0.04271579931746617,54.0,0.8658773346531671,0.13781908033401644,0.8658773346531671,0.12081503436894027,22.0,0.955986848417876,0.05311111800095612,0.955986848417876,0.05321124576199643,63.1,0.9760423960263116,0.03132454524881344,0.9760423960263116,0.0326447999709368
99.2,0.9784500238414331,0.028279062840921965,0.9784500238414331,0.02338029527987212,1914.0,0.9438244512509472,0.07498567857001166,0.9438244512509472,0.08659068676396725,20.0,0.970582256561404,0.03654046220060254,0.970582256561404,0.03309762567907104,-7.0,0.9870263267206961,0.016618003236566595,0.9870263267206961,0.0202009612839182,23.95,0.9632694295917813,0.04674171987679599,0.9632694295917813,0.04537462504717554,57.0,0.8598985012191295,0.14343027231670188,0.8598985012191295,0.12580296128539042,34.1,0.9568958020983834,0.052173356686767196,0.9568958020983834,0.05047213449376493,62.0,0.9766411986620447,0.030646585027219807,0.9766411986620447,0.030904258761328636
20.0,0.977476784075607,0.029512898107719877,0.977476784075607,0.02344774046892001,1873.0,0.9476273106958015,0.06939846310189993,0.9476273106958015,0.07715827471271489,19.0,0.9692815871519158,0.037951963642813294,0.9692815871519158,0.034359578658675775,0.0,0.9870263267206961,0.016618003236566595,0.9870263267206961,0.0202009612839182,5.65,0.9647786945114754,0.044835751901115724,0.9647786945114754,0.043044266778181815,56.0,0.8579347886987831,0.1458825054417751,0.8579347886987831,0.1257545030940619,23.5,0.9577188408982115,0.05137358379281479,0.9577188408982115,0.05218071121066204,63.1,0.9778049845292289,0.02933702757711564,0.9778049845292289,0.030309708507999973
100.0,0.974467234332449,0.033712591726472736,0.974467234332449,0.025165741417679514,1838.0,0.9489869544274762,0.0674999334496906,0.9489869544274762,0.07215169585850426,93.0,0.9686259570546316,0.03888886621851557,0.9686259570546316,0.036431019739884406,5.5,0.9875788342007553,0.01586115278814161,0.9875788342007553,0.020086199758475674,30.76,0.9661098890812034,0.04310755023170436,0.9661098890812034,0.039750646738529044,62.0,0.8594690507314553,0.14349919145319415,0.8594690507314553,0.12411222274037298,39.2,0.9584941468012542,0.050402282474219684,0.9584941468012542,0.048666366966696614,59.6,0.9789382452361735,0.027786550128163164,0.9789382452361735,0.028953797875933676
83.1,0.9742891639824831,0.03389992439666705,0.9742891639824831,0.024360368811639173,1799.0,0.9489869544274762,0.0674999334496906,0.9489869544274762,0.07215169585850426,19.0,0.9675727068182463,0.040687363029718315,0.9675727068182463,0.03834886629701639,-3.9,0.9875788342007553,0.01586115278814161,0.9875788342007553,0.020086199758475674,22.42,0.9666623965612624,0.04238227699567313,0.9666623965612624,0.03930360199590546,66.0,0.8603398476802171,0.1429000084913117,0.8603398476802171,0.12702895870164832,34.5,0.9604578593216003,0.047393582380098845,0.9604578593216003,0.04468132295408346,65.1,0.9802694398059018,0.02600803388715769,0.9802694398059018,0.02858149025300826
18.4,0.9729760188216026,0.0354696447801067,0.9729760188216026,0.027560739938404966,1752.0,0.9489869544274762,0.0674999334496906,0.9489869544274762,0.07215169585850426,26.0,0.9689839118585336,0.038358845778237324,0.9689839118585336,0.03485356363187681,0.0,0.9871581019149881,0.016363031984709234,0.9871581019149881,0.021437228024462067,4.8,0.9666623965612624,0.04238227699567313,0.9666623965612624,0.03908598276887563,49.0,0.8613553175477154,0.14201063494150595,0.8613553175477154,0.12434268716494379,22.4,0.9604578593216003,0.047393582380098845,0.9604578593216003,0.04431510489888049,63.5,0.9816006343756298,0.02422458461362358,0.9816006343756298,0.024930106738054222
100.0,0.9749344651890103,0.03279234561270161,0.9749344651890103,0.02541644943331819,1355.0,0.9473158544626936,0.06948609669780172,0.9473158544626936,0.07214041070301787,98.0,0.9709391290662918,0.03625300953389234,0.9709391290662918,0.033857902767223155,3.1,0.986247639631027,0.017667151075061262,0.986247639631027,0.022934290779351274,18.01,0.9681697389562028,0.04094198247313928,0.9681697389562028,0.03799711860215431,55.0,0.8603020673113302,0.1434736902855202,0.8603020673113302,0.12597601121164584,31.4,0.9623312324806303,0.04573393543929108,0.9623312324806303,0.04350991093750635,56.1,0.9826161042431283,0.023042654930388155,0.9826161042431283,0.02262072711918877
20.4,0.9745945597939558,0.03314076794410074,0.9745945597939558,0.026578012335966173,2038.0,0.9488251193823877,0.06765032654213729,0.9488251193823877,0.06954067197218693,19.0,0.9727831657808799,0.034224071691930695,0.9727831657808799,0.034335581241229395,0.0,0.9864455734938108,0.017439581621345443,0.9864455734938108,0.022027617038849232,6.06,0.9693496502609185,0.039836577426152035,0.9693496502609185,0.03801264288149412,60.0,0.8581155563680003,0.1461305055152015,0.8581155563680003,0.12660015097710672,24.3,0.963699187583972,0.04459659428671314,0.963699187583972,0.04516283564134487,63.1,0.9827941745930939,0.022851648468344733,0.9827941745930939,0.02259114962581411
17.3,0.9744462437942697,0.03328022259617168,0.9744462437942697,0.0283365369035741,1600.0,0.9504962193471702,0.06565738137134113,0.9504962193471702,0.06830012656728635,20.0,0.9739560918230236,0.033020575199729826,0.9739560918230236,0.03323273362822266,0.0,0.9862675031438447,0.01763230554583004,0.9862675031438447,0.020552747387757028,4.25,0.9699484528966515,0.039168785716775505,0.9699484528966515,0.03865587901181722,51.0,0.8577756509729458,0.1463893437050992,0.8577756509729458,0.12683666557752896,22.0,0.9641874089787124,0.04412019811030732,0.9641874089787124,0.04668058772815106,75.3,0.9820335369122726,0.023702560252640507,0.9820335369122726,0.025076622042452014
97.6,0.9733129830873252,0.03481689212338567,0.9733129830873252,0.029797797806666367,1386.0,0.9508541741510723,0.06514790161175212,0.9508541741510723,0.06540392784859399,101.0,0.9746316562954674,0.032206165662522164,0.9746316562954674,0.03427183034967466,6.2,0.9867451337535049,0.017024309506043837,0.9867451337535049,0.01943260913989412,20.35,0.9717288289140934,0.0366940100753653,0.9717288289140934,0.03695386238361414,46.0,0.859687652600493,0.14570810698247685,0.859687652600493,0.1269642814217945,35.3,0.9645453637826144,0.04359467961284077,0.9645453637826144,0.046570261622928516,60.8,0.9820335369122726,0.023702560252640507,0.9820335369122726,0.024063490439313117
90.6,0.9733129830873252,0.034816892123384964,0.9733129830873252,0.029966089816995677,1563.0,0.9503163348932342,0.06568459268429488,0.9503163348932342,0.06499049615280018,49.0,0.9739560918230236,0.033020575199729826,0.9739560918230236,0.032526213890596144,-3.9,0.9870428090468871,0.01660310750413021,0.9870428090468871,0.020220491112646472,16.8,0.9728620896210379,0.03516215985171027,0.9728620896210379,0.03442983036874813,47.0,0.8619696117154345,0.14475972449703484,0.8619696117154345,0.1269618932619629,32.2,0.9659050075142891,0.04162240877757707,0.9659050075142891,0.044125293258267084,58.0,0.9807023423425444,0.02548753374521325,0.9807023423425444,0.02565441631026549
15.7,0.9720123136778368,0.036234948744506584,0.9720123136778368,0.03160708552401546,1491.0,0.9534330390805646,0.060691389848296834,0.9534330390805646,0.05975767308687594,31.0,0.9735069103753099,0.03375290631758844,0.9735069103753099,0.031172141838745535,0.8,0.9874188132596367,0.016181988412505944,0.9874188132596367,0.020996565333273858,4.11,0.9726392911980544,0.03542738235332893,0.9726392911980544,0.034815518036599484,27.0,0.8646939619166024,0.14165076243427546,0.8646939619166024,0.11925363810276132,20.8,0.9653062048785561,0.04228569173916063,0.9653062048785561,0.044623401331376863,75.3,0.9789934620088748,0.028278508791019855,0.9789934620088748,0.029566448427735783
34.5,0.9712370077747942,0.03723240268629221,0.9712370077747942,0.032705500980069205,814.0,0.9534330390805646,0.06069138984829648,0.9534330390805646,0.060084451003316275,73.0,0.9735069103753099,0.03375290631758844,0.9735069103753099,0.031172141838745535,-3.1,0.9876736454463136,0.015846548660947243,0.9876736454463136,0.01912105467961029,3.67,0.9726392911980544,0.03542738235332929,0.9726392911980544,0.03608009588089,24.0,0.8605085269177265,0.14661242630337942,0.8605085269177265,0.12259427477075793,19.2,0.964395742594595,0.04353579010150526,0.964395742594595,0.04456285468845276,60.4,0.979291137302257,0.027864117649420306,0.979291137302257,0.029483265660705853
90.2,0.9703833729523845,0.0382260599001085,0.9703833729523845,0.0345095941951106,1327.0,0.952524085400057,0.06161727425657664,0.952524085400057,0.06167586630191627,72.0,0.9728512802780256,0.034696947184737564,0.9728512802780256,0.03205514822025515,-0.8,0.9871358061884753,0.01643368213014833,0.9871358061884753,0.019362408141649436,17.77,0.9737725519049989,0.033892542627712526,0.9737725519049989,0.03509243681513683,38.0,0.8583220159743966,0.14926208059741167,0.8583220159743966,0.12904081538486564,33.7,0.9653689823604213,0.042333393077261916,0.9653689823604213,0.04195562105153098,60.0,0.9790363051155803,0.028193512815990845,0.9790363051155803,0.02913870962564209
91.0,0.9686029969349426,0.04069440533091039,0.9686029969349426,0.03541406372589598,2027.0,0.9522692532133802,0.06192823159304026,0.9522692532133802,0.06188677906996858,47.0,0.9724933254741236,0.0352305440834418,0.9724933254741236,0.03143566855471154,-3.1,0.987896443869297,0.015572561516330633,0.987896443869297,0.01790211623952325,22.32,0.9726087660378145,0.035190959875969874,0.9726087660378145,0.035866834437924905,45.0,0.8591928129231585,0.14866993126946368,0.8591928129231585,0.13024178444424303,25.9,0.9662794446443824,0.04108081745831055,0.9662794446443824,0.03950386202308966,65.9,0.979796942796402,0.027348797387410563,0.979796942796402,0.026795238206326517
20.8,0.9697362576418872,0.03917243302498318,0.9697362576418872,0.030925902629066974,1084.0,0.9524473235633462,0.061750656509127026,0.9524473235633462,0.06294337848500615,33.0,0.9735981370191217,0.03355542339364184,0.9735981370191217,0.030552398506987974,-3.9,0.987896443869297,0.015572561516330633,0.987896443869297,0.01976170735439979,2.9,0.9720562585577555,0.03592507949552228,0.9720562585577555,0.03540511546008556,39.0,0.8591928129231584,0.148669931269463,0.8591928129231584,0.12651058911181304,18.0,0.9655188069635608,0.041902470198505175,0.9655188069635608,0.03998453376741095,58.0,0.9804525728936861,0.026392771489666254,0.9804525728936861,0.025590141707678857
40.0,0.9704968953227087,0.03834476505416227,0.9704968953227087,0.02971491729111077,797.0,0.9512960134475539,0.06309310286590533,0.9512960134475539,0.06367298659328888,62.0,0.9746439742419333,0.03245805542058176,0.9746439742419333,0.030159208197427817,-3.9,0.9869232041034709,0.016831379463075336,0.9869232041034709,0.021487385014743794,4.44,0.9725871501114629,0.03546209715879407,0.9725871501114629,0.035659986961985336,13.0,0.8598683773956024,0.14804810762006085,0.8598683773956024,0.1242495508425017,20.8,0.9672185708444153,0.04033195579025263,0.9672185708444153,0.039198784048176415,58.4,0.9806505067564698,0.0261683422531698,0.9806505067564698,0.025249565425406257
100.0,0.9720952400255793,0.03652332644131045,0.9720952400255793,0.026683338827501756,1207.0,0.9522692532133802,0.06192823159304026,0.9522692532133802,0.061133284089822756,22.0,0.9764633902064018,0.030204054737964177,0.9764633902064018,0.027853454830736323,-0.8,0.9863706966234119,0.01758717222574993,0.9863706966234119,0.02168994005248523,20.03,0.9743125836336657,0.033523930831178834,0.9743125836336657,0.03546603889532739,21.0,0.8619586569742216,0.14721563831045903,0.8619586569742216,0.12450477723316145,34.9,0.9697351890957286,0.037557842501363056,0.9697351890957286,0.0377879886124226,55.3,0.9812493093922027,0.025483853746261078,0.9812493093922027,0.02528650560777417
19.6,0.9726477475056385,0.035789515785743846,0.9726477475056385,0.024944109556842186,891.0,0.9543291030883796,0.05983698278699079,0.9543291030883796,0.06031585082146023,34.0,0.9775966509133464,0.028656801718162338,0.9775966509133464,0.02818435065848743,-1.6,0.9858930660137517,0.018194658627483287,0.9858930660137517,0.023388701446638675,4.02,0.9748650911137247,0.03278665186266173,0.9748650911137247,0.03472198518794986,10.0,0.8668771549054584,0.14316820701442856,0.8668771549054584,0.11861315774813631,20.8,0.9685714032285444,0.038846134398200095,0.9685714032285444,0.03941726535127526,60.0,0.981546984685585,0.025067620662519764,0.981546984685585,0.02533209281111228
40.4,0.9732002549856975,0.03505484787182885,0.9732002549856975,0.025357715328717296,808.0,0.9554804132041717,0.058485847318717726,0.9554804132041717,0.057714184997710916,21.0,0.9779546057172483,0.028117862960860555,0.9779546057172483,0.027042875919124226,1.6,0.9852942633780186,0.01888696258642305,0.9852942633780186,0.022472663313143206,4.35,0.9748650911137247,0.03278665186266173,0.9748650911137247,0.03472198518794986,19.0,0.8699938590927887,0.1389301478798937,0.8699938590927887,0.11867466948156896,20.4,0.9678852479710202,0.03954628470778916,0.9678852479710202,0.041725302128181055,52.9,0.9825202244514112,0.0238240010885594,0.9825202244514112,0.02337472326241002
22.7,0.9732002549856975,0.03505484787182885,0.9732002549856975,0.025357715328717296,1981.0,0.9554804132041717,0.058485847318717726,0.9554804132041717,0.06010250370132287,45.0,0.9785071131973074,0.02737463352987262,0.9785071131973074,0.02618341571798852,-0.8,0.9859698278504625,0.01805285809764945,0.9859698278504625,0.02127770870580757,5.51,0.9751199233004014,0.032459923044208375,0.9751199233004014,0.03523545368144749,31.0,0.8695162284831285,0.13939716302271415,0.8695162284831285,0.11925000844511688,22.7,0.9672096834985763,0.04034961949621642,0.9672096834985763,0.04158343401962112,68.6,0.9831957889238552,0.022995710985468036,0.9831957889238552,0.024512278622360932
38.0,0.9741092086662051,0.0340815515036303,0.9741092086662051,0.0242395964350729,783.0,0.9583530794050256,0.05456677942472885,0.9583530794050256,0.0551368034057782,34.0,0.9792677508781289,0.026529761460130905,0.9792677508781289,0.024477767740586166,-2.3,0.986192626273446,0.01777985439609938,0.986192626273446,0.021677903355139562,4.22,0.9744642932031172,0.0334064737957282,0.9744642932031172,0.03667744903603464,13.0,0.8687555908023069,0.1400436256181094,0.8687555908023069,0.12098871961100274,20.4,0.9696274881774775,0.037644854324415736,0.9696274881774775,0.03957518414094979,54.1,0.9831957889238552,0.022995710985468036,0.9831957889238552,0.025727965263241268
52.9,0.9745868392758653,0.033489324235787564,0.9745868392758653,0.021967715554892672,1661.0,0.9604733608175219,0.05181568955402744,0.9604733608175219,0.052118118796706574,41.77021121631464,0.9810481268955707,0.024006899326343343,0.9810481268955707,0.022154563839200614,10.2,0.9867451337535049,0.01702430950604311,0.9867451337535049,0.0194859534303705,15.81,0.9733310324961727,0.03494302642924184,0.9733310324961727,0.04021819087561078,17.0,0.8695308967053494,0.13924972718595324,0.8695308967053494,0.11619277238445488,32.9,0.970791274044662,0.03635361592641587,0.970791274044662,0.0380529359209319,63.5,0.9838713533962989,0.022166260117075967,0.9838713533962989,0.025871194549622153
20.4,0.9748416714625421,0.03316287727518188,0.9748416714625421,0.020375370170225733,919.0,0.9638397830655678,0.04745484509729248,0.9638397830655678,0.04834532798184059,38.0,0.9814951614826493,0.0235771010369375,0.9814951614826493,0.02196307427232877,8.6,0.9864903015668283,0.01735912197439006,0.9864903015668283,0.01945186162992038,4.36,0.9738086631058328,0.03435172148032762,0.9738086631058328,0.040410481020627775,9.0,0.8716511781178458,0.1369830401326285,0.8716511781178458,0.11006431518915905,22.4,0.9704333192407599,0.036885417533037666,0.9704333192407599,0.0390845053352892,62.7,0.9841261855829758,0.021833605217477868,0.9841261855829758,0.025628094943566604
56.1,0.9742891639824831,0.03389992439666705,0.9742891639824831,0.02092101639700383,1425.0,0.9646150889686103,0.046473659147017045,0.9646150889686103,0.048926708846249556,24.0,0.9810481268955707,0.024006899326343343,0.9810481268955707,0.023001551589732175,0.0,0.9861323467629264,0.017906849166169664,0.9861323467629264,0.019913904554283542,11.41,0.9740634952925095,0.03402577477395819,0.9740634952925095,0.04014816005570254,12.0,0.8730789363466661,0.13579136912347037,0.8730789363466661,0.10749021758036675,29.8,0.9704333192407599,0.036885417533037666,0.9704333192407599,0.039399037657789904,63.1,0.9835736781029167,0.022584392957374473,0.9835736781029167,0.02693598913086486
60.0,0.9745868392758653,0.03348932423578721,0.9745868392758653,0.021884807342009434,1278.0,0.9665735353360179,0.0438428926151326,0.9665735353360179,0.04666720748071125,73.0,0.9804956194155118,0.024754036725790952,0.9804956194155118,0.023612905766087967,3.9,0.9861323467629264,0.01790684916616894,0.9861323467629264,0.020628155033871613,11.16,0.9738086631058329,0.03435172148032798,0.9738086631058329,0.041096109788315925,17.0,0.8738311301030426,0.13524180588470217,0.8738311301030426,0.10904416389564364,29.8,0.9706881514274367,0.036561328059535575,0.9706881514274367,0.03965074868526985,56.5,0.9835736781029167,0.022584392957374473,0.9835736781029167,0.02767649768227062
60.4,0.9745868392758653,0.03348932423578721,0.9745868392758653,0.02136709051744088,1385.0,0.9662758600426357,0.04424675816751432,0.9662758600426357,0.047736393897064223,80.0,0.9804956194155118,0.024754036725790952,0.9804956194155118,0.024539798722351243,-0.8,0.9859344129001426,0.018134250333545664,0.9859344129001426,0.021683442932273023,18.24,0.9744642932031172,0.0334064737957282,0.9744642932031172,0.03850115377507193,24.0,0.8719221819149637,0.13602321872574574,0.8719221819149637,0.11065004157601277,33.3,0.9689259768458197,0.03833568358885798,0.9689259768458197,0.03968189731149836,65.9,0.98331884591624,0.022916660178829224,0.98331884591624,0.029528859357288453
100.0,0.9729157393110829,0.035593812230348375,0.9729157393110829,0.021617562827972177,2287.0,0.9631591558553053,0.04936580034289538,0.9631591558553053,0.05719174890101871,65.0,0.980973250025172,0.02415316654477729,0.980973250025172,0.02572905093822743,0.0,0.9857116144771593,0.018407100349550194,0.9857116144771593,0.023384725880003624,35.67,0.9738391882660727,0.03401574746305715,0.9738391882660727,0.04026879697027429,30.0,0.8698319023363446,0.1369003821226998,0.8698319023363446,0.11238467270674612,38.8,0.9680804585592889,0.03902520446400682,0.9680804585592889,0.040418016884479525,63.9,0.9840941518192824,0.02189478619188066,0.9840941518192824,0.027028532571537787
69.0,0.9716025941502021,0.03715890160626265,0.9716025941502021,0.022872725494305683,2295.0,0.9608459838436447,0.05194760219392437,0.9608459838436447,0.0603862249139922,49.0,0.9817485559282145,0.02313479173850967,0.9817485559282145,0.025301695114090434,3.1,0.9857116144771593,0.018407100349549472,0.9857116144771593,0.022695445793303938,23.58,0.9734184559803056,0.03450260851205392,0.9734184559803056,0.041380513331579744,52.0,0.867698259221089,0.13777992956681118,0.867698259221089,0.11254822493819824,34.5,0.9659601771467926,0.04182795198933862,0.9659601771467926,0.04321085451616074,69.0,0.9843489840059592,0.02156198308378016,0.9843489840059592,0.02635756041565892
30.2,0.9701748359213818,0.03867782527987297,0.9701748359213818,0.0255892987005341,1851.0,0.9596946737278527,0.053314958265699854,0.9596946737278527,0.061442782672144904,40.0,0.9834196558929971,0.02098891900406076,0.9834196558929971,0.023607482298289073,1.6,0.9850360500047154,0.019240736982527235,0.9850360500047154,0.023863558631044182,9.88,0.9720872614105773,0.036256565547092307,0.9720872614105773,0.04322492787659197,62.0,0.8650340638371654,0.1390305383887716,0.8650340638371654,0.1125448014196524,29.4,0.9643618324439222,0.04362833781490244,0.9643618324439222,0.046219945971092045,75.3,0.9841261855829756,0.021833605217477865,0.9841261855829756,0.025431628293971616
20.4,0.9728991861225498,0.03477364533250743,0.9728991861225498,0.02494565420028732,2060.0,0.9599174721508362,0.05305763487499332,0.9599174721508362,0.05846784203544012,19.0,0.9845709660087893,0.01954683340554211,0.9845709660087893,0.02312039294630806,0.0,0.9839312384597174,0.0209525047645914,0.9839312384597174,0.027282793146361253,8.04,0.9731330986333889,0.03516391666571948,0.9731330986333889,0.0419083375811056,57.0,0.8678961930838727,0.13760801894554625,0.8678961930838727,0.1089423958187967,27.1,0.9651224701247436,0.042809109283362616,0.9651224701247436,0.044173296405631564,63.5,0.9843489840059592,0.0215619830837798,0.9843489840059592,0.02475599663174869
45.9,0.9734370253803879,0.03420537378579193,0.9734370253803879,0.025807337437153906,1931.0,0.9612486667205643,0.05135015560388536,0.9612486667205643,0.057010729167993796,19.0,0.9848257981954659,0.01921325588668349,0.9848257981954659,0.02470480681013428,5.5,0.983275608362433,0.021915675041747525,0.983275608362433,0.02901256464882859,13.25,0.9735801332204674,0.034742886844191044,0.9735801332204674,0.04240007154642242,59.0,0.8729025023999822,0.133449353832199,0.8729025023999822,0.10458766561217103,30.6,0.9661298234563631,0.04196741745538431,0.9661298234563631,0.0448571389421544,69.8,0.9857601890462465,0.01916369383529388,0.9857601890462465,0.022427400245952488
72.5,0.9742906602027976,0.0332048553601389,0.9742906602027976,0.02564413767903929,1965.0,0.9612486667205643,0.05135015560388536,0.9612486667205643,0.056834905843597405,70.0,0.9850806303821428,0.018879503117459256,0.9850806303821428,0.02508345464564816,-2.3,0.9840827446140488,0.0206251090858859,0.9840827446140488,0.025335991998502037,23.43,0.9722794638109791,0.03616145763034758,0.9722794638109791,0.045050123107279315,64.0,0.8754810033733419,0.13217940382992277,0.8754810033733419,0.1046971486794187,34.9,0.9648166782954823,0.04351224001154512,0.9648166782954823,0.049252655784516125,69.0,0.9859829874692301,0.018891000969530107,0.9859829874692301,0.022405917316484916
66.3,0.9747029485641194,0.032835304242271525,0.9747029485641194,0.023920474733818198,2374.0,0.9615885721156188,0.05101326051784993,0.9615885721156188,0.057590629754151135,60.0,0.9839473696751981,0.02045036989485338,0.9839473696751981,0.025525644983168932,0.8,0.9836620123282815,0.021123126134894008,0.9836620123282815,0.026502809267948093,23.47,0.9698739828564931,0.03924193756084105,0.9698739828564931,0.04861688596610157,78.0,0.8754810033733419,0.13217940382992277,0.8754810033733419,0.1046971486794187,34.5,0.9633552171349158,0.04518862048046926,0.9633552171349158,0.0503484078574536,69.8,0.9840192749488837,0.02204167965078906,0.9840192749488837,0.02709717453343171
34.5,0.9737528209449595,0.033774210974563686,0.9737528209449595,0.02472655446891782,2116.0,0.9606153323497926,0.05220182404770524,0.9606153323497926,0.05841533608199642,19.0,0.9832917395779139,0.021413891017035325,0.9832917395779139,0.025953678180803855,4.7,0.9831843817186213,0.02172717972294674,0.9831843817186213,0.027054398677530095,11.0,0.9701288150431697,0.038918665173935406,0.9701288150431697,0.04700688325015092,73.0,0.8756590737233078,0.13203238343743426,0.8756590737233078,0.10034566602088878,29.4,0.9621822910927722,0.046363315846264484,0.9621822910927722,0.052536874132267174,73.7,0.9828860142419392,0.0236071633567824,0.9828860142419392,0.029525732552506068
17.6,0.9755331969624014,0.03127932083991854,0.9755331969624014,0.024019018303369322,1530.0,0.9606153323497926,0.05220182404770419,0.9606153323497926,0.05943936801662493,30.0,0.9817824746582199,0.0233951087605314,0.9817824746582199,0.02785036158118873,8.6,0.9835423365225233,0.02118251913237201,0.9835423365225233,0.02677847107283507,3.93,0.9720872614105773,0.036256565547092307,0.9720872614105773,0.04322492787659197,28.0,0.8769597431327961,0.13090713642508983,0.8769597431327961,0.09969314236670875,21.2,0.9627810937285051,0.04570488572274664,0.9627810937285051,0.05182057327148042,62.7,0.9826632158189555,0.02387790358986341,0.9826632158189555,0.029877750111523285
38.8,0.9758731023574558,0.030929892224152357,0.9758731023574558,0.025846450547556205,805.0,0.9603051813050181,0.05249123402522095,0.9603051813050181,0.05898093351399547,91.0,0.982203206943987,0.022899051079396132,0.982203206943987,0.0284424300935606,0.8,0.9847061223897077,0.01985200667575421,0.9847061223897077,0.024522217901759808,6.71,0.9733879308200658,0.03483842118350253,0.9733879308200658,0.04002258792064204,32.0,0.8769597431327961,0.13090713642508983,0.8769597431327961,0.09969314236670875,28.2,0.9635417314093266,0.04488875239652115,0.9635417314093266,0.049899922396293324,54.5,0.9795465116316254,0.029153453975508465,0.9795465116316254,0.038014811092622273
100.0,0.9766337400382775,0.03009017846676583,0.9766337400382775,0.026666572406818818,1785.0,0.9622603985127766,0.0504343861982672,0.9622603985127766,0.058118830007621886,73.0,0.982203206943987,0.022899051079396132,0.982203206943987,0.0284424300935606,-3.1,0.9862153873094016,0.017859253875299803,0.9862153873094016,0.02173160817281493,29.26,0.9747191253897939,0.033080048408133104,0.9747191253897939,0.03956874182323317,47.0,0.8769597431327961,0.13090713642508983,0.8769597431327961,0.09969314236670875,38.0,0.9650031925698934,0.043211566506535605,0.9650031925698934,0.049755067641135485,58.8,0.9797083466767139,0.028991096575037918,0.9797083466767139,0.03841608206287445
80.4,0.9756182701707791,0.03125728611445621,0.9756182701707791,0.027034925701546905,2400.0,0.963329129324322,0.04943099713444381,0.963329129324322,0.06030495035223318,43.0,0.9832490441667986,0.021780013715298103,0.9832490441667986,0.02604278904091537,2.3,0.9864381857323854,0.017586136427412184,0.9864381857323854,0.022615759151015012,28.61,0.97404356091735,0.033893929417831016,0.97404356091735,0.03950129676332684,52.0,0.8769597431327961,0.13090713642508983,0.8769597431327961,0.09969314236670875,35.7,0.9640942388893856,0.044166558581109995,0.9640942388893856,0.04928856821993753,67.5,0.9795465116316254,0.029153453975508465,0.9795465116316254,0.040982870741835445
82.4,0.9749626400734946,0.03220515143709838,0.9749626400734946,0.02733585223629847,1777.0,0.9625684916435003,0.05024334807245485,0.9625684916435003,0.06262399700565854,65.0,0.9832490441667986,0.021780013715298103,0.9832490441667986,0.02604278904091537,1.6,0.9853049250254405,0.019160716264624515,0.9853049250254405,0.024719190415471527,21.53,0.9742663593403336,0.033627949914301784,0.9742663593403336,0.03692688837039602,57.0,0.8737056776869925,0.13283277358711737,0.8737056776869925,0.10223931516867858,34.1,0.9651990504343836,0.0425168231731085,0.9651990504343836,0.0452826341686357,65.9,0.9793485777688418,0.029377015411166024,0.9793485777688418,0.04107977070928129
19.6,0.9749626400734949,0.03220515143709768,0.9749626400734949,0.02912964006908424,1827.0,0.9638996862132286,0.048526862141190695,0.9638996862132286,0.0617305177371828,23.0,0.9841595064507596,0.02048376370405564,0.9841595064507596,0.02477683830266447,0.0,0.9857256573112076,0.018660999671622772,0.9857256573112076,0.024334965136129958,4.99,0.975026997021155,0.03279180351317146,0.975026997021155,0.03687715980292803,27.0,0.8737056776869925,0.13283277358711673,0.8737056776869925,0.10223931516867858,22.7,0.9649762520114002,0.04277813102766291,0.9649762520114002,0.046473076309584346,63.1,0.9793485777688418,0.029377015411166024,0.9793485777688418,0.04196595290980321
30.6,0.9753205948773968,0.031669023627156616,0.9753205948773968,0.028167491161828987,1333.0,0.9638996862132286,0.048526862141190695,0.9638996862132286,0.06191110448067359,94.0,0.9846371370604198,0.019878486930900247,0.9846371370604198,0.024614519130022904,5.5,0.9857256573112076,0.018660999671622772,0.9857256573112076,0.023410786798870136,10.21,0.9741165347371941,0.03406416731077943,0.9741165347371941,0.03665795154689563,32.0,0.8741833082966527,0.13235918507234287,0.8741833082966527,0.09949922832401495,30.2,0.9642009461083577,0.04376268177337099,0.9642009461083577,0.047390659519705815,56.9,0.9797245819815911,0.028964181091538758,0.9797245819815911,0.0410066597230102
100.0,0.9766337400382775,0.03009017846676583,0.9766337400382775,0.026666572406818818,1692.0,0.9633471787331696,0.04924640058919431,0.9633471787331696,0.06268953265078173,98.0,0.9836216671929217,0.02106621126473852,0.9836216671929217,0.025255082841116074,3.9,0.9843944627414797,0.02045974297421152,0.9843944627414797,0.02470391840219532,28.05,0.9754477293069221,0.03230335082934209,0.9754477293069221,0.03620410544948676,41.0,0.8769597431327961,0.13090713642508983,0.8769597431327961,0.09969314236670875,38.4,0.9656624072689243,0.0420825502904858,0.9656624072689243,0.047245804764547976,57.6,0.9798864170266797,0.02880176116544162,0.9798864170266797,0.039107202450049186
21.2,0.9772893701355617,0.02913919561341698,0.9772893701355617,0.026984771834864127,2572.0,0.9627483760974367,0.049903050163566345,0.9627483760974367,0.06409469978388092,21.0,0.9830691597128625,0.02181703236839231,0.9830691597128625,0.02399729948003729,0.0,0.9848151950272469,0.019961058273923107,0.9848151950272469,0.02332901385014635,7.23,0.9748952218268632,0.033041366649737655,0.9748952218268632,0.036863572831806794,33.0,0.8793157259079535,0.12977797903746013,0.8793157259079535,0.09726040235522948,26.3,0.9659600825623067,0.04167829122954518,0.9659600825623067,0.04729380224548006,78.4,0.9795465116316252,0.029153453975508458,0.9795465116316252,0.04195718677270396
50.2,0.9766337400382775,0.03009017846676583,0.9766337400382775,0.027827022886473256,2317.0,0.9627483760974367,0.049903050163567754,0.9627483760974367,0.06311375030543712,22.0,0.9836679623485953,0.02112812753672103,0.9836679623485953,0.022776606335928706,4.7,0.9850131288900305,0.0197342906289015,0.9850131288900305,0.02306305017062948,18.8,0.9768589343472096,0.029942818768943877,0.9768589343472096,0.03371191175052865,56.0,0.8841886360557912,0.12552891710322417,0.8841886360557912,0.09252938389769097,32.9,0.9670933432692513,0.040161881222240944,0.9670933432692513,0.04605478054572988,71.8,0.9791705074188758,0.029566136536049167,0.9791705074188758,0.042914485367114015
63.1,0.9748533640208357,0.032590184966120914,0.9748533640208357,0.028737374785706753,1924.0,0.9648317644235411,0.04748737500224401,0.9648317644235411,0.05977810927738953,21.0,0.9819968623838128,0.023274324541052712,0.9819968623838128,0.02467362826904798,-10.2,0.9856687589873148,0.01876791596995561,0.9856687589873148,0.021932203350598676,17.5,0.9772796666329767,0.02945216858234434,0.9772796666329767,0.032144450947653294,59.0,0.8845646402685408,0.1251993793776818,0.8845646402685408,0.09667353817955956,32.2,0.9680434708884113,0.03923611709445663,0.9680434708884113,0.04494561710720355,68.2,0.9793485777688415,0.02937701541116637,0.9793485777688415,0.043263247618263743
19.2,0.9748533640208357,0.032590184966120914,0.9748533640208357,0.027047968870980307,1919.0,0.963531095014053,0.04887516271228031,0.963531095014053,0.06146013861128038,19.0,0.9809510251610014,0.024390284745905096,0.9809510251610014,0.02677350219046769,10.2,0.9864440648903574,0.017740252318470536,0.9864440648903574,0.020514965390872438,6.43,0.9768589343472096,0.029942818768943877,0.9768589343472096,0.032774111822678476,53.0,0.8837110054461311,0.12601326509716845,0.8837110054461311,0.09878414514633062,26.3,0.9691767315953558,0.037713370763310175,0.9691767315953558,0.04224761493936423,63.1,0.9783753380030155,0.03061094545294303,0.9783753380030155,0.043794549903491284
43.5,0.9758266037866615,0.03136288791615391,0.9758266037866615,0.025189803264780077,810.0,0.9625809673948926,0.04978674231113306,0.9625809673948926,0.06253803131349804,50.0,0.9814888644188393,0.023811302883627726,0.9814888644188393,0.02633774116044069,-2.3,0.9855351112098496,0.01874174310244907,0.9855351112098496,0.020912657630037135,5.01,0.9768589343472096,0.029942818768943877,0.9768589343472096,0.034038689666968984,11.0,0.8834258059041412,0.1262185520208267,0.8834258059041412,0.10052488033382234,23.9,0.9691767315953558,0.037713370763310175,0.9691767315953558,0.041987384202900324,55.3,0.9783753380030155,0.03061094545294303,0.9783753380030155,0.043794549903491284
18.0,0.9758266037866615,0.03136288791615391,0.9758266037866615,0.024928045798762392,1617.0,0.9625809673948926,0.04978674231113306,0.9625809673948926,0.06253803131349804,67.0,0.9805799107383317,0.024801971144203863,0.9805799107383317,0.02697739628079257,7.8,0.9835766648424419,0.021477559113016142,0.9835766648424419,0.022483446201983313,3.16,0.976636135924226,0.03021038758952765,0.976636135924226,0.03340342132922197,20.0,0.8831156548593665,0.12645588615552478,0.8831156548593665,0.10238382288340467,20.4,0.9682034918295297,0.038925490820545035,0.9682034918295297,0.04301950268047418,59.6,0.978035432607961,0.030961436344396236,0.978035432607961,0.044808778866766576
67.5,0.9758266037866615,0.03136288791615391,0.9758266037866615,0.024928045798762392,2010.0,0.9625809673948926,0.04978674231113306,0.9625809673948926,0.06253803131349804,20.0,0.9817436966055162,0.02347990826624134,0.9817436966055162,0.026144206632603393,-3.9,0.9831559325566748,0.021974946223760016,0.9831559325566748,0.02463249584125761,22.12,0.9777693966311707,0.028662856117096645,0.9777693966311707,0.03129641618108902,30.0,0.8836038762541069,0.12606851049829368,0.8836038762541069,0.10279645886562114,34.1,0.9702633417045289,0.03674594535608499,0.9702633417045289,0.04167462778788857,67.5,0.9765739714473943,0.03268136905949306,0.9765739714473943,0.04819581947603817
62.4,0.9753489731770015,0.031956951472668964,0.9753489731770015,0.0265858120201738,1503.0,0.9627178509371966,0.04966855027832283,0.9627178509371966,0.06401193652676339,69.0,0.9819664950284995,0.023209341132530807,0.9819664950284995,0.02596342569625607,2.3,0.9818247379869467,0.023764375229880605,0.9818247379869467,0.02563233139049043,14.55,0.9773202151834568,0.029400176790236147,0.9773202151834568,0.03229775759401245,37.0,0.8811154109123827,0.1273555695731586,0.8811154109123827,0.10234796005855712,32.5,0.9715764868654096,0.03518258994062873,0.9715764868654096,0.04036183222822348,68.6,0.9765739714473941,0.03268136905949306,0.9765739714473941,0.04774534488888577
54.9,0.9764537847219994,0.030272974819833518,0.9764537847219994,0.024630227449817466,1926.0,0.9641793120977634,0.04800016870513495,0.9641793120977634,0.063837560538206,34.0,0.9835648397313703,0.021340293019510265,0.9835648397313703,0.023447184374266933,-4.7,0.9803154730672526,0.025738921195918658,0.9803154730672526,0.02804376818771448,15.92,0.977872722663516,0.028658174753101895,0.977872722663516,0.030897845345832908,42.0,0.8811154109123827,0.1273555695731586,0.8811154109123827,0.10234796005855712,31.8,0.9718741621587921,0.03477358338481971,0.9718741621587921,0.039802805893056174,67.8,0.9761979672346448,0.033091372442624126,0.9761979672346448,0.04870264348329583
31.4,0.9768117395259014,0.02973528289282698,0.9768117395259014,0.026718730610373664,2084.0,0.9630280019819714,0.04937741899529391,0.9630280019819714,0.06761751655849138,26.0,0.9837627735941536,0.02111410098035239,0.9837627735941536,0.022543522419358072,3.1,0.9800177977738704,0.026154408954937352,0.9800177977738704,0.02882447736581516,9.94,0.9776178904768392,0.028986864743963444,0.9776178904768392,0.0328983923724234,41.0,0.8802617760899729,0.12816324510595112,0.8802617760899729,0.10194895510668212,28.2,0.9693116470027127,0.038514491057631786,0.9693116470027127,0.04614544133390376,74.5,0.9759751688116612,0.033358032335449136,0.9759751688116612,0.048628964911545905
27.8,0.9768117395259014,0.02973528289282698,0.9768117395259014,0.0282160532498946,2043.0,0.9622673643011497,0.05018953370327914,0.9622673643011497,0.07007810685987274,31.0,0.9819823975767119,0.023649433057125042,0.9819823975767119,0.0252380357397696,0.8,0.9789719605510588,0.02726494413503982,0.9789719605510588,0.030393546934130954,8.21,0.9779758452807412,0.028448034678525292,0.9779758452807412,0.03123154763596388,42.0,0.8826672570444591,0.12562855694572003,0.8826672570444591,0.09827567255593198,27.1,0.9682961771352141,0.03966354284788375,0.9682961771352141,0.048100113146780164,75.3,0.9759751688116612,0.033358032335449136,0.9759751688116612,0.04900529362873717
34.1,0.9753024746062074,0.03169013181700287,0.9753024746062074,0.03232592663847046,2084.0,0.9648298794572292,0.0465083146270821,0.9648298794572292,0.06352303037547921,23.0,0.9828928598606731,0.022356636599193798,0.9828928598606731,0.025017454589776805,-2.3,0.9793479647638084,0.026851465982566956,0.9793479647638084,0.03065383214672947,10.52,0.976824535164949,0.029869662940728407,0.976824535164949,0.03203921885896573,44.0,0.8830071624395134,0.12535089726109291,0.8830071624395134,0.09992787276136464,29.0,0.96678691221552,0.041585043410165695,0.96678691221552,0.050361970516996875,74.1,0.9771084295186057,0.031815249335036405,0.9771084295186057,0.04658194793306189
27.8,0.9753024746062074,0.03169013181700287,0.9753024746062074,0.03280788450623075,2145.0,0.9648298794572292,0.0465083146270821,0.9648298794572292,0.06564696512387999,20.0,0.983445367340732,0.021606257790752148,0.983445367340732,0.02611594141076331,0.0,0.9813064111312159,0.024138503309704802,0.9813064111312159,0.02849826480625424,8.98,0.9781252045744373,0.02843564106293318,0.9781252045744373,0.031555335144895266,42.0,0.8826672570444591,0.12562855694572003,0.8826672570444591,0.097105172892691,27.8,0.9684444541298961,0.03989701757751824,0.9684444541298961,0.04994946954721541,76.5,0.9771084295186057,0.031815249335036405,0.9771084295186057,0.047619214652776486
48.2,0.9749264703934578,0.032099950524619385,0.9749264703934578,0.033081925064332,1943.0,0.9661430246181097,0.044967547036901416,0.9661430246181097,0.06413469346532538,35.0,0.9824721275749059,0.02285328869201977,0.9824721275749059,0.027742974393114517,1.6,0.9804992748796004,0.02542243984649427,0.9804992748796004,0.029064288344661078,13.8,0.9795866657350041,0.026706481542039494,0.9795866657350041,0.03046413802668554,39.0,0.8858312868586274,0.12366697294242085,0.8858312868586274,0.09687057087278647,31.0,0.969990815551102,0.03828792650786524,0.969990815551102,0.048760768426268794,71.4,0.9771084295186057,0.031815249335036405,0.9771084295186057,0.046090356150300237
33.7,0.9753387587547798,0.03172967275961831,0.9753387587547798,0.03283188762097971,1897.0,0.9669036622989313,0.044147733968631774,0.9669036622989313,0.06181604787508051,20.0,0.9824721275749059,0.02285328869201977,0.9824721275749059,0.028584962437890476,3.1,0.9808572296835022,0.024880658501055634,0.9808572296835022,0.030412507999512683,9.54,0.9795866657350041,0.026706481542039855,0.9795866657350041,0.030464138026685534,30.0,0.8858312868586274,0.12366697294242085,0.8858312868586274,0.09364520581177063,27.5,0.9714020205913895,0.035949811538439395,0.9714020205913895,0.043550439056983296,73.7,0.9765559220385468,0.0325548606038212,0.9765559220385468,0.04817219397753915
21.2,0.9739110005259595,0.033262812919447195,0.9739110005259595,0.03476818561669618,926.0,0.9656121330644024,0.04542197944791049,0.9656121330644024,0.06127711552251963,33.0,0.9841432275396885,0.020705300298185826,0.9841432275396885,0.026383852855359675,-2.3,0.9823664946031962,0.022903658630389977,0.9823664946031962,0.02928109267625205,4.04,0.97807740081531,0.028671819782843763,0.97807740081531,0.034420091754403116,13.0,0.8859796028583133,0.12355629907886649,0.8859796028583133,0.09218283329060606,20.8,0.9714020205913895,0.035949811538439395,0.9714020205913895,0.043550439056983296,60.8,0.9765559220385468,0.03255486060382192,0.9765559220385468,0.048133825955196524
38.8,0.9733731612681213,0.033831900246640845,0.9733731612681213,0.03679313054995751,794.0,0.9646301556224701,0.046299459981066104,0.9646301556224701,0.06132396698647471,33.0,0.9852480390846864,0.01899287648176388,0.9852480390846864,0.024334461267369233,-7.8,0.9833397343690223,0.02165681644201752,0.9833397343690223,0.026549161250503404,4.1,0.9786762034510431,0.02799074282060237,0.9786762034510431,0.03310856795624522,1.0,0.8856694518135386,0.12379550737253907,0.8856694518135386,0.0910327758752145,20.4,0.9710918695466147,0.03624803777466054,0.9710918695466147,0.04321062193019537,57.3,0.9760782914288865,0.033148808324900046,0.9760782914288865,0.048655207168147765
51.0,0.973749165480871,0.033423442742135635,0.973749165480871,0.03782976554177839,721.0,0.9637216158632628,0.04706735899316101,0.9637216158632628,0.060077030887258215,29.0,0.9849932068980098,0.019326658321313275,0.9849932068980098,0.02643481009497144,-4.7,0.9846709289387506,0.019861677615276817,0.9846709289387506,0.02658174642322523,5.69,0.9801376646116098,0.026259898493525568,0.9801376646116098,0.03104923251526309,7.0,0.8852934476007891,0.12412618575009379,0.8852934476007891,0.09086850174305758,24.3,0.9710918695466147,0.03624803777466054,0.9710918695466147,0.04321062193019538,62.4,0.9773914365897671,0.03157066287428535,0.9773914365897671,0.04710967591964495
65.9,0.973749165480871,0.033423442742135635,0.973749165480871,0.03789706225532915,1091.0,0.9648729259790548,0.04568627326738184,0.9648729259790548,0.060144327600808976,44.0,0.9838599461910652,0.02089686720621701,0.9838599461910652,0.027792169439852205,3.9,0.9859715983482388,0.01840229649757547,0.9859715983482388,0.024075539830276278,10.23,0.9801376646116098,0.026259898493525568,0.9801376646116098,0.03104923251526309,23.0,0.8879330590698864,0.12265115955350073,0.8879330590698864,0.09101251126552329,29.0,0.9716659929530254,0.03572125936323584,0.9716659929530254,0.04422426886935932,62.0,0.9788528977503338,0.029847550012123227,0.9788528977503338,0.041901544498944655
20.8,0.9746992931000312,0.03248419751918823,0.9746992931000312,0.03581172091239656,1161.0,0.9637216158632628,0.04706735899316171,0.9637216158632628,0.0641299118140361,21.0,0.9838599461910652,0.020896867206216287,0.9838599461910652,0.027751667195652457,-1.6,0.9861943967712223,0.018129371253292316,0.9861943967712223,0.023610580392072738,3.4,0.9801376646116098,0.026259898493525568,0.9801376646116098,0.03104923251526309,22.0,0.8864715979093196,0.12405252814799742,0.8864715979093196,0.09174243679343423,18.8,0.9716659929530254,0.03572125936323584,0.9716659929530254,0.04422426886935932,61.6,0.9790309681002997,0.0296585449029433,0.9790309681002997,0.04218348879463684
49.8,0.9735944815550331,0.034162515308247245,0.9735944815550331,0.038206813085513006,1252.0,0.9625703057474707,0.04844501464028995,0.9625703057474707,0.06406261510048535,28.0,0.9844587488267983,0.02020682715199833,0.9844587488267983,0.027262705717196047,5.5,0.9859964629084387,0.018356742523327654,0.9859964629084387,0.02253881065265689,9.02,0.9812424761566076,0.0245608872373309,0.9812424761566076,0.02901282089870769,17.0,0.8855414046653192,0.12564205891470565,0.8855414046653192,0.08603520944821297,27.5,0.9702547879127381,0.038060370965180536,0.9702547879127381,0.04896787927449305,61.6,0.9792858002869764,0.029329532945056882,0.9792858002869764,0.04143613440727923
18.0,0.9741469890350922,0.03342616984897148,0.9741469890350922,0.038789062842870294,1355.0,0.9608992057826882,0.05049611960419353,0.9608992057826882,0.06545777150965897,26.0,0.9831456036659175,0.021812168742741465,0.9831456036659175,0.02879395110178434,7.0,0.9853408328111545,0.019323720393978276,0.9853408328111545,0.02382238920849045,3.36,0.9801092154496632,0.026118895174923506,0.9801092154496632,0.03299761648905712,11.0,0.8849162997282748,0.12612648086157593,0.8849162997282748,0.0834311587149158,20.4,0.9692815481469118,0.03927357685007185,0.9692815481469118,0.052198233751675864,63.9,0.9792858002869764,0.029329532945056882,0.9792858002869764,0.04143613440727923
44.3,0.9754476584445804,0.03200104029868589,0.9754476584445804,0.03792274818978984,784.0,0.9611968810760704,0.050096588663458806,0.9611968810760704,0.06456873164818866,41.0,0.9831456036659175,0.021812168742741465,0.9831456036659175,0.02879395110178434,-2.3,0.9853408328111545,0.019323720393978276,0.9853408328111545,0.025159453051022674,4.71,0.9810196777336242,0.024830940184767038,0.9810196777336242,0.03305418270534633,9.0,0.8865577310054279,0.1254207192027179,0.8865577310054279,0.08254685407364099,21.6,0.9689838728535296,0.03968005308858733,0.9689838728535296,0.05348044834462425,49.8,0.9792858002869764,0.029329532945056882,0.9792858002869764,0.04143613440727923
71.4,0.9764631283120787,0.030834922181317163,0.9764631283120787,0.035500451642428356,866.0,0.9604215751730278,0.05107110731119375,0.9604215751730278,0.06499211025229364,97.0,0.982769599453168,0.022229257957510167,0.982769599453168,0.0296680936184462,1.6,0.9867004765428291,0.017272876747149637,0.9867004765428291,0.02262526189011282,10.18,0.9819929174994505,0.02358777994285382,0.9819929174994505,0.032779945612048625,23.0,0.8906823443510926,0.12206609134973946,0.8906823443510926,0.08093507066090674,29.8,0.9698375076759392,0.038689205611294665,0.9698375076759392,0.053055397948191904,58.4,0.9792858002869764,0.029329532945056882,0.9792858002869764,0.04143613440727923
20.8,0.9768210831159808,0.03029743089909059,0.9768210831159808,0.03715173719597432,1901.0,0.9600455709602783,0.051466707291470466,0.9600455709602783,0.06657956063181882,35.0,0.9822919688435077,0.02283220705207358,0.9822919688435077,0.029801388252127806,0.0,0.9872529840228883,0.01651664886111611,0.9872529840228883,0.02127041916566638,5.66,0.979608472693337,0.02720926247528178,0.979608472693337,0.03870093348519319,19.0,0.8930667891572062,0.11903910969388323,0.8930667891572062,0.07333689457907265,23.9,0.9671131574747712,0.042569450930493836,0.9671131574747712,0.05885077871042799,76.9,0.9783768466064687,0.030312754412440555,0.9783768466064687,0.04432919004334979
44.7,0.9768210831159808,0.03029743089909059,0.9768210831159808,0.03715173719597432,1573.0,0.9583744709954958,0.053506721177260345,0.9583744709954958,0.0683325026743506,86.0,0.9836231634132357,0.02104063373985345,0.9836231634132357,0.02642156664646567,-3.9,0.9874757824458718,0.016242932654625414,0.9874757824458718,0.02180750481572813,10.25,0.978503661148339,0.028902362190580497,0.978503661148339,0.041798150285265845,32.0,0.8947378891219887,0.11727366210261214,0.8947378891219887,0.07111142569465505,29.0,0.9662026951908103,0.043821773663993764,0.9662026951908103,0.061888128857720937,71.4,0.978198776256503,0.030501506936950595,0.978198776256503,0.04404724574765761
21.6,0.9777315453999417,0.029017850480797722,0.9777315453999417,0.03506505822300941,2312.0,0.9597341147271706,0.05156190109512535,0.9597341147271706,0.06478425945152214,100.0,0.9836231634132357,0.02104063373985345,0.9836231634132357,0.02642156664646567,4.7,0.9878965147316388,0.01574083635798387,0.9878965147316388,0.021117113200727733,6.43,0.978503661148339,0.028902362190580497,0.978503661148339,0.0420645010833978,41.0,0.8949159594719547,0.11711927214387924,0.8949159594719547,0.0721924906245505,34.9,0.9666234274765775,0.04334279995417043,0.9666234274765775,0.06200772074207267,54.1,0.9793500863722949,0.02907852575068663,0.9793500863722949,0.04267712366541175
100.0,0.9775697103548532,0.029179856456143117,0.9775697103548532,0.03614956448278646,2141.0,0.9628508189145008,0.04646927184009485,0.9628508189145008,0.0544148055701148,99.0,0.9827127011292748,0.02233564055193378,0.9827127011292748,0.02779185086768103,1.6,0.988582669989163,0.015008539046826206,0.988582669989163,0.02005972222363889,36.81,0.9792642988291607,0.028058680825743046,0.9792642988291607,0.040363899220057245,51.0,0.8923737882809482,0.11860256076929716,0.8923737882809482,0.0715355011100468,79.6,0.9660493040701669,0.04386209647778959,0.9660493040701669,0.06051243759109729,59.6,0.9791720160223291,0.02926770145629463,0.9791720160223291,0.0428997604612952
29.0,0.9768835550973289,0.029893809880008584,0.9768835550973289,0.03811763859091601,1835.0,0.9641639640753815,0.044931866898194284,0.9641639640753815,0.05177939128398117,28.0,0.9811143564264043,0.024201387667566694,0.9811143564264043,0.032153632637474394,-2.3,0.9887806038519465,0.01477988183514928,0.9887806038519465,0.020106620491211452,7.91,0.9792642988291607,0.028058680825743046,0.9792642988291607,0.04129411865861521,53.0,0.8923737882809482,0.11860256076929716,0.8923737882809482,0.0715355011100468,26.7,0.9656913492662649,0.04438838601412189,0.9656913492662649,0.05934501432180421,74.5,0.9781261787995177,0.030373903712802845,0.9781261787995177,0.04476542107860941
19.2,0.9758377178745176,0.030996607352677005,0.9758377178745176,0.03926160230091618,1760.0,0.9633184457888507,0.045611881734480046,0.9633184457888507,0.05152657171733041,19.0,0.9813691886130811,0.02387022550596816,0.9813691886130811,0.03251510066978578,0.0,0.989078279145329,0.014357114379699186,0.989078279145329,0.021516289201664186,4.58,0.978503661148339,0.028902362190580497,0.978503661148339,0.0433153178112675,51.0,0.8923737882809482,0.11860256076929716,0.8923737882809482,0.0715355011100468,22.4,0.9660493040701669,0.04386209647778959,0.9660493040701669,0.05592804874588239,63.5,0.9771107089320193,0.03154259776814783,0.9771107089320193,0.04395165240087288
18.0,0.9751820877772331,0.03194487061618207,0.9751820877772331,0.04277344734860897,1679.0,0.9610661744279371,0.047884647253823964,0.9610661744279371,0.05365122716287001,24.0,0.9817090940081356,0.023516011019262616,0.9817090940081356,0.032743390304551506,6.2,0.98852577166527,0.015115981701873178,0.98852577166527,0.022256020060277982,4.46,0.9751890230982249,0.034360413214499994,0.9751890230982249,0.05402969863162263,50.0,0.8923737882809482,0.11860256076929716,0.8923737882809482,0.0715355011100468,23.1,0.9652739981671242,0.044846949409648,0.9652739981671242,0.05558069018019304,63.1,0.9769127750692357,0.03176508986207902,0.9769127750692357,0.045073619485930486
18.4,0.9751820877772331,0.03194487061618207,0.9751820877772331,0.04155776070772863,1688.0,0.9592857984104951,0.050310002045583946,0.9592857984104951,0.05588361463660727,19.0,0.9800379940433529,0.02565371887154775,0.9800379940433529,0.03581281135809458,0.0,0.9873925109583256,0.01669681492865587,0.9873925109583256,0.024926768165222112,4.43,0.9751890230982251,0.0343604132145,0.9751890230982251,0.05462733788478101,46.0,0.8923737882809482,0.11860256076929716,0.8923737882809482,0.0715355011100468,22.4,0.9637647332474302,0.04675395196241724,0.9637647332474302,0.05983139817734432,67.1,0.9766150997758533,0.03217724442058198,0.9766150997758533,0.043853941120231645
23.9,0.9749272555905566,0.03227175594315731,0.9749272555905566,0.04323071632365076,991.0,0.96064544214217,0.048358660169581125,0.96064544214217,0.05565946956753216,48.0,0.980575833301191,0.025075993871758472,0.980575833301191,0.03583648566385974,4.7,0.9869717786725584,0.017198240767152425,0.9869717786725584,0.02473387291755655,3.61,0.9738758779373443,0.035931049701756514,0.9738758779373443,0.05712584608837268,36.0,0.8908274268597423,0.11993331420204789,0.8908274268597423,0.07148191837218518,20.0,0.96281460562827,0.047667867397984155,0.96281460562827,0.06171347418091557,58.4,0.976317424482471,0.03258914182665622,0.976317424482471,0.044191774043194305
100.0,0.9734179906708625,0.03421872345753226,0.9734179906708625,0.04329801303720152,1815.0,0.960287487338268,0.04888014679440721,0.960287487338268,0.056805363637903575,20.0,0.9816216705240026,0.023961211272910232,0.9816216705240026,0.03395238555656088,-6.2,0.9861181438501486,0.01822639006856946,0.9861181438501486,0.02789873669688081,19.6,0.9741735532307267,0.0355212532833613,0.9741735532307267,0.05643228690560252,33.0,0.8874610046116965,0.12366258099318479,0.8874610046116965,0.07469263943895196,33.7,0.96281460562827,0.04766786739798345,0.96281460562827,0.06199304123175545,59.2,0.9758397938728108,0.0331829198699028,0.9758397938728108,0.04421808422300765
18.8,0.9740736207681467,0.033273783707722666,0.9740736207681467,0.042843746971980144,1445.0,0.9592342371018826,0.050651454178305744,0.9592342371018826,0.05839309065896948,59.0,0.9816216705240024,0.023961211272909507,0.9816216705240024,0.03362572963924373,3.9,0.9852645090277388,0.019252733578850666,0.9852645090277388,0.02995802791762145,3.72,0.9730222431149347,0.03692872741777366,0.9730222431149347,0.058122587471210005,29.0,0.8856988300300795,0.12509964885009642,0.8856988300300795,0.0758503870267533,21.2,0.96281460562827,0.04766786739798345,0.96281460562827,0.06307514541043623,62.0,0.9789564980601412,0.027940841296148513,0.9789564980601412,0.03566877433914424
48.04087253229344,0.9745512513778071,0.0326811832027012,0.9745512513778071,0.042710465638133216,1571.0,0.9592342371018826,0.05065145417830644,0.9592342371018826,0.05728378755955663,87.0,0.9808610328431809,0.0248102050883496,0.9808610328431809,0.035218201118324,0.8,0.9852645090277388,0.019252733578850666,0.9852645090277388,0.02979450230792118,27.89,0.9736210457506675,0.036256431630595005,0.9736210457506675,0.05676979314433694,44.0,0.8866092923140406,0.12404231222530814,0.8866092923140406,0.07482556572629513,56.1,0.9634901701007139,0.04687357199602078,0.9634901701007139,0.060198005296236944,56.1,0.9797171357409628,0.027096001918926634,0.9797171357409628,0.034651329330555695
100.0,0.9749272555905566,0.03227175594315731,0.9749272555905566,0.04335387424819876,2336.0,0.959072402056794,0.05080656135422784,0.959072402056794,0.057118026767557735,47.0,0.9813492542379216,0.02431468332188643,0.9813492542379216,0.03453585474474007,0.0,0.9834841330102969,0.02179542308736305,0.9834841330102969,0.03460561400265674,38.81,0.9737828807957563,0.03609629529948028,0.9737828807957563,0.05804308179926155,50.0,0.8887754592922974,0.12292145044202178,0.8887754592922974,0.07633915048397683,40.8,0.9652156036229167,0.04497511922233486,0.9652156036229167,0.05856531186343526,62.7,0.9797171357409628,0.027096001918926273,0.9797171357409628,0.03628671544153998
86.3,0.9743284529548235,0.03294746144468638,0.9743284529548235,0.04416778643192943,1695.0,0.9592207180564801,0.05067217801257076,0.9592207180564801,0.05660322474234749,49.0,0.9817699865236887,0.023819247532598828,0.9817699865236887,0.03360764702288215,-0.8,0.9821244892786223,0.02383316453655992,0.9821244892786223,0.037429987439138175,21.77,0.9737828807957563,0.03609629529947957,0.9737828807957563,0.05960730806652363,52.0,0.8869194433588151,0.12380284457609705,0.8869194433588151,0.07838666671425214,34.1,0.9652156036229167,0.04497511922233486,0.9652156036229167,0.06082370402215828,65.5,0.9792395051313025,0.02769463749289762,0.9792395051313025,0.03665288405347325
61.6,0.9749840830521077,0.03200073994673108,0.9749840830521077,0.044024397553418144,1766.0,0.9592207180564801,0.05067217801257076,0.9592207180564801,0.05772095581818251,59.0,0.9832792514433828,0.02183870788964422,0.9832792514433828,0.031389131590079604,-3.1,0.9816468586689621,0.024434923440976128,0.9816468586689621,0.03922357480395937,15.58,0.9755632568131981,0.03360556996655667,0.9755632568131981,0.0550080440210564,55.0,0.8838502538528418,0.12574478626927463,0.8838502538528418,0.07798956030072215,31.8,0.9636172589200462,0.046768796623290754,0.9636172589200462,0.06348868132819789,68.6,0.9792395051313025,0.02769463749289762,0.9792395051313025,0.0360857367878686
72.9,0.9744315755720488,0.03273855885909085,0.9744315755720488,0.046730562008016625,2025.0,0.9594186519192638,0.05045785116298293,0.9594186519192638,0.056866997116313135,38.0,0.9842524912092087,0.020589612152888098,0.9842524912092087,0.028021707174392858,3.9,0.9816468586689621,0.024434923440976128,0.9816468586689621,0.03941734703674004,17.04,0.9744299961062535,0.03514371383290846,0.9744299961062535,0.057416012224642356,61.0,0.8824951863557012,0.12626069286096528,0.8824951863557012,0.07863139052634814,31.8,0.9610846891462277,0.049897764561029984,0.9610846891462277,0.06746692862894602,67.8,0.9782240352638042,0.028867513341802514,0.9782240352638042,0.037342765411629904
79.6,0.9755828856878408,0.03132397136087934,0.9755828856878408,0.04454408862267644,1720.0,0.9587324966617395,0.05114255332794011,0.9587324966617395,0.05832052463098041,52.0,0.9845501665025911,0.02017057809844861,0.9845501665025911,0.027561812968544944,-2.3,0.9809607034114378,0.02515534381997526,0.9809607034114378,0.040618411376480396,20.06,0.9759392610259475,0.033196047819290975,0.9759392610259475,0.05516655682741576,63.0,0.880006721013977,0.12754469775031907,0.880006721013977,0.07852523343431476,33.7,0.9634901701007139,0.04687357199602078,0.9634901701007139,0.06466853150419775,66.3,0.9767147703441101,0.030826664711768287,0.9767147703441101,0.03835381487357182
61.2,0.9763435233686623,0.0304848287223318,0.9763435233686623,0.0422612374341011,1747.0,0.9593312992974726,0.050489674676487996,0.9593312992974726,0.05900580753812583,38.0,0.983951363866858,0.020860706599296185,0.983951363866858,0.02931818712487643,0.0,0.980361900775705,0.025839822259990514,0.980361900775705,0.042535152909987224,15.3,0.9766148254983914,0.032380009449311575,0.9766148254983914,0.0535743436070078,65.0,0.8772747340260701,0.1290059046868975,0.8772747340260701,0.07838691393919306,31.4,0.9649516312612806,0.045199493656900375,0.9649516312612806,0.061974473641406104,68.2,0.9771924009537704,0.030231173168652585,0.9771924009537704,0.03839901830908766
58.0,0.9763435233686623,0.0304848287223318,0.9763435233686623,0.04392026086894111,1797.0,0.9598691385553105,0.04993867462208468,0.9598691385553105,0.05778163709475495,52.0,0.9832757993944143,0.021691123814047007,0.9832757993944143,0.029933877974963878,-1.6,0.9815256866428892,0.024519298078342792,0.9815256866428892,0.039893052741047014,16.64,0.9764168916356077,0.03260221239685286,0.9764168916356077,0.05396358151376319,70.0,0.8772747340260701,0.1290059046868975,0.8772747340260701,0.07838691393919306,32.2,0.9662647764221614,0.04365673484182541,0.9662647764221614,0.0627902354303684,69.4,0.9771924009537704,0.0302311731686533,0.9771924009537704,0.03899244782765933
61.6,0.9742232419561659,0.033331552934578935,0.9742232419561659,0.04814955692857856,1950.0,0.9587178284395185,0.051306921796658626,0.9587178284395185,0.060225086135885855,49.0,0.9821425386874698,0.02325578898827555,0.9821425386874698,0.03232491492277064,0.0,0.9815256866428892,0.024519298078342792,0.9815256866428892,0.03746923779499121,17.6,0.9767145669289902,0.03219027500004029,0.9767145669289902,0.05417849890375591,72.0,0.8744982991899268,0.13046479178780981,0.8744982991899268,0.07738225383562447,32.5,0.9666227312260632,0.04312984233827019,0.9666227312260632,0.06377648405577009,68.2,0.9753729849893017,0.03248689337939429,0.9753729849893017,0.04256987939288343
66.7,0.9747610812140041,0.032761660022637175,0.9747610812140041,0.046901492246409535,1974.0,0.9596569546395516,0.050574558833178115,0.9596569546395516,0.05902874492117373,60.0,0.9823043737325582,0.023092004076836974,0.9823043737325582,0.03235980815497645,-3.9,0.9831081287975474,0.022212668121785385,0.9831081287975474,0.03320670609533871,20.56,0.9769125007917736,0.03196791681545655,0.9769125007917736,0.05378926099700052,74.0,0.8720545050298967,0.13159978275899498,0.8720545050298967,0.07837780453235481,33.7,0.9649516312612806,0.04519949365690109,0.9649516312612806,0.06583880211463906,69.0,0.9753729849893017,0.032486893379395,0.9753729849893017,0.04339939109910584
73.3,0.9739074463915942,0.033763078178894616,0.9739074463915942,0.047972005963849984,2031.0,0.9589707993820276,0.05125936567239849,0.9589707993820276,0.05866949024483054,81.0,0.9815437360517367,0.023942287701908743,0.9815437360517367,0.03360155271709943,-5.5,0.9842413895044919,0.02064521127857828,0.9842413895044919,0.030790502896671974,21.84,0.9764917685060064,0.03245728958199096,0.9764917685060064,0.05394468296867702,77.0,0.868059115076245,0.1342847423262382,0.868059115076245,0.07920496590156413,34.1,0.9631322152968119,0.047397261778723186,0.9631322152968119,0.067546611352029,67.8,0.9743997452234754,0.03371246869385497,0.9743997452234754,0.04474299064202087
99.2,0.973745611346506,0.033923624245435026,0.973745611346506,0.04721978273520533,2132.0,0.9586855998400375,0.05151102928664229,0.9586855998400375,0.056972209438053895,66.0,0.9821425386874698,0.02325578898827555,0.9821425386874698,0.03232491492277064,3.9,0.9834660836014494,0.021668227753823793,0.9834660836014494,0.03223437170697073,31.51,0.9758929658702735,0.03313402989987172,0.9758929658702735,0.05390774278630911,81.0,0.8629691286308565,0.13842144486205005,0.8629691286308565,0.08593100640625304,37.6,0.9631322152968119,0.047397261778723186,0.9631322152968119,0.067546611352029,64.3,0.975445582446287,0.03261430743662812,0.975445582446287,0.0421425751065671
19.2,0.9729703054434634,0.034924801597920226,0.9729703054434634,0.04808578443802057,2163.0,0.9581114764336268,0.05202074250981109,0.9581114764336268,0.05680791109030817,19.0,0.9806810775269029,0.024994809406474736,0.9806810775269029,0.03577698618239452,0.0,0.982332822894505,0.023233232136544758,0.982332822894505,0.03415117366232773,6.24,0.9747881543252757,0.03481375988942849,0.9747881543252757,0.055469160933780834,69.0,0.8615579235905692,0.1403182163410571,0.8615579235905692,0.09039477279880925,24.7,0.9644453604576927,0.04586063635618712,0.9644453604576927,0.06446795608482017,63.5,0.9769070436068539,0.03089637158848787,0.9769070436068539,0.04028196928945909
38.0,0.9742709748529516,0.03350350237013229,0.9742709748529516,0.044910776008137976,789.0,0.9581114764336268,0.05202074250981109,0.9581114764336268,0.05523979938614892,33.0,0.980005513054459,0.0258195214604813,0.980005513054459,0.038285548830830365,-7.8,0.981422360610544,0.024524455218090466,0.981422360610544,0.036818518270968076,4.26,0.9754437844225599,0.03386782635565469,0.9754437844225599,0.0534590925140611,12.0,0.8623618306825355,0.13979466342127783,0.8623618306825355,0.09018692753671692,20.4,0.9653558227416537,0.04461266422737052,0.9653558227416537,0.06111493354516541,54.1,0.9777606784292636,0.029889184902437447,0.9777606784292636,0.038680975547440606
67.8,0.9751246096753613,0.032501461230449856,0.9751246096753613,0.041403913527075197,894.0,0.9594948339779958,0.05080020928148473,0.9594948339779958,0.05499316821028371,51.0,0.9791983768028435,0.027100317317249215,0.9791983768028435,0.04030134617580767,0.8,0.9794586480901977,0.027648910370867138,0.9794586480901977,0.04141223197657583,9.0,0.9754437844225599,0.03386782635565469,0.9754437844225599,0.0534590925140611,15.0,0.8632326276312974,0.13918874845473353,0.8632326276312974,0.09090032671539416,27.8,0.9657318269544032,0.044211984974522174,0.9657318269544032,0.06015199013681347,53.7,0.9777606784292636,0.029889184902437447,0.9777606784292636,0.038680975547440606
55.7,0.9747486054626118,0.032910887868184927,0.9747486054626118,0.039960606180470516,2936.0,0.9602415386921143,0.050195019711606434,0.9602415386921143,0.05579433039650514,46.0,0.9784230708998009,0.028112809828264432,0.9784230708998009,0.042341017769408566,1.6,0.9794586480901974,0.027648910370867134,0.9794586480901974,0.04156928517071687,9.89,0.9754437844225599,0.03386782635565469,0.9754437844225599,0.0534590925140611,22.0,0.8626801201512383,0.13976891909920638,0.8626801201512383,0.09231420759325518,28.2,0.9650562624819593,0.04501014436661933,0.9650562624819593,0.06227170966346717,72.2,0.9792699433489575,0.02792638985283094,0.9792699433489575,0.03792471627155736
98.8,0.9747486054626118,0.032910887868184927,0.9747486054626118,0.04103147322986344,2199.0,0.9590902285763224,0.05156353750618091,0.9590902285763224,0.05603805825182625,20.0,0.977600032099973,0.02895134349380642,0.977600032099973,0.04432732177430873,-3.9,0.9794586480901974,0.027648910370867134,0.9794586480901974,0.04156928517071687,38.82,0.9754437844225599,0.03386782635565469,0.9754437844225599,0.0534590925140611,40.0,0.8601122424579275,0.14087294137261014,0.8601122424579275,0.09048884103142077,41.6,0.9644311575449149,0.04560559989028045,0.9644311575449149,0.061387992291948176,67.5,0.980433729216142,0.026609882820386694,0.980433729216142,0.03384485638228254
66.7,0.9727923059558392,0.03527730914690432,0.9727923059558392,0.04403214936749274,1989.0,0.9600634683421486,0.050376379346357324,0.9600634683421486,0.05141992680192194,52.0,0.9762688375302447,0.03072080936337355,0.9762688375302447,0.04864240655792135,-8.6,0.9794586480901974,0.027648910370867488,0.9794586480901974,0.04134901966432983,18.35,0.9754437844225599,0.03386782635565469,0.9754437844225599,0.0534590925140611,46.0,0.8601122424579275,0.14087294137261014,0.8601122424579275,0.09048884103142077,32.9,0.9644311575449149,0.04560559989028045,0.9644311575449149,0.061387992291948176,70.2,0.9802109307931585,0.02687923831663681,0.9802109307931585,0.03574159463690132
22.4,0.9717464687330277,0.03636942657458337,0.9717464687330277,0.04622017863672078,2474.0,0.9615727332618426,0.048482946680574415,0.9615727332618426,0.04955783724047273,23.0,0.9768939424672891,0.030107798053552837,0.9768939424672891,0.04695891201512712,-2.3,0.9799964873480356,0.027072638946592006,0.9799964873480356,0.04113769703697397,8.14,0.9739823232619932,0.035578594477905956,0.9739823232619932,0.05773485832346523,46.0,0.8569060537945035,0.14248642705145848,0.8569060537945035,0.08946040166497793,27.1,0.9644311575449149,0.04560559989028045,0.9644311575449149,0.061387992291948176,78.4,0.9800626147934723,0.027020502137229008,0.9800626147934723,0.03690596386150533
24.3,0.9711939612529688,0.037102189451467225,0.9711939612529688,0.04457030557022957,2233.0,0.96298393830213,0.04618102620728463,0.96298393830213,0.042845705151527136,40.0,0.9782251370370174,0.028336311809107895,0.9782251370370174,0.04336265787257601,2.3,0.9802513195347125,0.02674261496193511,0.9802513195347125,0.04082400379137723,8.02,0.9739823232619932,0.035578594477905956,0.9739823232619932,0.05773485832346523,44.0,0.8575048564302364,0.14197386395192385,0.8575048564302364,0.09133459218072201,26.7,0.9644311575449149,0.04560559989028045,0.9644311575449149,0.061387992291948176,77.3,0.9783915148286897,0.029148508616472824,0.9783915148286897,0.039536320671056564
61.2,0.9709391290662918,0.03742631593191426,0.9709391290662918,0.04425509295727363,2198.0,0.964641480216506,0.044508101465852476,0.964641480216506,0.040049830092450965,67.0,0.9788239396727503,0.02765492135888328,0.9788239396727503,0.04399448799753854,0.8,0.9804293898846782,0.026552760345177322,0.9804293898846782,0.04082170517441571,23.13,0.9744599538716534,0.03498718280124786,0.9744599538716534,0.05759187546519963,51.0,0.8615716882367269,0.13708134927968776,0.8615716882367269,0.09085599979494043,34.1,0.9646539559678984,0.0453451039579282,0.9646539559678984,0.06007681588329957,70.2,0.9782134444787238,0.02933747603321121,0.9782134444787238,0.0405198679328115
22.4,0.9705811742623898,0.037957807176417384,0.9705811742623898,0.04740459846947555,1715.0,0.964641480216506,0.044508101465852476,0.964641480216506,0.040049830092450965,56.0,0.9788239396727503,0.02765492135888328,0.9788239396727503,0.0442109205344275,3.1,0.9808501221704453,0.026058768726846582,0.9808501221704453,0.03880647929474984,11.14,0.9755647654166515,0.03330824089861115,0.9755647654166515,0.055019866754376326,54.0,0.8620187228238054,0.13676538825072657,0.8620187228238054,0.09364608852691869,30.2,0.9635491444229005,0.046990612386623144,0.9635491444229005,0.06190114041992531,62.4,0.9786341767644909,0.02884584971400246,0.9786341767644909,0.03961479885582715
64.7,0.9714348090847996,0.036963697963014616,0.9714348090847996,0.046960738123581425,1834.0,0.9657102110280515,0.04349538982726635,0.9657102110280515,0.039159819952452414,51.0,0.9798394095402487,0.026480032265360044,0.9798394095402487,0.040734293774457093,-0.8,0.9819833828773898,0.024499469299302797,0.9819833828773898,0.03488958288600111,17.6,0.9755647654166515,0.03330824089861115,0.9755647654166515,0.055019866754376326,57.0,0.8578634225557185,0.13940662299062176,0.8578634225557185,0.09532054117861652,32.2,0.9645949816457121,0.045919888871693286,0.9645949816457121,0.06268418416940899,68.2,0.9782134444787238,0.02933747603321121,0.9782134444787238,0.04028648897577738
18.0,0.9718839905325135,0.03623447587661068,0.9718839905325135,0.045684909419691944,1844.0,0.9643790164583235,0.04522229174460416,0.9643790164583235,0.04018298351420135,18.0,0.9805149740126926,0.025655921328149065,0.9805149740126926,0.04016755408491056,0.0,0.9843678276835035,0.020862328109612003,0.9843678276835035,0.029887840818007907,5.01,0.9755647654166515,0.03330824089861115,0.9755647654166515,0.055019866754376326,51.0,0.8547467183683881,0.14356964445117532,0.8547467183683881,0.10665133338461807,22.7,0.9657462917615041,0.044536081648882314,0.9657462917615041,0.06356287724460734,63.5,0.9779586122920471,0.02966610882081534,0.9779586122920471,0.04086546157014423
71.4,0.9723047228182806,0.03574917874304079,0.9723047228182806,0.04583951110302463,1750.0,0.9635559776584954,0.04603349315053036,0.9635559776584954,0.040357595106866595,42.0,0.9795417342468663,0.026895085449217582,0.9795417342468663,0.042552067026505026,-3.9,0.9842059926384148,0.021026839666434254,0.9842059926384148,0.030586259727313242,18.84,0.9755647654166515,0.03330824089861115,0.9755647654166515,0.055019866754376326,56.0,0.8557999686047735,0.1421184178934387,0.8557999686047735,0.10745066084243865,32.9,0.9671574968017913,0.042217801419688755,0.9671574968017913,0.060709307179378516,67.1,0.9777606784292635,0.029889184902437447,0.9777606784292635,0.0423856895847289
39.6,0.9697721530444622,0.03893734235558683,0.9697721530444622,0.05108032758046802,1872.0,0.965281411180698,0.04413339516214497,0.965281411180698,0.039879002721085,39.0,0.9795417342468663,0.026895085449217582,0.9795417342468663,0.042552067026505026,3.9,0.9855191377992953,0.019418658346541808,0.9855191377992953,0.027301007422642284,10.78,0.9754029303715628,0.033469154747698814,0.9754029303715628,0.054631951479794445,57.0,0.8561759728175228,0.14181022888314365,0.8561759728175228,0.10584485680581995,29.4,0.9673802952247749,0.04195572936207416,0.9673802952247749,0.06059704572429939,72.5,0.9764600090197751,0.03132070985025491,0.9764600090197751,0.04592966689938713
92.9,0.9703972579815066,0.03833396666746256,0.9703972579815066,0.0499758058724951,2207.0,0.9654793450434819,0.043916241899943,0.9654793450434819,0.04089951475175168,20.0,0.980450687927374,0.025907456038991028,0.980450687927374,0.03977735501901043,0.0,0.9845458980334693,0.020670571908285786,0.9845458980334693,0.029691690810051755,26.06,0.975148098184886,0.03379571967041598,0.975148098184886,0.054186784461794264,63.0,0.8561759728175228,0.14181022888314365,0.8561759728175228,0.10584485680581995,32.9,0.9665731589731591,0.043205996382442276,0.9665731589731591,0.0613635246615027,62.0,0.9764600090197751,0.03132070985025491,0.9764600090197751,0.04592966689938713
82.0,0.9717569017131812,0.03634163313458185,0.9717569017131812,0.04677675294420727,2119.0,0.9641481504737536,0.045642121451004665,0.9641481504737536,0.04105027729513279,94.0,0.9802726175774082,0.026097432191045256,0.9802726175774082,0.04115600051680327,-2.3,0.9841251657477021,0.021168812318882263,0.9841251657477021,0.029904049202385263,36.14,0.9736388332651922,0.03574079286580906,0.9736388332651922,0.059114142987412716,69.0,0.8531161063871234,0.14321631250211808,0.8531161063871234,0.10464992911279958,69.0,0.9654398982662146,0.044717970028860764,0.9654398982662146,0.06485690475864926,75.3,0.9764600090197751,0.03132070985025491,0.9764600090197751,0.04694872202481742
100.0,0.9713808975004317,0.03674807260559382,0.9713808975004317,0.046749679316040536,2397.0,0.9662315387998583,0.043213420915576714,0.9662315387998583,0.03794627694538311,19.0,0.980825125057467,0.025351228140255495,0.980825125057467,0.0388750621120318,-4.7,0.9836475351380418,0.021773137946919447,0.9836475351380418,0.031924492895544776,45.1,0.9728781955843706,0.03657337113402496,0.9728781955843706,0.05961646920348965,71.0,0.850217135125285,0.14444785167348198,0.850217135125285,0.10555921972845997,83.1,0.9646168594663865,0.04553057941073833,0.9646168594663865,0.0642807567899393,59.6,0.976714841206452,0.03099303603835191,0.976714841206452,0.046808581555183956
30.2,0.9730519974652143,0.034649077489037845,0.9730519974652143,0.04441828624276831,1853.0,0.9672847890362437,0.0414202906743643,0.9672847890362437,0.037432101277110906,27.0,0.9800179888058516,0.026633516988225674,0.9800179888058516,0.03907755882280045,0.0,0.9826742953722155,0.023020269135529115,0.9826742953722155,0.03408402576738894,8.4,0.9734769982201035,0.035900962820081664,0.9734769982201035,0.05667010025510546,48.0,0.8508926995977288,0.1438316183846059,0.8508926995977288,0.10400820009500517,25.1,0.9650944900760469,0.04495011656177317,0.9650944900760469,0.061789094806849375,74.5,0.9778196527514498,0.029305512241361496,0.9778196527514498,0.04622950473322633
31.0,0.9739056322876241,0.03364936742959643,0.9739056322876241,0.04356063430595166,1909.0,0.9670868551734599,0.041638394482575794,0.9670868551734599,0.03709155775137231,30.0,0.9804956194155118,0.02603386711665979,0.9804956194155118,0.03754669504812881,0.0,0.9820186652749313,0.02398079287440141,0.9820186652749313,0.03549580934384311,8.33,0.975148098184886,0.03379571967041562,0.975148098184886,0.05337328149639569,54.0,0.8513703302073892,0.1433804046537806,0.8513703302073892,0.10217512895424427,25.1,0.9670507895828195,0.042623116886423694,0.9670507895828195,0.058613229723758944,74.5,0.9797833652717963,0.026189787363742653,0.9797833652717963,0.04164892927268906
42.7,0.9731303263845814,0.03465093665256567,0.9731303263845814,0.042172435678047356,1786.0,0.9690431546802325,0.03929952595914399,0.9690431546802325,0.03558352399052174,28.0,0.9785371730481043,0.028740718228850267,0.9785371730481043,0.04081054292337217,-3.1,0.9827939711779738,0.022961156913113352,0.9827939711779738,0.032633368606040304,11.49,0.974595590704827,0.03453265185952776,0.974595590704827,0.0529388687026705,53.0,0.8575839395193415,0.13780783357271298,0.8575839395193415,0.10075541881844924,29.8,0.9664467207941477,0.0436929949696677,0.9664467207941477,0.059527179044074424,72.2,0.9801413200756983,0.025648695353440023,0.9801413200756983,0.04000968228913062
18.0,0.9707458815784681,0.038211507701593775,0.9707458815784681,0.04520733532479618,1762.0,0.9687454793868502,0.039705888288953675,0.9687454793868502,0.03432036128299166,29.0,0.9788348483414865,0.02832666878973275,0.9788348483414865,0.03852818022307635,0.0,0.9827939711779738,0.022961156913113352,0.9827939711779738,0.03144909344453847,4.54,0.9777122948921574,0.029301822064919165,0.9777122948921574,0.04296403154577253,52.0,0.862830316893071,0.13367814953574814,0.862830316893071,0.0942426884246963,22.4,0.965087077062473,0.045663526227987035,0.965087077062473,0.0611744328138835,63.5,0.9790080593687539,0.027203631378875638,0.9790080593687539,0.04206518682299184
87.5,0.9702682509688079,0.038798946704982726,0.9702682509688079,0.0450970012088791,1766.0,0.9674142848171221,0.04144380930371228,0.9674142848171221,0.03483417789541116,45.0,0.9794336509772193,0.02764482639193328,0.9794336509772193,0.03737983210328207,-7.0,0.9830916464713563,0.02254348039458595,0.9830916464713563,0.031052366429695506,22.67,0.9784876007951999,0.02829103972453123,0.9784876007951999,0.04085267165470979,54.0,0.866985617161158,0.13098633056431896,0.866985617161158,0.09352509655500776,34.9,0.9658942133140888,0.04441734615713941,0.9658942133140888,0.05708054008105225,66.7,0.9784092567330208,0.02788543247316194,0.9784092567330208,0.04261942151407961
50.6,0.9692150007324225,0.04060073712446249,0.9692150007324225,0.04798177966393686,1770.0,0.967236214467156,0.041628273277101994,0.967236214467156,0.03459642378031906,23.0,0.9791359756838369,0.028059346970817498,0.9791359756838369,0.03708540010530495,-3.1,0.9817785013104756,0.024143393595417843,0.9817785013104756,0.03383907880357885,10.7,0.9766681848307313,0.0305535120759095,0.9766681848307313,0.043733260729722154,49.0,0.8721555183449283,0.1267648892742357,0.8721555183449283,0.08981078361333468,29.0,0.9651189074110462,0.04540158385548153,0.9651189074110462,0.057898532281571616,70.6,0.9797689004646954,0.025861269993822576,0.9797689004646954,0.039521133266566616
17.6,0.9672587012256499,0.04293742300397015,0.9672587012256499,0.051803258220678314,1563.0,0.9678350171028892,0.040963153233815365,0.9678350171028892,0.034239257374563806,35.0,0.9791359756838369,0.028059346970817498,0.9791359756838369,0.03708540010530495,0.0,0.9813008707008154,0.024744781311083295,0.9813008707008154,0.035380997643107995,3.99,0.9756223476079197,0.03165534561397696,0.9756223476079197,0.044238169344716576,45.0,0.874901466388205,0.1254440497076911,0.874901466388205,0.08896329065376529,21.6,0.9642481104622842,0.046195119383085466,0.9642481104622842,0.059438093171513634,63.1,0.9795140682780188,0.026191353906111322,0.9795140682780188,0.039839891194669755
13.7,0.9646196276479798,0.0474872995106758,0.9646196276479798,0.058834670575151495,1520.0,0.9688808543257007,0.03988070657967236,0.9688808543257007,0.03357001093500423,99.0,0.9780027149768926,0.029609835218451817,0.9780027149768926,0.03787444454551159,10.9,0.9824341314077598,0.023183221020859825,0.9824341314077598,0.033070688492146325,3.79,0.9747133939274121,0.032632514451866684,0.9747133939274121,0.04546460661601894,49.0,0.8789382025972082,0.12267977885736747,0.8789382025972082,0.08676089515647809,21.2,0.9629565812277551,0.047462793652785246,0.9629565812277551,0.0589962133576093,74.9,0.9785408285121925,0.027428667791118726,0.9785408285121925,0.043750404064562626
100.0,0.9646196276479798,0.0474872995106758,0.9646196276479798,0.058834670575151495,1506.438032627222,0.9686168819640646,0.040107414500769295,0.9686168819640646,0.03399858265841157,20.0,0.9780027149768926,0.02960983521845217,0.9780027149768926,0.03699477875037159,0.8,0.9822560610577942,0.02337409436224467,0.9822560610577942,0.03329760448225258,31.33,0.9741608864473529,0.0333697602148342,0.9741608864473529,0.04584642074991612,55.0,0.8814243276311658,0.12149647344174419,0.8814243276311658,0.08870442544395862,57.6,0.9627337828047716,0.04772230425814147,0.9627337828047716,0.05888172982376693,56.5,0.9776303662282315,0.02871083167979562,0.9776303662282315,0.04452443217799137
20.4,0.9663450611701826,0.04558752651608246,0.9663450611701826,0.05572356310221295,1795.0,0.9699480765337929,0.03836535779780838,0.9699480765337929,0.03357491138189272,19.0,0.9797830909943345,0.02709595786213457,0.9797830909943345,0.035583909644905654,0.0,0.9807467961381001,0.025350140888762064,0.9807467961381001,0.0369851898827748,5.51,0.9741608864473531,0.033369760214834204,0.9741608864473531,0.04461111879212914,49.0,0.8814243276311658,0.12149647344174419,0.8814243276311658,0.08870442544395862,23.5,0.9631545150905387,0.047246891276638774,0.9631545150905387,0.058783412810573206,62.7,0.9780510985139986,0.02821924363705532,0.9780510985139986,0.042673573955448005
31.8,0.9663450611701826,0.04558752651608246,0.9663450611701826,0.05572356310221295,1670.0,0.9699480765337929,0.038365357797808024,0.9699480765337929,0.030952868358515573,35.0,0.9805902272459499,0.025814367576141875,0.9805902272459499,0.033542715840260424,-5.5,0.9811228003508494,0.02493514136858841,0.9811228003508494,0.03663798386226783,7.84,0.9733537501957374,0.03463640105083032,0.9733537501957374,0.046779040384601275,51.0,0.8808202588424944,0.12241256126922678,0.8808202588424944,0.09242958489871958,26.3,0.9631545150905387,0.047246891276638774,0.9631545150905387,0.058783412810573206,73.7,0.9791843592209433,0.026667064111670833,0.9791843592209433,0.040322156368397206
48.2,0.9645646851527406,0.048031432772665916,0.9645646851527406,0.059905730959814045,1741.0,0.9711210025759365,0.0371706132194757,0.9711210025759365,0.029847350593496955,53.0,0.980052387988112,0.026391696477881657,0.980052387988112,0.034022963349316614,-1.6,0.9813776325375262,0.024604166831117363,0.9813776325375262,0.03885968409562277,12.9,0.9733537501957374,0.03463640105083032,0.9733537501957374,0.0443492359992599,58.0,0.8815064141000184,0.12184519126962848,0.8815064141000184,0.09407053886140701,31.0,0.963154515090539,0.04724689127663844,0.963154515090539,0.05612202008149302,71.0,0.9780205733537588,0.02798174295953941,0.9780205733537588,0.043399590671111474
19.6,0.9645646851527406,0.048031432772665916,0.9645646851527406,0.05904325048008925,1948.0,0.9706327811811959,0.03765425103208244,0.9706327811811959,0.031065548868780567,20.0,0.9778658770447821,0.029775924845343672,0.9778658770447821,0.0378942452719913,0.0,0.9804043927717001,0.025845510098703284,0.9804043927717001,0.04153632526877207,5.8,0.9737117049996394,0.03410209078911133,0.9737117049996394,0.04314201357764679,53.0,0.8796869981355497,0.12367889929829401,0.8796869981355497,0.0938041169114985,23.9,0.9637585838792105,0.04618307070819549,0.9637585838792105,0.05489909808105291,76.9,0.9791718834695509,0.02655606754715525,0.9791718834695509,0.040367674317529204
70.2,0.9651897900897849,0.04743745878655561,0.9651897900897849,0.05879312918475197,1792.0,0.9706327811811959,0.03765425103208244,0.9706327811811959,0.03119523316205375,88.0,0.9780886754677655,0.029507902858031076,0.9780886754677655,0.0370117357232632,0.8,0.9817175379325807,0.024250203359981577,0.9817175379325807,0.03957421655382891,20.01,0.9751731661602061,0.03238961082430076,0.9751731661602061,0.042171891264013155,62.0,0.8786337478991644,0.1252023974505547,0.8786337478991644,0.09431780284371853,34.9,0.9653410260338686,0.04395514101590415,0.9653410260338686,0.052048064475620756,69.0,0.9799949222693789,0.02571409514094047,0.9799949222693789,0.03944122411831013
19.2,0.9665209846595132,0.04571205735271905,0.9665209846595132,0.05576986004389137,2030.0,0.9716060209470222,0.0364376220766419,0.9716060209470222,0.029393521174863067,20.0,0.9776679431819983,0.029998956402222856,0.9776679431819983,0.0374785200446429,0.0,0.9808639031101709,0.025266583695418197,0.9808639031101709,0.040983348799070375,6.01,0.9742642124796985,0.03336561776889736,0.9742642124796985,0.04372426333500408,54.0,0.8786337478991644,0.1252023974505547,0.8786337478991644,0.09175207436891905,24.3,0.9645657201308261,0.04493914491829353,0.9645657201308261,0.053780036075814934,76.5,0.9795457408216652,0.026454506274231657,0.9795457408216652,0.040524433248256136
56.1,0.9665209846595132,0.04571205735271905,0.9665209846595132,0.05563878604019864,1802.0,0.9716060209470222,0.0364376220766419,0.9716060209470222,0.030107771654451145,39.0,0.9768608069303828,0.03127314266997852,0.9768608069303828,0.03997662619386673,3.9,0.9814627057459039,0.02458138886860209,0.9814627057459039,0.0385500596134872,15.03,0.9749397769521424,0.032551175535169896,0.9749397769521424,0.042411349488066886,52.0,0.8794873827215741,0.12439379758061517,0.8794873827215741,0.08935553121514808,31.4,0.9645657201308261,0.044939144918293886,0.9645657201308261,0.05513183511803023,69.4,0.9798005730083419,0.02612447971086682,0.9798005730083419,0.040128199138272265
100.0,0.9667189185222967,0.04549492535779072,0.9667189185222967,0.05584880260189353,1756.0,0.9729656646786968,0.03444002295824588,0.9729656646786968,0.0279986757326845,100.0,0.9773986461882209,0.030700474915063152,0.9773986461882209,0.03995280449905803,5.5,0.9819403363555642,0.02397981853446941,0.9819403363555642,0.036300786193463344,31.72,0.9757150828551849,0.031545973132788965,0.9757150828551849,0.042304544520300365,61.0,0.8803978450055351,0.12334494694315497,0.8803978450055351,0.08636826022429162,56.5,0.9626020076104798,0.047966564356008455,0.9626020076104798,0.05938244412288124,63.5,0.9807110352923031,0.024836950394977412,0.9807110352923031,0.03839008096344881
42.0,0.9683172632251673,0.04369287972855752,0.9683172632251673,0.055010872174284624,769.0,0.9717927386365532,0.03564050199019646,0.9717927386365532,0.028235586255639513,32.0,0.9773986461882207,0.03070047491506243,0.9773986461882207,0.040320123008462244,0.8,0.9822380116489466,0.02356282558348429,0.9822380116489466,0.03300866171888626,4.44,0.9765381216550127,0.03071133759311639,0.9765381216550127,0.03933026854382702,0.0,0.8803978450055351,0.12334494694315497,0.8803978450055351,0.0838369050415874,20.8,0.9614687469035352,0.04946629687589517,0.9614687469035352,0.060765692652513595,56.1,0.9811992566870436,0.024341521458963428,0.9811992566870436,0.03722078274919001
20.4,0.9709563368028375,0.03911427579586287,0.9709563368028375,0.05019770565434316,2254.0,0.9717927386365532,0.03564050199019646,0.9717927386365532,0.028520230574763154,88.0,0.9773986461882209,0.030700474915062437,0.9773986461882209,0.04071292189689218,2.3,0.9840183876663884,0.0210266554622434,0.9840183876663884,0.030325298684634724,12.96,0.9765381216550127,0.03071133759311639,0.9765381216550127,0.03950734320254273,33.0,0.8803978450055351,0.12334494694315497,0.8803978450055351,0.08298869643135529,30.2,0.96282839063521,0.047509003771771904,0.96282839063521,0.05736246971780144,63.5,0.9794903763533737,0.02713595409609425,0.9794903763533737,0.041107025546735315
76.9,0.9707782664528717,0.03929989827633092,0.9707782664528717,0.0527134654183507,3041.0,0.9717927386365532,0.03564050199019646,0.9717927386365532,0.028520230574763154,51.0,0.9770226419754712,0.031111607956551202,0.9770226419754712,0.04076430477011089,0.0,0.9827052425055076,0.022630159830991623,0.9827052425055076,0.03422610276099428,32.32,0.9762404463616305,0.03112364782471183,0.9762404463616305,0.04139527559428026,38.0,0.8801430128188583,0.12361188570162997,0.8801430128188583,0.0822186899563731,28.2,0.96282839063521,0.047509003771771904,0.96282839063521,0.05736246971780144,68.2,0.9803993300338815,0.026148602558478586,0.9803993300338815,0.03804113636206348
90.2,0.971001064875855,0.039036102971557664,0.971001064875855,0.054094626644545965,2249.0,0.9717927386365532,0.03564050199019646,0.9717927386365532,0.028520230574763154,91.0,0.9752422659580294,0.033610794213995314,0.9752422659580294,0.042213601993888863,-3.1,0.9842145074252017,0.020645840467403472,0.9842145074252017,0.03072720819002784,35.45,0.9752249764941322,0.03228918476984576,0.9752249764941322,0.04162683524486919,57.0,0.8774788174349348,0.12493544067939191,0.8774788174349348,0.0828410836346154,40.4,0.9633808981152688,0.04678888602804101,0.9633808981152688,0.054322311182800266,68.2,0.9825858409772114,0.02274719200055123,0.9825858409772114,0.03353771317450976
21.2,0.9721648507430395,0.03774457722019301,0.9721648507430395,0.053835017386344136,1836.0,0.9717927386365532,0.03564050199019646,0.9717927386365532,0.028520230574763154,40.0,0.9744351297064139,0.03487870415459653,0.9744351297064139,0.04487191307357275,0.0,0.9839168321318195,0.021064583716356697,0.9839168321318195,0.031367126977589095,6.3,0.9742517367283061,0.03351476138553717,0.9742517367283061,0.040296907410262636,54.0,0.877193617892945,0.1251390539710806,0.877193617892945,0.0814036853273162,27.5,0.9639849669039408,0.04572451446566247,0.9639849669039408,0.0491978847919828,76.9,0.983945484708886,0.020706960974776024,0.983945484708886,0.031093005505791894
53.7,0.9716123432629805,0.03847689203731054,0.9716123432629805,0.05529353808327443,1809.0,0.9717927386365532,0.03564050199019646,0.9717927386365532,0.028520230574763154,62.0,0.9751957673872355,0.034043380261296705,0.9751957673872355,0.04267744068228201,3.9,0.9839168321318195,0.021064583716356697,0.9839168321318195,0.029211668645857655,13.92,0.9742517367283061,0.03351476138553717,0.9742517367283061,0.040296907410262636,57.0,0.8783449280087371,0.12399487899705487,0.8783449280087371,0.07992146349354987,31.0,0.9631778306523251,0.04696698777768329,0.9631778306523251,0.0514560365698496,70.2,0.9824840235483195,0.022453091340555214,0.9824840235483195,0.03454035569288713
51.8,0.9731947854176385,0.03621705573878843,0.9731947854176385,0.050330545574917236,1907.0,0.9721506934404552,0.0351074590477173,0.9721506934404552,0.026644530733625573,44.0,0.9750339323421467,0.034204107057761265,0.9750339323421467,0.041828958284564496,-0.8,0.9839168321318195,0.021064583716356697,0.9839168321318195,0.02660445330537195,11.71,0.9745494120216883,0.033104060105013364,0.9745494120216883,0.038408975018525124,58.0,0.876835663089043,0.1255806100219901,0.876835663089043,0.08457083174684892,29.8,0.9627570983665579,0.047442535538764805,0.9627570983665579,0.052098818845823396,69.4,0.981468553680821,0.023635464939555335,0.981468553680821,0.03573367689534515
51.0,0.9745259799873668,0.03446093607004633,0.9745259799873668,0.04844756424127755,1960.0,0.9721506934404552,0.0351074590477173,0.9721506934404552,0.026644530733625573,47.0,0.9757094968145908,0.033389566245301976,0.9757094968145908,0.040511264699499804,-5.5,0.9852299772927,0.019456941101685603,0.9852299772927,0.022921111967288868,14.52,0.9753100497025099,0.03226724682446267,0.9753100497025099,0.03814332356748607,59.0,0.8743081917997338,0.1267504687481688,0.8743081917997338,0.08224861669487012,31.0,0.9639208842337423,0.04617292105270365,0.9639208842337423,0.05106099384323767,70.2,0.9817233858674979,0.023304031778820854,0.9817233858674979,0.036626382235056
60.0,0.9767124909306967,0.031099207407431963,0.9767124909306967,0.04297951340487989,1977.0,0.9721506934404552,0.03510745904771659,0.9721506934404552,0.025796913215726868,100.0,0.9758875671645565,0.033201849336548094,0.9758875671645565,0.04065434981093336,-2.3,0.9852299772927,0.019456941101685603,0.9852299772927,0.024607198941681334,31.39,0.9748893174167428,0.032755642176211935,0.9748893174167428,0.04038527045999818,64.0,0.8743081917997338,0.1267504687481688,0.8743081917997338,0.08224861669487012,38.8,0.9646815219145638,0.045356106227755565,0.9646815219145638,0.05093829732361788,69.4,0.9817233858674979,0.023304031778820854,0.9817233858674979,0.03850786995829243
100.0,0.9764896925077132,0.03136647027452581,0.9764896925077132,0.04445294875663288,2149.0,0.9701943939336827,0.03746278746893297,0.9701943939336827,0.026629736696353903,29.0,0.9760855010273402,0.032979895610616955,0.9760855010273402,0.03874476801843349,-6.2,0.9844693396118787,0.02031267190494553,0.9844693396118787,0.02507508588901783,31.26,0.9739788551327816,0.03402785125991666,0.9739788551327816,0.04124303417650826,61.0,0.8762615396826323,0.12599276601894818,0.8762615396826323,0.07999333705073264,36.5,0.9644835880517802,0.04557276968916777,0.9644835880517802,0.051913835277735576,60.8,0.9826966256333242,0.022058431648610804,0.9826966256333242,0.03617614114673695
78.0,0.9755792302237523,0.03264216540544463,0.9755792302237523,0.04596745963783564,2027.0,0.9692211541678564,0.03867651246539592,0.9692211541678564,0.0274627287057229,41.0,0.9764615052400897,0.03256989943888751,0.9764615052400897,0.039076173619582315,-2.3,0.9852446455149209,0.019287510279439875,0.9852446455149209,0.02368199502298153,23.69,0.974634485230066,0.03308221239341045,0.974634485230066,0.040685794513622135,62.0,0.880256929636284,0.12323314509016142,0.880256929636284,0.07796258690049371,34.5,0.964185912758398,0.04597516935910091,0.964185912758398,0.05323836359134226,67.5,0.9811873607136301,0.024037418724215165,0.9811873607136301,0.038072824547121825
78.8,0.9755792302237523,0.03264216540544463,0.9755792302237523,0.04330606690875544,2101.0,0.9692211541678564,0.03867651246539592,0.9692211541678564,0.0274627287057229,35.0,0.9755525515595821,0.03354710895820078,0.9755525515595821,0.04062708411079,-5.5,0.9860052831957425,0.018430289921703116,0.9860052831957425,0.023214108075645036,23.78,0.9739788551327816,0.03402785125991666,0.9739788551327816,0.03891161069568041,64.0,0.88287879414628,0.12190666910497776,0.88287879414628,0.0789758019559672,33.7,0.9608194905103522,0.0503428708199699,0.9608194905103522,0.055724089559551666,67.8,0.9811873607136301,0.024037418724215165,0.9811873607136301,0.03924227548258812
44.7,0.9764896925077132,0.03136647027452581,0.9764896925077132,0.04416837249671742,2121.0,0.9692211541678564,0.03867651246539592,0.9692211541678564,0.0274627287057229,19.0,0.9758627026043566,0.03324654847982941,0.9758627026043566,0.04051652265521739,-1.6,0.9852299772926999,0.019456941101685603,0.9852299772926999,0.023766651747640005,24.87,0.9739788551327816,0.03402785125991666,0.9739788551327816,0.03831212174153486,65.0,0.88287879414628,0.12190666910497776,0.88287879414628,0.0789758019559672,34.9,0.9596862298034076,0.051836810660003715,0.9596862298034076,0.057805718512078455,73.3,0.9807381792659164,0.024779527431529256,0.9807381792659164,0.039321995981174786
35.3,0.9775429427440984,0.02954055107877932,0.9775429427440984,0.04069448425857701,1847.0,0.9692211541678564,0.03867651246539592,0.9692211541678564,0.0274627287057229,36.0,0.9778211489717644,0.03055643800840789,0.9778211489717644,0.035939888645068925,1.6,0.9852299772926999,0.019456941101685603,0.9852299772926999,0.023766651747640005,9.83,0.9720204087653739,0.03669990726874688,0.9720204087653739,0.0383868074850026,63.0,0.8828787941462802,0.1219066691049778,0.8828787941462802,0.08118842357603634,28.6,0.9581519677707356,0.05470173995227246,0.9581519677707356,0.05897023883865969,70.2,0.9804529797239263,0.025045290028626797,0.9804529797239263,0.03975394862524179
18.0,0.9775429427440984,0.02954055107877932,0.9775429427440984,0.04113330710975442,1700.0,0.9692211541678564,0.03867651246539592,0.9692211541678564,0.02684534225881607,19.0,0.9776430786217984,0.030745032659304266,0.9776430786217984,0.0352099451473485,0.0,0.9839168321318195,0.021064583716356697,0.9839168321318195,0.026227901679131877,4.45,0.9723180840587563,0.036291168713966766,0.9723180840587563,0.038020764467620385,57.0,0.8824580618605129,0.12230326437095741,0.8824580618605129,0.08161586272053566,22.4,0.9570987175343502,0.05646246567622663,0.9570987175343502,0.062275486636466974,64.3,0.979797349626642,0.02600221740047139,0.979797349626642,0.040004780261029806
52.2,0.9791253848987568,0.027251715270857367,0.9791253848987568,0.03834394164138638,1556.0,0.968152423356311,0.03969857319798278,0.968152423356311,0.027530164010179114,20.0,0.9782418812575315,0.030065543372275665,0.9782418812575315,0.0343513755863143,6.2,0.9842567375268739,0.020708437899892383,0.9842567375268739,0.0249566815281168,12.19,0.9720952856357727,0.03655597516229492,0.9720952856357727,0.03915388408666652,54.0,0.878965353460433,0.12700149858100385,0.878965353460433,0.08168315943408641,26.7,0.9575194498201174,0.05599392106960342,0.9575194498201174,0.06248091297072528,71.0,0.9795425174399653,0.026332274631901,0.9795425174399653,0.04198479673760702
18.8,0.9786783503116783,0.027678745727651104,0.9786783503116783,0.03960171779116167,1461.0,0.9675103513094332,0.04024143615575993,0.9675103513094332,0.02717986783589906,21.0,0.9787195118671917,0.02946870251095643,0.9787195118671917,0.03298828436681236,20.3,0.9840339391038903,0.020980226868679824,0.9840339391038903,0.02461776647452411,4.11,0.9746578007918522,0.03279860681096154,0.9746578007918522,0.03502044833603912,46.0,0.8779498835929346,0.1279331976191797,0.8779498835929346,0.08086006925240623,21.6,0.9617048848189931,0.049927245253339116,0.9617048848189931,0.056032629632035036,64.3,0.9815009638073731,0.02361771473538637,0.9815009638073731,0.03832260835797423
47.5,0.9796515900775044,0.026441499151099286,0.9796515900775044,0.037053556442717225,1573.0,0.9671523965055312,0.040769910630862494,0.9671523965055312,0.026722955491320467,29.0,0.9811039566733053,0.025856123131238352,0.9811039566733053,0.030378006972742844,0.0,0.9848875739263,0.019956704375336358,0.9848875739263,0.022263582931774124,8.25,0.9754649370434677,0.031528671603714024,0.9754649370434677,0.03239561439898839,48.0,0.8766186890232067,0.129363469569765,0.8766186890232067,0.08074223136658411,25.1,0.9628381455259376,0.04842765938751287,0.9628381455259376,0.054439563815227646,70.2,0.9818769680201226,0.023201717598727592,0.9818769680201226,0.03883070938301662
93.7,0.9804746288773324,0.025598996490717698,0.9804746288773324,0.03565034213413023,1690.0,0.9671523965055312,0.04076991063086214,0.9671523965055312,0.027957171024327095,37.0,0.9824636004049799,0.023823368221823422,0.9824636004049799,0.02919444366097534,7.8,0.9848875739263,0.019956704375336358,0.9848875739263,0.022263582931774124,27.49,0.9766287229106522,0.03022182984826198,0.9766287229106522,0.03105440878716329,57.0,0.8740561738671273,0.132441277141053,0.8740561738671273,0.08539368234137719,38.8,0.9630609439489212,0.04816828148055804,0.9630609439489212,0.05428818796344674,64.3,0.9826376057009443,0.022350559234016635,0.9826376057009443,0.0377522171276337
21.2,0.9799221213972734,0.026344783905498593,0.9799221213972734,0.037842292058899295,1865.0,0.9657246382767108,0.04227603451690775,0.9657246382767108,0.028330157994329377,21.0,0.9819859697953197,0.024425347771808874,0.9819859697953197,0.030541047479077123,0.0,0.9856628798293425,0.01893081376850072,0.9856628798293425,0.021160946412131114,5.76,0.978090184071219,0.028498114829736833,0.978090184071219,0.02931599691872519,51.0,0.8731853769183653,0.13306502025569897,0.8731853769183653,0.08405058753879152,23.9,0.9661975825114112,0.04395975803981519,0.9661975825114112,0.04836875976202364,62.4,0.9823827735142673,0.022682559649977462,0.9823827735142673,0.038568052729925306
68.6,0.9799221213972734,0.026344783905498593,0.9799221213972734,0.0394993281360344,1392.0,0.9662022688863711,0.04169324400702996,0.9662022688863711,0.028721406560786655,64.0,0.9827466074761413,0.023575038814252672,0.9827466074761413,0.02890299729918881,6.2,0.9862616824650756,0.018238269019241533,0.9862616824650756,0.019874125726963975,14.65,0.9787458141685031,0.027544587366855063,0.9787458141685031,0.02878384525482114,43.0,0.8742008467858636,0.13214594912140032,0.8742008467858636,0.08509089264784814,31.8,0.9667500899914703,0.04323490185859184,0.9667500899914703,0.0469254625822081,66.3,0.9819051429046071,0.02328504240164652,0.9819051429046071,0.040897619778606946
69.0,0.9799221213972734,0.026344783905498593,0.9799221213972734,0.03842594266931805,1463.0,0.9662022688863711,0.04169324400702996,0.9662022688863711,0.02891165041147515,43.0,0.984106251207816,0.02153560948150775,0.984106251207816,0.025343975699904743,2.3,0.9862616824650756,0.018238269019241533,0.9862616824650756,0.018955547157983473,14.81,0.9784909819818266,0.02787387417656379,0.9784909819818266,0.028093694952851724,45.0,0.8742008467858636,0.13214594912140032,0.8742008467858636,0.08509089264784814,31.4,0.9663293577057032,0.04371399026095687,0.9663293577057032,0.04772554680589123,67.5,0.9816503107179305,0.0236165441083712,0.9816503107179305,0.04091177083152299
100.0,0.9803428536830406,0.025850970262199156,0.9803428536830406,0.03790800457668554,1559.0,0.9671112225668789,0.04073365719095297,0.9671112225668789,0.02674134999595013,100.0,0.9845269834935831,0.02103753580643168,0.9845269834935831,0.02358798126480207,0.6281970010971596,0.985408047642666,0.019264756366046357,0.985408047642666,0.019756401377623693,27.1,0.9784909819818266,0.02787387417656379,0.9784909819818266,0.028093694952851724,58.0,0.8742008467858636,0.13214594912140032,0.8742008467858636,0.08509089264784814,39.6,0.966928160341436,0.043050834215570356,0.966928160341436,0.0473136940572767,68.2,0.9824256166209729,0.022597016827521948,0.9824256166209729,0.03848453276276738
22.4,0.980144919820257,0.026075389839119105,0.980144919820257,0.037362337574934276,1993.0,0.9671112225668789,0.04073365719095297,0.9671112225668789,0.02674134999595013,85.0,0.9856602442005278,0.01946639288756212,0.9856602442005278,0.020049623641740507,0.0,0.9851852492196824,0.01953720069950622,0.9851852492196824,0.019351883879527968,5.28,0.9784909819818266,0.02787387417656379,0.9784909819818266,0.028228235938466628,63.0,0.8742008467858636,0.13214594912140032,0.8742008467858636,0.08509089264784814,23.1,0.9682593549111643,0.04131605502405537,0.9682593549111643,0.04616132678202133,69.0,0.9826804488076497,0.022264979234151522,0.9826804488076497,0.037302558919976796
16.1,0.9805941012679706,0.0253343374361959,0.9805941012679706,0.037340452085389844,1424.0,0.9677100252026117,0.0400680757881371,0.9677100252026117,0.026531671339926118,36.0,0.9856602442005278,0.01946639288756212,0.9856602442005278,0.020049623641740507,10.9,0.9850071788697166,0.019729291156448055,0.9850071788697166,0.0199507390283009,3.21,0.9793446168042362,0.026862331620528018,0.9793446168042362,0.027466539325560962,33.0,0.8757472082070693,0.13086943137256615,0.8757472082070693,0.08500352841376009,19.6,0.9688118623912234,0.040588037267252734,0.9688118623912234,0.046076810652959266,66.3,0.983981118217138,0.020811831416792333,0.983981118217138,0.03441386018148028
40.8,0.9798334635871491,0.026181337800263153,0.9798334635871491,0.0384528600047743,773.0,0.9677100252026117,0.0400680757881371,0.9677100252026117,0.026531671339926118,45.0,0.9861378748101879,0.018859670295108627,0.9861378748101879,0.018077068359580704,0.6281970010971596,0.9841535440473067,0.020753139339763704,0.9841535440473067,0.020019560711612778,4.2,0.9790469415108538,0.02727705082072421,0.9790469415108538,0.028051578533609702,36.0,0.8748367459231083,0.13190356114234073,0.8748367459231083,0.08647132490208856,22.4,0.9659179566268764,0.04547224205462695,0.9659179566268764,0.05552628057159855,58.0,0.9847564241201805,0.019787586958679684,0.9847564241201805,0.03175352717115561
56.1,0.9780530875697072,0.028697011584467816,0.9780530875697072,0.04389702934389407,1845.0,0.9677100252026117,0.0400680757881371,0.9677100252026117,0.026531671339926118,19.0,0.9864958296140899,0.01831228582241292,0.9864958296140899,0.019009252738371958,-10.9,0.9846311746569669,0.020147997085962845,0.9846311746569669,0.02112953302875272,15.81,0.9787492662174716,0.027691512868493123,0.9787492662174716,0.029309061615841733,39.0,0.8732543037684501,0.13374896581873832,0.8732543037684501,0.08856794309823407,31.8,0.9663386889126436,0.04499413958958316,0.9663386889126436,0.05472619634791542,69.0,0.9856668864041417,0.018487447686135146,0.9856668864041417,0.029753351331130332
17.3,0.9780530875697072,0.028697011584467816,0.9780530875697072,0.044471225739803444,1865.0,0.9655235142592818,0.04337719382783305,0.9655235142592818,0.029211129366082167,20.0,0.9864958296140899,0.01831228582241292,0.9864958296140899,0.019009252738371958,0.0,0.9843334993635847,0.020567073459082173,0.9843334993635847,0.022295963383268943,5.02,0.9776160055105271,0.029241788271537984,0.9776160055105271,0.030986553911149486,28.0,0.8734771021914337,0.13353767571033498,0.8734771021914337,0.08746754406068226,22.4,0.9667857234997221,0.04458082187961733,0.9667857234997221,0.05339763385794735,63.5,0.9865773486881024,0.017184872733851084,0.9865773486881024,0.028784531919474634
18.8,0.9784738198554744,0.028205194447806763,0.9784738198554744,0.042884097067335814,1355.0,0.9635650678918741,0.046005847974856504,0.9635650678918741,0.030850266439276183,32.0,0.987094632249823,0.017618761312890432,0.987094632249823,0.017731862424844053,7.8,0.9838558687539245,0.02117182341521719,0.9838558687539245,0.021839402607471314,3.54,0.9767070518300195,0.030223320298404743,0.9767070518300195,0.03247921989417483,23.0,0.8718946600367755,0.1353765037861322,0.8718946600367755,0.087742233203426,20.8,0.9657398862769108,0.045655654385090824,0.9657398862769108,0.055267941956410827,60.4,0.9850680837684086,0.019179409778014366,0.9850680837684086,0.03171678951876493
54.9,0.9784738198554744,0.028205194447806763,0.9784738198554744,0.040816095933761766,857.0,0.9624318071849296,0.04750950173730909,0.9624318071849296,0.03166951094873832,55.0,0.988425826819551,0.015811107947675894,0.988425826819551,0.015935228464543857,3.9,0.9827045586381324,0.02261092559533574,0.9827045586381324,0.023833714264133388,4.99,0.9747433393096732,0.03332080274667087,0.9747433393096732,0.036492449047434095,6.0,0.868240116591607,0.14007629414256192,0.868240116591607,0.09177852571837129,18.0,0.9633220815980095,0.048328737198968755,0.9633220815980095,0.05766532116637623,51.4,0.9846920795556591,0.019598352430101867,0.9846920795556591,0.031694944578080114
58.8,0.9782510214324909,0.02847362391857895,0.9782510214324909,0.0397677184756817,1190.0,0.9612985464779851,0.04900948697959917,0.9612985464779851,0.03400970056666541,35.0,0.9882030283965677,0.016085191939892815,0.9882030283965677,0.016009278562928806,-6.2,0.9835581934605423,0.021590250338241943,0.9835581934605423,0.024368773227474307,9.67,0.9738328770257121,0.03459228409773393,0.9738328770257121,0.03723011755766902,12.0,0.8662816702241993,0.14220269325136203,0.8662816702241993,0.09455901445467078,28.2,0.9619624378663346,0.0502859471757376,0.9619624378663346,0.060290724572184096,56.5,0.9831828146359648,0.02158527238209214,0.9831828146359648,0.03369156147961381
61.6,0.9787392428272312,0.027981314165359962,0.9787392428272312,0.03813131420232867,2157.0,0.9606123912204608,0.04969670685805624,0.9606123912204608,0.0346543645974461,20.0,0.9868718338268394,0.017892058475302803,0.9868718338268394,0.01942746819093356,0.0,0.9841569960962752,0.02090085173334977,0.9841569960962752,0.025163701238129842,21.42,0.9739947120708006,0.034431833755553434,0.9739947120708006,0.03600895522006429,19.0,0.8662816702241993,0.14220269325136203,0.8662816702241993,0.09455901445467078,33.7,0.9617396394433512,0.05054451324975329,0.9617396394433512,0.06038836550098343,69.4,0.9821673447684667,0.022769417148312016,0.9821673447684667,0.03522534572885171
56.9,0.9785164444042479,0.02824987091537964,0.9785164444042479,0.03902319860551532,1701.0,0.9606123912204608,0.04969670685805624,0.9606123912204608,0.03430659966284603,70.0,0.9868718338268394,0.017892058475302803,0.9868718338268394,0.020459534934897394,5.5,0.9839590622334915,0.021127180725640328,0.9839590622334915,0.025630049589781847,15.08,0.9730214723049745,0.0356536403579551,0.9730214723049745,0.03673899865786759,31.0,0.8662816702241993,0.14220269325136203,0.8662816702241993,0.09455901445467078,31.8,0.9607241695758529,0.05167124422748955,0.9607241695758529,0.060588866208757496,71.0,0.9812568824845057,0.0240608452105692,0.9812568824845057,0.037260426266698246
87.5,0.9792770820850694,0.02740567074434192,0.9792770820850694,0.03844777071653587,2936.0,0.9601632097727474,0.05041078200852922,0.9601632097727474,0.03211792309053346,76.0,0.9855406392571113,0.01969399197818524,0.9855406392571113,0.023400071002950478,0.0,0.983797227188403,0.021291577546106274,0.983797227188403,0.02611775298032805,39.28,0.97188821159803,0.0371851828440777,0.97188821159803,0.0385970505150193,40.0,0.8632390734284361,0.14380388465252664,0.8632390734284361,0.09618937968096933,38.4,0.9607241695758529,0.05167124422748955,0.9607241695758529,0.05910016691176081,67.8,0.9816148372884075,0.02351813436343438,0.9816148372884075,0.036431757452589426
100.0,0.9779458875153413,0.029180412597695566,0.9779458875153413,0.042370680776404136,2112.0,0.9597140283250336,0.05112416730243512,0.9597140283250336,0.032045718816022625,82.0,0.986315945160154,0.018667194162725484,0.986315945160154,0.02146119876737615,1.6,0.9839951610511866,0.02106532024501429,0.9839951610511866,0.026461139794540144,33.71,0.9733496727585967,0.03548073297016786,0.9733496727585967,0.035030928133247416,52.0,0.8603769441817289,0.14519331142308084,0.8603769441817289,0.09672310515578572,38.8,0.9613492745128972,0.05108225025142284,0.9613492745128972,0.05765371650020453,62.7,0.9824684721108173,0.022499422446171605,0.9824684721108173,0.03429519313686927
79.2,0.9782857929103957,0.028829336722981828,0.9782857929103957,0.042510013552379836,2049.0,0.959936826748017,0.05086632963022408,0.959936826748017,0.03114531063932734,63.0,0.9858952128743869,0.01916721702794496,0.9858952128743869,0.02249614641744031,-0.8,0.983619156838437,0.02148306981288154,0.983619156838437,0.02768158129981215,23.99,0.9744829334655412,0.033944775433003095,0.9744829334655412,0.032278550680108875,62.0,0.85784947289242,0.14626979386295602,0.85784947289242,0.09701298522792923,34.9,0.9629317166675554,0.04886832471544406,0.9629317166675554,0.05365139177631735,66.7,0.980348190698321,0.02538210641023403,0.980348190698321,0.037619012289600594
71.8,0.9797950578300898,0.02686380456140588,0.9797950578300898,0.0401966883331904,2059.0,0.9595160944622501,0.05133842913713628,0.9595160944622501,0.03198791786380236,68.0,0.9860931467371703,0.01894003257372524,0.9860931467371703,0.023317776030368765,0.0,0.983619156838437,0.02148306981288154,0.983619156838437,0.02706001763043142,21.72,0.9738578285284968,0.03455371627633507,0.9738578285284968,0.03171503893428513,61.0,0.8567807420808744,0.1470297963684895,0.8567807420808744,0.09467940653037349,33.7,0.9636072811399993,0.0480747668401769,0.9636072811399993,0.05239779732074009,67.8,0.9785287747338525,0.027654487562379555,0.9785287747338525,0.04221201686795095
25.9,0.9793174272204295,0.02746260306457317,0.9793174272204295,0.04081994900639785,2233.0,0.9596431832815822,0.0512347283520338,0.9596431832815822,0.03370115960172417,92.0,0.9854943441014374,0.019632028976569554,0.9854943441014374,0.025449405909945672,10.9,0.983020354202704,0.022171723086497605,0.983020354202704,0.028052824867338465,5.97,0.9732837051220862,0.03508246712106835,0.9732837051220862,0.032509573693344916,79.0,0.8601618481925931,0.145193161015884,0.8601618481925931,0.0928616830539497,23.5,0.9622239235956304,0.04930507849477119,0.9622239235956304,0.054017884551991954,68.6,0.9783059763108688,0.027923058222968936,0.9783059763108688,0.04026406413006363
100.0,0.9806486217901574,0.025682929278649173,0.9806486217901574,0.03720627706004117,2203.0,0.9599283828235721,0.05098270073048013,0.9599283828235721,0.03420912256146931,73.0,0.9852964102386538,0.01985893184122728,0.9852964102386538,0.026407916836158018,3.9,0.9818565683355197,0.023497128343231467,0.9818565683355197,0.029546438350227095,34.1,0.9737044374078533,0.034595928229556414,0.9737044374078533,0.03293239423747339,83.0,0.8626479732265508,0.1441150999103144,0.8626479732265508,0.09531458909104401,38.0,0.9627617628534685,0.04875158543474656,0.9627617628534685,0.053758057170750835,63.5,0.9792149299913765,0.026937691698678642,0.9792149299913765,0.03751410061578583
82.4,0.981664091657656,0.02450370345065918,0.981664091657656,0.03467462756962512,2272.0,0.960480890303631,0.0502669145035719,0.960480890303631,0.031949578382142275,62.0,0.9852964102386538,0.01985893184122728,0.9852964102386538,0.026407916836158018,0.8,0.9816784979855537,0.02368782757867377,0.9816784979855537,0.029714079465419152,27.27,0.9747199072753515,0.033434717219799064,0.9747199072753515,0.030282847039892168,82.0,0.8626479732265508,0.1441150999103144,0.8626479732265508,0.09531458909104401,35.7,0.9634479181109927,0.04806199679638492,0.9634479181109927,0.05182099471261663,67.8,0.9810343459558452,0.024662316233713958,0.9810343459558452,0.03542746502096737
50.2,0.98317335657735,0.02252443731719075,0.98317335657735,0.030655787466915822,2229.0,0.9612561962066737,0.04929168147923412,0.9612561962066737,0.03173884128577364,31.0,0.9855512424253305,0.019525181869778557,0.9855512424253305,0.026645780372761194,-0.8,0.9821561285952141,0.02308568502665798,0.9821561285952141,0.030296117763571183,16.01,0.9764453407975543,0.03148844406681957,0.9764453407975543,0.028499887201188383,33.67243525896414,0.8626479732265508,0.1441150999103144,0.8626479732265508,0.09531458909104401,31.8,0.9650540740783451,0.04656782700709881,0.9650540740783451,0.05122331881397806,69.8,0.9798705600886607,0.02598197979980908,0.9798705600886607,0.038144099336238566
30.2,0.981392980559908,0.02505564786083253,0.981392980559908,0.03382935492267238,2149.0,0.9625873907764015,0.047576403991902765,0.9625873907764015,0.031342847904502154,20.0,0.9859719747110977,0.019025491906614345,0.9859719747110977,0.02629266094831614,0.0,0.9819333301722305,0.023356334507947562,0.9819333301722305,0.03305905978872932,8.86,0.9752724147554106,0.03269706374024767,0.9752724147554106,0.028938898129670453,74.0,0.8626479732265508,0.1441150999103144,0.8626479732265508,0.09531458909104401,27.5,0.9634479181109927,0.04806199679638492,0.9634479181109927,0.05078892796865279,74.9,0.9802104654837152,0.02562906384741075,0.9802104654837152,0.03654084575656854
89.4,0.981945488039967,0.024307971345996222,0.981945488039967,0.03134437621250739,2432.0,0.9622294359724998,0.04809930888502092,0.9622294359724998,0.03187785386322961,34.0,0.9863299295149995,0.018478261992464832,0.9863299295149995,0.025400671044810797,0.0,0.983066590879175,0.021792129709992863,0.983066590879175,0.031609970942811955,33.32,0.9752724147554106,0.03269706374024767,0.9752724147554106,0.02914577601617562,36.0,0.8661406816266307,0.1395919073513567,0.8661406816266307,0.09397266601244812,37.3,0.963249984248209,0.04827780341312757,0.963249984248209,0.051767211605871534,67.5,0.9794351595806727,0.026643811740309335,0.9794351595806727,0.037552145054611644
56.5,0.981945488039967,0.024307971345996222,0.981945488039967,0.03134437621250739,1837.0,0.9641931484928461,0.04507340540197508,0.9641931484928461,0.030544058570970815,48.0,0.9861319956522159,0.018705595502176056,0.9861319956522159,0.026771284477964053,-4.7,0.983066590879175,0.021792129709992863,0.983066590879175,0.031609970942811955,15.24,0.9747345754975726,0.033267310356490616,0.9747345754975726,0.031096050565423337,42.0,0.8705429221540686,0.13635004306959242,0.8705429221540686,0.09054109533195867,31.8,0.9634280545981748,0.0480953920773087,0.9634280545981748,0.05166336939506692,70.2,0.9794351595806727,0.026643811740309335,0.9794351595806727,0.03966965896726613
42.4,0.981945488039967,0.024307971345996222,0.981945488039967,0.03134437621250739,2619.0,0.9665986294473323,0.04202661462051229,0.9665986294473323,0.028466743006349975,30.0,0.9859340617894324,0.01893283626371306,0.9859340617894324,0.026484566420907147,-0.8,0.9812862148617332,0.02432438225687087,0.9812862148617332,0.03611489587729638,16.6,0.9747345754975726,0.033267310356490616,0.9747345754975726,0.03088917267891817,59.0,0.8733193569902121,0.1349202531397185,0.8733193569902121,0.0911068677761653,31.8,0.9636828867848516,0.04777674692566295,0.9636828867848516,0.051102516357825416,74.5,0.9794351595806727,0.026643811740309335,0.9794351595806727,0.03966965896726613
20.0,0.981945488039967,0.024307971345996222,0.981945488039967,0.03134437621250739,1983.0,0.9677624153145167,0.040744963069027966,0.9677624153145167,0.02890862751845072,44.0,0.9848008010824878,0.020505041876159286,0.9848008010824878,0.026332811430949312,3.9,0.9796151148969507,0.0264597565497594,0.9796151148969507,0.0394975616983965,11.0,0.9772671452713909,0.03004710645689,0.9772671452713909,0.029530932680113534,61.0,0.8700652915444083,0.13681886497882012,0.8700652915444083,0.09029219681466616,30.6,0.9672527552725503,0.04324187327156756,0.9672527552725503,0.04732284198367575,63.5,0.9781039650109447,0.028419887978728225,0.9781039650109447,0.04212942211867029
51.8,0.981945488039967,0.024307971345996222,0.981945488039967,0.03134437621250739,2043.0,0.9681831476002838,0.0402638173183571,0.9681831476002838,0.028303242744411875,43.0,0.9839471662600782,0.021527995760937654,0.9839471662600782,0.02856324621005289,-3.1,0.9787046526129897,0.027744285911173183,0.9787046526129897,0.04078910315977343,17.63,0.9779227753686753,0.0290954521674447,0.9779227753686753,0.029687084730351906,62.0,0.8670226947486452,0.13845026266463303,0.8670226947486452,0.09104110883795177,32.2,0.9683575668175483,0.041585352180433355,0.9683575668175483,0.04394816163810648,70.2,0.9781039650109447,0.028419887978728225,0.9781039650109447,0.04212942211867029
46.3,0.9823662203257342,0.02381221913977699,0.9823662203257342,0.029627739655577967,2074.0,0.9681831476002838,0.0402638173183571,0.9681831476002838,0.027475718373499172,96.0,0.9843678985458453,0.02103000228790064,0.9843678985458453,0.026639770398602165,3.1,0.9788529686126758,0.027603338817394997,0.9788529686126758,0.04013905381086954,14.14,0.9770138216881675,0.030077445563334262,0.9770138216881675,0.030866807521762636,66.0,0.8643584993647215,0.13969717498755077,0.8643584993647215,0.09015025763510973,31.0,0.9683575668175483,0.04158535218043371,0.9683575668175483,0.04471553821729873,71.4,0.9778062897175624,0.028833586916786804,0.9778062897175624,0.04175873358251688
100.0,0.982621052512411,0.023480517555868614,0.982621052512411,0.03000638749109185,2307.0,0.9681831476002838,0.0402638173183571,0.9681831476002838,0.025741161197841148,24.0,0.9852783608298062,0.019731539066069576,0.9852783608298062,0.025749024475878943,4.7,0.9776891827454912,0.028916437569172733,0.9776891827454912,0.040977460409205434,22.97,0.9765930894024004,0.03056768605880488,0.9765930894024004,0.032555255484988166,65.0,0.866040717306713,0.1391227248482173,0.866040717306713,0.08836081579926719,29.4,0.9678693454228079,0.04206528072304971,0.9678693454228079,0.04634651884642574,62.0,0.9769526548951526,0.02984174461121315,0.9769526548951526,0.04116586941644931
30.6,0.9845794988798188,0.020751429417230655,0.9845794988798188,0.026459480276631628,835.0,0.9689437852811055,0.03943842977400481,0.9689437852811055,0.02538226427702797,33.0,0.9852783608298062,0.019731539066069576,0.9852783608298062,0.025749024475878943,3.9,0.9770030274879671,0.029630668187721067,0.9770030274879671,0.04279019793199027,3.48,0.9791556045584798,0.02677637700102998,0.9791556045584798,0.027276183033472453,36.0,0.8657858851200362,0.13937949236910713,0.8657858851200362,0.0908132888468624,19.6,0.967172143135963,0.04261385524725245,0.967172143135963,0.0454965160812352,60.0,0.9760421926111916,0.031119493816872946,0.9760421926111916,0.04297976473959551
52.9,0.9836690365958578,0.022048001779981483,0.9836690365958578,0.029190758564527467,857.0,0.9680333229971443,0.04069621892721621,0.9680333229971443,0.025840415853308166,64.0,0.9852783608298062,0.019731539066069576,0.9852783608298062,0.025749024475878943,-0.8,0.9763473973906828,0.030581030949464145,0.9763473973906828,0.04428927008656222,9.66,0.9807539492613503,0.024918709503076373,0.9807539492613503,0.025771553584631318,15.0,0.8648769314395285,0.1401263879820172,0.8648769314395285,0.09123685239247695,29.0,0.9685555006803319,0.04136692863117591,0.9685555006803319,0.046525207603547475,55.7,0.97528155493037,0.03195786799976127,0.97528155493037,0.04343757127687449
17.6,0.9848022973028023,0.020479432760436803,0.9848022973028023,0.029190758564527464,1772.0,0.9680333229971443,0.04069621892721621,0.9680333229971443,0.025401306895967486,53.0,0.9837690959101122,0.021719475606873026,0.9837690959101122,0.028580994088912706,-1.6,0.9763473973906828,0.030581030949464145,0.9763473973906828,0.04458609194041731,4.24,0.981887209968295,0.023358251352490457,0.981887209968295,0.022522374872007832,25.0,0.8629184850721209,0.1422419629547565,0.8629184850721209,0.09342099198591539,23.9,0.9687534345431155,0.041148412333744236,0.9687534345431155,0.04633632513679273,62.7,0.9772400012977778,0.029266847975153738,0.9772400012977778,0.040029977027090484
62.4,0.9845474651161253,0.020812674437741145,0.9845474651161253,0.030924113691394292,2361.0,0.9672102841973165,0.041514637041439935,0.9672102841973165,0.02594860707131767,20.0,0.9829154610877026,0.022740265822945815,0.9829154610877026,0.030935177631662692,0.0,0.9773206371565091,0.02934975249253149,0.9773206371565091,0.04338301901714492,18.92,0.9810335751458851,0.0243755902417925,0.9810335751458851,0.024149126344279136,26.0,0.8630965554220866,0.14209990535743378,0.8630965554220866,0.09185893715166313,27.1,0.9691741668288826,0.040666913055410536,0.9691741668288826,0.04619484377803325,70.2,0.9781489549782854,0.028283860554192124,0.9781489549782854,0.03841481698691333
100.0,0.9845474651161253,0.020812674437740424,0.9845474651161253,0.031013762983512515,2039.0,0.9666724449394783,0.042074964433484525,0.9666724449394783,0.02627353378346267,92.0,0.9831382595106859,0.02246919545959107,0.9831382595106859,0.030647292852174865,6.2,0.977858476414347,0.028775740636183725,0.977858476414347,0.0416461344473546,37.0,0.9801231128619241,0.025663986741717285,0.9801231128619241,0.026352567537640103,55.0,0.8630965554220866,0.14209990535743378,0.8630965554220866,0.09185893715166313,51.8,0.9686965362192226,0.04125212945677162,0.9686965362192226,0.0462706358697334,59.6,0.9798200549430679,0.026154928220303568,0.9798200549430679,0.03523152736517601
20.0,0.9843693947661597,0.021004405254840295,0.9843693947661597,0.03195289659574705,1906.0,0.9650900027848202,0.04430924860959266,0.9650900027848202,0.026439845938959053,46.0,0.9835142637234355,0.022052035231171763,0.9835142637234355,0.029619784895773497,3.9,0.9770354376145192,0.029613204738749965,0.9770354376145192,0.042615622951165465,8.1,0.9798254375685419,0.02607941263832444,0.9798254375685419,0.02778284154846725,57.0,0.8630965554220866,0.14209990535743378,0.8630965554220866,0.09185893715166313,29.8,0.9684986023564389,0.04147061073709451,0.9684986023564389,0.04446096648348464,77.3,0.9800179888058516,0.025930602569714526,0.9800179888058516,0.03533288219506335
41.2,0.9843693947661597,0.021004405254840295,0.9843693947661597,0.031693163186892005,1918.0,0.963507560630162,0.04653597987595779,0.963507560630162,0.0304823049543511,18.0,0.9835142637234355,0.022052035231171763,0.9835142637234355,0.029619784895773497,0.0,0.9768736025694305,0.029774989896884912,0.9768736025694305,0.042175692776278285,11.64,0.9809892234357261,0.02475992833605007,0.9809892234357261,0.02621451025251383,54.0,0.8647540973364628,0.1408018485727393,0.8647540973364628,0.09442076540206809,29.0,0.9689762329660992,0.04088562991262235,0.9689762329660992,0.04399003250942376,71.8,0.981151249512796,0.024372527364530956,0.981151249512796,0.031046610046399668
19.2,0.9846670700595419,0.02058544540047214,0.9846670700595419,0.03178087957580374,1057.0,0.9650900027848202,0.044309248609591595,0.9650900027848202,0.029061888962336198,33.0,0.9835142637234355,0.02205203523117104,0.9835142637234355,0.02939951938938646,4.7,0.9780373884366149,0.028464065460567067,0.9780373884366149,0.040977573146879415,3.28,0.9824984883554202,0.02278246678947335,0.9824984883554202,0.024818899756651656,18.0,0.864499265149786,0.14105761795928579,0.864499265149786,0.09556493831767172,18.0,0.9675928754217301,0.04213383743915234,0.9675928754217301,0.04523439415007674,56.9,0.9814060816994727,0.024041396730439795,0.9814060816994727,0.029027564141781283
31.8,0.9844442716365583,0.020857379439955727,0.9844442716365583,0.031548584995819105,814.0,0.966269914089536,0.043211790106300586,0.966269914089536,0.028037923082014055,34.0,0.9837370621464189,0.021780637581535815,0.9837370621464189,0.02868736047099671,-2.3,0.9785898959166739,0.027720966037889937,0.9785898959166739,0.04068273433061908,3.33,0.9832591260362418,0.021930422748148475,0.9832591260362418,0.023811752260130555,2.0,0.8638741602127418,0.1415151065477262,0.8638741602127418,0.09277853555482359,19.6,0.9675928754217301,0.042133837439152694,0.9675928754217301,0.04717307070661697,58.0,0.9810300774867234,0.02445686405733041,0.9810300774867234,0.028727408303973165
43.5,0.9844442716365583,0.020857379439955727,0.9844442716365583,0.030902860820754687,792.0,0.966269914089536,0.043211790106300586,0.966269914089536,0.028037923082014055,36.0,0.98464752443038,0.02048372536696874,0.98464752443038,0.027621868746282904,9.4,0.9795631356825001,0.026483878137145138,0.9795631356825001,0.038518486895411645,4.61,0.9834570598990254,0.021704422465553732,0.9834570598990254,0.022342350826130446,3.0,0.8625610150518611,0.1427320853830925,0.8625610150518611,0.09612052775618132,21.6,0.9689060205826109,0.04058236504145888,0.9689060205826109,0.04401616362353987,52.5,0.9810300774867234,0.02445686405733041,0.9810300774867234,0.030062494242068267
70.2,0.9832929615207665,0.022297740680682233,0.9832929615207665,0.03317663980086319,1088.0,0.9678162755107419,0.04161189726958736,0.9678162755107419,0.028379020568643065,19.0,0.9855011592527898,0.01945911209942818,0.9855011592527898,0.025018571254719093,5.5,0.9779806935278421,0.02877501871561392,0.9779806935278421,0.0405243463027324,10.12,0.9828582572632926,0.0223928230940827,0.9828582572632926,0.02339315731799007,19.0,0.8618854505794171,0.14336074894770195,0.8618854505794171,0.09806606642198032,30.2,0.9689060205826109,0.04058236504145888,0.9689060205826109,0.04165995438282642,57.3,0.9810300774867234,0.02445686405733041,0.9810300774867234,0.03131984229016489
32.2,0.9822774916532679,0.023481287459624318,0.9822774916532679,0.03469744941692222,1774.0,0.9673386449010816,0.042195770755594934,0.9673386449010816,0.02859496065262933,45.0,0.9861767237252335,0.01862521935661626,0.9861767237252335,0.023227314464299157,-0.8,0.9781175770701459,0.02865177042139503,0.9781175770701459,0.039584942572933705,8.75,0.9819477949793316,0.02368553901723274,0.9819477949793316,0.024112220450601053,29.0,0.8592212551954936,0.14458000713669897,0.8592212551954936,0.09732399510043616,27.8,0.9683072179468779,0.0412485129724497,0.9683072179468779,0.04156072191732673,74.1,0.9807199264419485,0.024761907035931462,0.9807199264419485,0.032449233525297244
98.8,0.9820546932302846,0.023751881956571567,0.9820546932302846,0.035438306530593953,2786.0,0.9659108866722611,0.04370010378636547,0.9659108866722611,0.02855376410829137,99.0,0.9857559914394666,0.019125187271097174,0.9857559914394666,0.02419488006433033,0.0,0.9772639422477362,0.029660424054810806,0.9772639422477362,0.04219786500979173,47.74,0.9815717907665821,0.024101382191747275,0.9815717907665821,0.024254043534089352,43.0,0.8558401490837748,0.14641578767736088,0.8558401490837748,0.09657164867424302,42.0,0.9686832221596274,0.04084519678957903,0.9686832221596274,0.03965526517590016,67.1,0.9808682424416346,0.024620201432349897,0.9808682424416346,0.031860666445883284
100.0,0.9816786890175351,0.024167746992470342,0.9816786890175351,0.03609749835571346,2305.0,0.9650019329917535,0.044655611825088114,0.9650019329917535,0.02951648160341813,95.0,0.985416086044412,0.019482443474299165,0.985416086044412,0.024401943337168306,3.1,0.9793842236602325,0.02679641752309516,0.9793842236602325,0.03809211647179185,42.81,0.9818266229532586,0.023770033846825734,0.9818266229532586,0.022597139511092393,58.0,0.8526734687547308,0.14798963605908955,0.8526734687547308,0.09770213845448558,83.5,0.9689060205826109,0.040582365041459595,0.9689060205826109,0.03875431600159535,59.6,0.9795370478719068,0.02640173224166551,0.9795370478719068,0.034701932919822986
30.6,0.981079886381802,0.02485335161169064,0.981079886381802,0.03856549943409836,1884.0,0.9652247314147371,0.04439472996268375,0.9652247314147371,0.028984561156978724,23.0,0.9854160860444122,0.019482443474299165,0.9854160860444122,0.02455414926353156,0.0,0.9769787427057461,0.029923769354942197,0.9769787427057461,0.04354578153554327,8.49,0.9813489923435985,0.024371633834241426,0.9813489923435985,0.02412532639752455,52.0,0.852031396707853,0.14837945229448998,0.852031396707853,0.09523687046471853,27.1,0.9689060205826109,0.04058236504145888,0.9689060205826109,0.03858683462524731,74.1,0.980192677969191,0.025445335574670824,0.980192677969191,0.03372140180064926
70.6,0.9804043219093581,0.02567851069148237,0.9804043219093581,0.04003387945229972,1668.0,0.9625735584485332,0.04762851974392343,0.9625735584485332,0.030337049587527174,45.0,0.9849384554347518,0.020088406532319716,0.9849384554347518,0.026257764848155184,-7.0,0.9772015411287297,0.029656036495064843,0.9772015411287297,0.044346239444212364,17.85,0.9815717907665821,0.024101382191747275,0.9815717907665821,0.022686779146314014,49.0,0.852031396707853,0.14837945229448998,0.852031396707853,0.0927417136477479,32.5,0.9722206586327247,0.035182152951226016,0.9722206586327247,0.030662321113885505,67.5,0.980192677969191,0.025445335574670824,0.980192677969191,0.0326299537714465
55.7,0.9804043219093581,0.02567851069148237,0.9804043219093581,0.0415922427501383,1614.0,0.9598112049891592,0.050926333507345684,0.9598112049891592,0.03232947615368987,47.0,0.9838051947278073,0.02165764910200862,0.9838051947278073,0.02766541638454428,0.8,0.9769467089420529,0.029984230347746436,0.9769467089420529,0.04457321581657423,12.96,0.9833912067310505,0.02181504257729709,0.9833912067310505,0.020220268823559734,46.0,0.8506036384790326,0.14951040673993796,0.8506036384790326,0.09381639007567284,30.6,0.973826814600077,0.03365167106321586,0.973826814600077,0.030241719873962652,69.0,0.9795370478719065,0.026401732241665504,0.9795370478719065,0.03470563135814258
56.9,0.9811796278124006,0.024661954423796366,0.9811796278124006,0.039744194823942716,1528.0,0.9583038625942188,0.05233738782738636,0.9583038625942188,0.03331685055142637,45.0,0.9816849133153108,0.024546210017137044,0.9816849133153108,0.03277435234936597,3.1,0.9759734691762267,0.031214382790438883,0.9759734691762267,0.04489744420929705,12.4,0.9840468368283348,0.020851688614320813,0.9840468368283348,0.01787806647486536,45.0,0.8473483967241573,0.15285364059717935,0.8473483967241573,0.09674251063256989,30.2,0.973826814600077,0.03365167106321586,0.973826814600077,0.030314534619273286,68.2,0.9805102876377328,0.02516208411722913,0.9805102876377328,0.03331045856487602
36.9,0.9820332626348104,0.023644707035675703,0.9820332626348104,0.040008004810441845,1346.0,0.957458344307688,0.05300625137626054,0.957458344307688,0.032321314029865135,54.0,0.9809096074122683,0.025563401687855345,0.9809096074122683,0.034282144114750626,3.1,0.9763314239801287,0.030677311451871827,0.9763314239801287,0.04244734513428147,7.26,0.9831378831478272,0.021847789774789766,0.9831378831478272,0.01777466220846432,40.0,0.8461684854194415,0.1536492857569912,0.8461684854194415,0.09486228376909374,25.5,0.9719658264460481,0.035507146014449265,0.9719658264460481,0.03221456746541814,69.8,0.9814207499216938,0.023872694269755874,0.9814207499216938,0.029533546369907557
66.7,0.9822113329847765,0.023453927972989005,0.9822113329847765,0.039070267425501716,1380.0,0.957458344307688,0.053006251376260895,0.957458344307688,0.03232131402986513,35.0,0.9814621148923275,0.024816393117253168,0.9814621148923275,0.03230613043237776,7.8,0.9768839314601878,0.02993681607337079,0.9768839314601878,0.03942652704336193,13.08,0.9838134476202711,0.021017600788785822,0.9838134476202711,0.01800219133516074,43.0,0.8468105574663193,0.15326769218942632,0.8468105574663193,0.09732755175886079,29.0,0.9719658264460481,0.035507146014449265,0.9719658264460481,0.03278239268230138,65.5,0.9814207499216938,0.023872694269755874,0.9814207499216938,0.029533546369907557
17.6,0.9835425275545044,0.021663349228506667,0.9835425275545044,0.036455806621263735,1638.0,0.95692050504985,0.053554002826514374,0.95692050504985,0.03468543702559316,29.0,0.9814621148923275,0.024816393117253168,0.9814621148923275,0.03328369281831616,3.9,0.9757110054180442,0.031147876278805213,0.9757110054180442,0.0409989853028323,4.28,0.9851730913519458,0.01897235542970665,0.9851730913519458,0.015562266990364544,37.0,0.8487742699866656,0.15087301479193363,0.8487742699866656,0.09415687003964324,21.6,0.9735482686007063,0.0332416083511338,0.9735482686007063,0.02986203533383963,63.9,0.9807651198244095,0.02483138322265383,0.9807651198244095,0.030959339752834603
42.4,0.9833445936917208,0.021889378180803446,0.9833445936917208,0.03681281020896709,800.0,0.9561451991468075,0.05452102059929269,0.9561451991468075,0.036628759192306404,32.0,0.9804888751265012,0.02605763710710917,0.9804888751265012,0.03502078631038704,-0.8,0.9763098080537771,0.030470050724996017,0.9763098080537771,0.041043444785639864,4.4,0.9853958897749295,0.018699786826042616,0.9853958897749295,0.01629200406363376,24.0,0.8497897398541638,0.15000968490234945,0.8497897398541638,0.09156855925326803,20.4,0.9737710670236899,0.03297562266539946,0.9737710670236899,0.028047995545804005,62.7,0.9789457038599408,0.027105794327283626,0.9789457038599408,0.03307749623691988
29.8,0.984675788261449,0.02009454503406408,0.984675788261449,0.03316203074792926,738.0,0.9553698932437651,0.05548639976096051,0.9553698932437651,0.03596373476100093,54.0,0.9800681428407341,0.026551438959000886,0.9800681428407341,0.036143517464316974,-2.3,0.9774827340959208,0.029257387925201096,0.9774827340959208,0.03947098652616948,3.99,0.9856935650683117,0.018279680781142445,0.9856935650683117,0.015885735479344458,33.67243525896414,0.8470653896529959,0.1530225480953433,0.8470653896529959,0.09495498228176123,20.8,0.9741470712364394,0.03256665693492862,0.9741470712364394,0.02916754763486766,54.1,0.9778998666371295,0.028214035809300823,0.9778998666371295,0.033476786536204194
65.5,0.985351352733893,0.01926180851165029,0.985351352733893,0.032679259573043656,1411.0,0.9559224007238241,0.054776894543359704,0.9559224007238241,0.03542655894012856,53.0,0.9777995454285517,0.02955859466332594,0.9777995454285517,0.0383718279546672,-1.6,0.9764672642284223,0.03042643075797829,0.9764672642284223,0.04321292464946888,13.35,0.9862460725483707,0.01752480826654628,0.9862460725483707,0.01572025307022546,34.0,0.8437507516028819,0.15723086961606073,0.8437507516028819,0.09753242758076776,31.0,0.973924272813456,0.03283284471096773,0.973924272813456,0.02940203835615165,65.9,0.9785554967344137,0.027260510732480144,0.9785554967344137,0.03135311146857603
64.3,0.9844408904499319,0.020560804748463033,0.9844408904499319,0.03382166760867737,1793.0,0.9549491609579979,0.05595400494973918,0.9549491609579979,0.03645487691396018,75.0,0.9771239809561079,0.030377627297325484,0.9771239809561079,0.039080563083320675,-0.8,0.976091260015673,0.03083725487330769,0.976091260015673,0.04513308437257746,17.17,0.9862460725483707,0.01752480826654628,0.9862460725483707,0.017226548491706045,42.0,0.840965295225225,0.15837732196838178,0.840965295225225,0.09684847547432507,32.2,0.9729510330476296,0.03405615575017998,0.9729510330476296,0.028573325648709604,68.6,0.9780778661247534,0.02785832451710287,0.9780778661247534,0.03192730786448541
100.0,0.9838883829698729,0.021312554897839498,0.9838883829698729,0.03635295307775754,2214.0,0.9516939192031224,0.060160832508718634,0.9516939192031224,0.03774425369091707,102.0,0.9745614658000284,0.03415131344268714,0.9745614658000284,0.047254397885863754,0.6281970010971596,0.9763460922023498,0.03050958472776309,0.9763460922023498,0.04247502095889486,38.41,0.98493292738749,0.01913673715305835,0.98493292738749,0.017694754980486532,56.0,0.8371679497610399,0.16041271998015605,0.8371679497610399,0.09686656814311345,42.4,0.9723522304118966,0.03472931205092614,0.9723522304118966,0.02843806732451893,62.4,0.9776286846770396,0.028596255698531862,0.9776286846770396,0.03211083685968658
21.6,0.9844408904499319,0.020560804748463033,0.9844408904499319,0.03604750173678382,1972.0,0.9486843694599645,0.06414762470699854,0.9486843694599645,0.039910360891099096,34.0,0.9743066336133518,0.034477403100600566,0.9743066336133518,0.047248403828749196,5.5,0.9763460922023498,0.03050958472776345,0.9763460922023498,0.04162677319198829,29.74,0.9841576214844474,0.020161683249992023,0.9841576214844474,0.016514316700279925,57.0,0.8333327774275979,0.1624270111978981,0.8333327774275979,0.09828433151766287,37.6,0.971976226199147,0.035136641320543054,0.971976226199147,0.02888649284315376,63.1,0.978284314774324,0.02764326168557085,0.978284314774324,0.02932337224723889
34.9,0.9842429565871484,0.020787269837429224,0.9842429565871484,0.035919678274121014,1437.0,0.9480803006712928,0.06518244373567669,0.9480803006712928,0.04035347379505095,43.0,0.9747273658991189,0.03399005993632494,0.9747273658991189,0.04703604543641568,-2.3,0.9777057359340244,0.028493502500658657,0.9777057359340244,0.03906411002511988,7.75,0.9845336256971969,0.019743191248035776,0.9845336256971969,0.01592465806193249,46.0,0.8309913791433101,0.16563221587342816,0.8309913791433101,0.10328541424002226,26.3,0.9717213940124703,0.035461559947722314,0.9717213940124703,0.029755506333916003,71.4,0.9768228536137572,0.02936861331915535,0.9768228536137572,0.03046405069762711
49.4,0.9844408904499319,0.020560804748463033,0.9844408904499319,0.03556478077763504,1579.0,0.9478575022483094,0.0654334382465891,0.9478575022483094,0.039962385125082205,37.0,0.9750672712941731,0.033641883157103716,0.9750672712941731,0.046416879656636795,0.0,0.9799743333462066,0.025484176414944534,0.9799743333462066,0.03417973562367525,11.26,0.9837583197941543,0.020767231699107113,0.9837583197941543,0.017147300475405036,52.0,0.8309913791433101,0.16563221587342816,0.8309913791433101,0.10328541424002226,29.8,0.9713006617267033,0.035946671765065254,0.9713006617267033,0.030849015091963652,69.8,0.9753613924531905,0.03108867865671207,0.9753613924531905,0.031542338795545466
40.4,0.9852945252723416,0.019536480604172308,0.9852945252723416,0.03333848229559883,1783.0,0.9447407980609789,0.07037942219134054,0.9447407980609789,0.043723142929826424,19.0,0.974051801426675,0.03480331750814729,0.974051801426675,0.0470513353211773,-3.9,0.9805121726040448,0.024906397700673513,0.9805121726040448,0.032763776883457,7.97,0.9837583197941543,0.020767231699107113,0.9837583197941543,0.017147300475405036,56.0,0.8306153749305606,0.16591683637683766,0.8306153749305606,0.10398161314355372,26.7,0.9705253558236606,0.03694358259849914,0.9705253558236606,0.033106800245731226,72.5,0.9745542562015749,0.03235883751431157,0.9745542562015749,0.03221203954435593
37.3,0.9862677650381677,0.018282464791878665,0.9862677650381677,0.030599119412965427,900.0,0.944065233588535,0.0711401490578033,0.944065233588535,0.044788745749928714,32.0,0.974051801426675,0.03480331750814765,0.974051801426675,0.04530156843280802,-4.7,0.980989803213705,0.024305591191998512,0.980989803213705,0.031240098406639504,4.12,0.9839363901441202,0.02057558167044859,0.9839363901441202,0.017129129655909854,39.0,0.8344505472640026,0.16393006887531483,0.8344505472640026,0.1010788951908186,19.2,0.9709013600364101,0.036537601767460015,0.9709013600364101,0.034143435237552096,64.7,0.9742565809081926,0.03276976856394365,0.9742565809081926,0.03346181798568639
62.0,0.9870430709412105,0.017253777560460287,0.9870430709412105,0.02896084796582968,1281.0,0.9446030728463731,0.07061058490375723,0.9446030728463731,0.04344910283452522,65.0,0.9736757972139255,0.035211377370389305,0.9736757972139255,0.04599418659581212,-3.1,0.9807670047907214,0.024575629693234815,0.9807670047907214,0.031995422673656584,13.14,0.9839363901441202,0.02057558167044859,0.9839363901441202,0.017349395162296895,34.0,0.8376953852481287,0.16246512342752792,0.8376953852481287,0.10027342050362434,31.4,0.9713220923221774,0.036052958170158134,0.9713220923221774,0.03517324338179234,65.1,0.9738986261042906,0.0333048814705443,0.9738986261042906,0.03526859388406118
79.2,0.9861894361188006,0.018281955312123864,0.9861894361188006,0.030630857935750138,1800.0,0.9451339644000807,0.07018128937971885,0.9451339644000807,0.04501624957518788,44.0,0.9712703162594393,0.03829889657996062,0.9712703162594393,0.04847034879954681,2.3,0.9788085584233139,0.027286172212109584,0.9788085584233139,0.03471602749857701,21.0,0.9841591885671037,0.02030372895403895,0.9841591885671037,0.018936789940159824,41.0,0.8428652864318991,0.1586332699810947,0.8428652864318991,0.09764793044287708,33.7,0.9716980965349269,0.035646275933816945,0.9716980965349269,0.03513964805917181,66.3,0.9733461186242315,0.03404109822660973,0.9733461186242315,0.03680349721431162
48.2,0.9847279749582339,0.020035807674934607,0.9847279749582339,0.03325035955673375,2044.0,0.9435876029788748,0.0716937266217839,0.9435876029788748,0.04515606425933292,37.0,0.9715679915528216,0.03789098075456959,0.9715679915528216,0.045992316129199046,6.2,0.979631597223142,0.026445142435546087,0.979631597223142,0.032454682535018965,14.48,0.9843571224298874,0.02007718659734121,0.9843571224298874,0.017097701556291835,43.0,0.8458091683379595,0.15732640238748186,0.8458091683379595,0.09951839143022281,31.0,0.9728313572418713,0.03411325486694316,0.9728313572418713,0.03251902033562026,71.0,0.972970114411482,0.03444913731117144,0.972970114411482,0.035681225373402195
29.4,0.98570121472406,0.01878302790725599,0.98570121472406,0.03131780400988457,2088.0,0.942407691674159,0.07272726792952716,0.942407691674159,0.04501123686040472,34.0,0.9715679915528216,0.03789098075456959,0.9715679915528216,0.045992316129199046,-0.8,0.9803922349039634,0.02559852964002564,0.9803922349039634,0.031691799066678496,8.91,0.984845343824628,0.019577464181104134,0.984845343824628,0.01745279942869794,41.0,0.8458091683379595,0.15732640238748186,0.8458091683379595,0.09951839143022281,27.8,0.9742147147862402,0.032846244049994776,0.9742147147862402,0.03115043386145348,75.7,0.9728082793663934,0.034609403916889,0.9728082793663934,0.03474577305830188
51.8,0.98570121472406,0.01878302790725599,0.98570121472406,0.03131780400988457,2049.0,0.9358764045909959,0.08379771154426749,0.9358764045909959,0.09434447440920693,48.0,0.9712703162594393,0.03829889657996062,0.9712703162594393,0.046051429301420366,-1.6,0.9801374027172869,0.025928900459057536,0.9801374027172869,0.03211368354991094,16.72,0.984845343824628,0.019577464181104134,0.984845343824628,0.01745279942869794,45.0,0.8447043567929616,0.15860897800154475,0.8447043567929616,0.10057882259368009,32.2,0.9742147147862402,0.032846244049994776,0.9742147147862402,0.03115043386145348,70.6,0.9731059546597758,0.034199676265824916,0.9731059546597758,0.033391069923805174
19.2,0.9865548495464699,0.017755808326614365,0.9865548495464699,0.030507170180668366,2026.0,0.9362343593948979,0.08330377004076976,0.9362343593948979,0.09414778414336383,35.0,0.9716463204721888,0.03789310696260491,0.9716463204721888,0.0439273699744006,3.1,0.9791641629514606,0.027167296251686065,0.9791641629514606,0.03463490411965635,5.39,0.9857558061085889,0.01827701006453185,0.9857558061085889,0.014804095971583641,24.0,0.846668069313308,0.15623442814305571,0.846668069313308,0.09848722594146911,23.5,0.9753479754931847,0.031305785118539826,0.9753479754931847,0.029826763502519227,63.5,0.9721954923758146,0.03546809277578211,0.9721954923758146,0.0330341867476067
100.0,0.9855816097806437,0.019010719575401,0.9855816097806437,0.03274393582493732,1246.0,0.9352952331948646,0.0839829628568464,0.9352952331948646,0.09617126885202101,99.0,0.9720933550592674,0.03747402513652423,0.9720933550592674,0.0427983848214001,6.2,0.9781486930839622,0.02834062423883186,0.9781486930839622,0.03509913632993942,22.4,0.9870689512694697,0.016662548412766383,0.9870689512694697,0.014736182549231903,37.0,0.850346850718409,0.15415669441216479,0.850346850718409,0.09675995025163628,53.7,0.9766791700629128,0.029538863424859223,0.9766791700629128,0.027902319967383928,58.4,0.9701121040497102,0.037929562567200543,0.9701121040497102,0.03590183271668032
19.6,0.9849259796833593,0.019976845007637314,0.9849259796833593,0.03450083068599806,1905.0,0.9360474269512411,0.08333649322963775,0.9360474269512411,0.09555542047613291,20.0,0.9720933550592673,0.037474025136524224,0.9720933550592673,0.04375643435672498,0.0,0.9759621821406321,0.03171367847086559,0.9759621821406321,0.03926371211256208,5.4,0.9866929470567202,0.017083330808742057,0.9866929470567202,0.01645248141355877,48.0,0.851638379952938,0.1532149793365967,0.851638379952938,0.09890918997575968,23.1,0.9772316775429719,0.028797448067531223,0.9772316775429719,0.027527496904187536,63.1,0.9695133014139771,0.03859824009024059,0.9695133014139771,0.03616860601885747
18.4,0.986059240390304,0.018403826040173852,0.986059240390304,0.03239906665356423,1390.0,0.9404953257082997,0.0745609010726829,0.9404953257082997,0.04462450289471854,36.0,0.9726921576950004,0.036802750054072346,0.9726921576950004,0.04343068245774119,7.0,0.9764398127502925,0.031119102881835285,0.9764398127502925,0.04038811828629419,4.58,0.9858393122343103,0.01811128039854036,0.9858393122343103,0.018593274798886915,41.0,0.8500920185317322,0.15440280461944098,0.8500920185317322,0.09694149127032597,25.5,0.9789938521245889,0.02698952147185132,0.9789938521245889,0.026762747939128473,60.8,0.9708444959837053,0.03685239930452387,0.9708444959837053,0.036162763073267254
42.7,0.986059240390304,0.018403826040173852,0.986059240390304,0.03239906665356423,1385.0,0.9421950895891544,0.07309391339569704,0.9421950895891544,0.043576914520993486,50.0,0.9726921576950004,0.036802750054072346,0.9726921576950004,0.041976797075679924,-3.9,0.9772151186533349,0.030111138463738408,0.9772151186533349,0.03916994110174593,8.74,0.9866146181373529,0.017082917554633568,0.9866146181373529,0.017298990666895192,43.0,0.8522122999442285,0.15223979868361326,0.8522122999442285,0.093309967053291,27.1,0.9799670918904152,0.02575117352534995,0.9799670918904152,0.024081652361966764,69.0,0.9717549582676663,0.035587134326556163,0.9717549582676663,0.034156463256223464
63.1,0.986059240390304,0.018403826040173852,0.986059240390304,0.03239906665356423,1464.0,0.9421950895891544,0.07309391339569704,0.9421950895891544,0.043576914520993486,47.0,0.9726921576950004,0.036802750054072346,0.9726921576950004,0.041976797075679924,0.0,0.9774699508400119,0.029782883263256503,0.9774699508400119,0.03935847473397324,13.75,0.9866146181373529,0.017082917554634293,0.9866146181373529,0.017721811211023668,49.0,0.852588304156978,0.15193789125626447,0.852588304156978,0.09261376814975955,31.0,0.9797691580276316,0.025975523220351265,0.9797691580276316,0.023255093128310905,67.1,0.9732642231873603,0.03364579457628241,0.9732642231873603,0.03057104373329229
52.2,0.986059240390304,0.018403826040173852,0.986059240390304,0.03239906665356423,1672.0,0.9421950895891544,0.07309391339569704,0.9421950895891544,0.043576914520993486,30.0,0.9708727417305316,0.03903525044833389,0.9708727417305316,0.045748853653255976,-0.8,0.9784431906058381,0.02854932584062156,0.9784431906058381,0.03783614896293955,12.45,0.9866146181373529,0.017082917554634293,0.9866146181373529,0.017721811211023668,52.0,0.852588304156978,0.15193789125626447,0.852588304156978,0.09261376814975955,30.2,0.9797691580276316,0.025975523220351265,0.9797691580276316,0.023255093128310905,69.4,0.974725684347927,0.031933462266896986,0.974725684347927,0.027574673218352264
33.7,0.985701285586402,0.018950929057016386,0.985701285586402,0.034379560681631775,1737.0,0.940135239714155,0.07512622344345432,0.940135239714155,0.04433179722802388,37.0,0.9708727417305316,0.03903525044833389,0.9708727417305316,0.045748853653255976,-2.3,0.9774277207383397,0.029720313136457125,0.9774277207383397,0.04011182037547896,8.65,0.9849435181725704,0.0192426211712642,0.9849435181725704,0.020256666911813347,53.0,0.852588304156978,0.15193789125626447,0.852588304156978,0.09261376814975955,27.1,0.9797691580276316,0.025975523220351265,0.9797691580276316,0.023255093128310905,73.7,0.9756346380284346,0.030955628470117923,0.9756346380284346,0.02689655180933606
38.4,0.9868060971313999,0.017233757371715595,0.9868060971313999,0.0309603261663147,1745.0,0.9356351779824559,0.08114144272048965,0.9356351779824559,0.04833546984932525,31.0,0.9683102265744524,0.04276085578330007,0.9683102265744524,0.0485055554974151,3.9,0.9784431906058381,0.02854932584062156,0.9784431906058381,0.039094634793407884,9.69,0.9854813574304083,0.018658364587851924,0.9854813574304083,0.01981611570118143,52.0,0.8506330869492197,0.1535021750018148,0.8506330869492197,0.09316546250076371,28.2,0.9807511354695638,0.025062448470402936,0.9807511354695638,0.02427673760973519,72.9,0.9749484827709105,0.03166683757206701,0.9749484827709105,0.027286788438864437
33.3,0.9874816616038438,0.016397202435901637,0.9874816616038438,0.029737421398503102,1685.0,0.9348280417308401,0.08231450587263232,0.9348280417308401,0.04891124089037593,28.0,0.9667118818715816,0.04456442569518262,0.9667118818715816,0.05185657858680732,0.0,0.9784431906058381,0.02854932584062156,0.9784431906058381,0.03783614896293955,8.07,0.9859589880400688,0.01805136385426521,0.9859589880400688,0.019926994952190722,50.0,0.8503354116558374,0.1538157467513675,0.8503354116558374,0.09485307856046798,26.7,0.9820823300392918,0.02327680587245851,0.9820823300392918,0.020898408692538627,73.7,0.9763762409997309,0.030129625609060344,0.9763762409997309,0.025597356085521883
34.5,0.9868060971313999,0.017233757371715234,0.9868060971313999,0.03105511498356779,1656.0,0.934407309445073,0.08275891550176727,0.934407309445073,0.049118636950900345,29.0,0.9665338115216158,0.044748169804967125,0.9665338115216158,0.050053930953596316,3.9,0.9784431906058381,0.02854932584062156,0.9784431906058381,0.03887745202813564,8.33,0.9857041558533921,0.01838563704355433,0.9857041558533921,0.020129549989932154,49.0,0.8492488015466642,0.15450296584252238,0.8492488015466642,0.09378536347777938,27.1,0.9820823300392918,0.02327680587245851,0.9820823300392918,0.02072758552895692,73.3,0.9781566170171726,0.027621048461520546,0.9781566170171726,0.022926751971692787
59.2,0.9879698829985842,0.0158940120668244,0.9879698829985842,0.0281482368176081,1721.0,0.9352609442674827,0.08184528843871526,0.9352609442674827,0.04783199826393613,34.0,0.9661130792358487,0.04522648383303356,0.9661130792358487,0.05314271712606117,-0.8,0.9792968254282477,0.02753842431393945,0.9792968254282477,0.038294756591728416,14.92,0.9850485257561078,0.019352301595038465,0.9850485257561078,0.020129549989932154,53.0,0.8520111550060382,0.15195676320958504,0.8520111550060382,0.0960504122619151,31.4,0.981171867755331,0.02456764800481993,0.981171867755331,0.022972518681948533,68.6,0.9791720868846711,0.026446963477644924,0.9791720868846711,0.020886365815583452
37.6,0.9889431227644105,0.014632901837421953,0.9889431227644105,0.026472353561577927,1756.0,0.9357079788545613,0.08146423180108116,0.9357079788545613,0.04909056677946237,18.0,0.9661130792358487,0.04522648383303356,0.9661130792358487,0.051068669007212686,7.0,0.9795196238512313,0.027269481320269306,0.9795196238512313,0.03734918847402284,9.82,0.9837173311863795,0.021148838719193975,0.9837173311863795,0.021228793098403937,50.0,0.8546502285837083,0.1482924710289366,0.8546502285837083,0.08866220907236652,28.2,0.9807511354695638,0.025062448470402936,0.9807511354695638,0.022707000085529377,72.5,0.9796603082794116,0.025953153178779557,0.9796603082794116,0.02077284138894015
38.8,0.990076383471355,0.013047163689666618,0.990076383471355,0.023209154614165922,1570.0,0.9351091762188284,0.08207962919514498,0.9351091762188284,0.05053998441814502,21.0,0.9667118818715816,0.04456442569518262,0.9667118818715816,0.05042404269606012,6.2,0.9795196238512313,0.027269481320269306,0.9795196238512313,0.03590045879286602,8.9,0.9837173311863795,0.021148838719194336,0.9837173311863795,0.02247940309855202,46.0,0.8548730270066918,0.14809094212374813,0.8548730270066918,0.0876166401255411,27.5,0.9807511354695638,0.025062448470402936,0.9807511354695638,0.022568511302989522,71.8,0.9802128157594706,0.025207351974044674,0.9802128157594706,0.021112268805331836
100.0,0.990076383471355,0.013047163689666618,0.990076383471355,0.02196307385894905,1589.0,0.9367153321861806,0.08069254573056309,0.9367153321861806,0.04944763678472806,19.0,0.9671589164586601,0.044150733656964196,0.9671589164586601,0.04991661148061026,0.0,0.9789208212154984,0.02795161603045417,0.9789208212154984,0.035671891294533235,27.34,0.9842551704442174,0.020566377478433553,0.9842551704442174,0.02238609184557677,48.0,0.8535598818458112,0.14928061066909754,0.8535598818458112,0.08839045063876316,62.4,0.9807511354695638,0.025062448470402576,0.9807511354695638,0.022516756234840878,56.9,0.981258652982282,0.024093141585444827,0.981258652982282,0.020144815177363065
40.4,0.9905540140810153,0.012434542992427454,0.9905540140810153,0.02037100627816624,1545.0,0.9395823183127957,0.07749931671725517,0.9395823183127957,0.04748004315391072,98.0,0.9661434465911618,0.04529113356481463,0.9661434465911618,0.04992829694846857,5.5,0.9768005398030021,0.030811707439603896,0.9768005398030021,0.03818809966335054,13.14,0.9851088052666273,0.01954225796881226,0.9851088052666273,0.021277057197874014,52.0,0.8531391495600441,0.14964661077543884,0.8531391495600441,0.08975415349172555,31.4,0.9822974968907696,0.02340794470430987,0.9822974968907696,0.021221992815818293,74.9,0.9827201141428487,0.022351711738904215,0.9827201141428487,0.01894032525646585
17.6,0.9905540140810153,0.012434542992427454,0.9905540140810153,0.020153387051136413,1755.0,0.9413626943302376,0.07517907806424065,0.9413626943302376,0.05008629321907264,20.0,0.9659455127283783,0.04550816693441844,0.9659455127283783,0.04729781845974951,0.0,0.9761449097057179,0.03176107214153878,0.9761449097057179,0.04063490148474103,4.94,0.9847688998715728,0.01989912696767005,0.9847688998715728,0.022127914866011157,48.0,0.8524970775131663,0.15003551476236318,0.8524970775131663,0.0872159211268975,22.7,0.9834704229329132,0.022178973611534706,0.9834704229329132,0.020825552815709032,73.7,0.983693353908675,0.02110385822553544,0.983693353908675,0.01652700670895958
17.6,0.9907519479437988,0.012204903593106971,0.9907519479437988,0.01953825881818653,1500.0,0.943747139136351,0.0718254181800577,0.943747139136351,0.047241983343745166,69.0,0.9662003449150549,0.04518794043644005,0.9662003449150549,0.04511524694543085,10.2,0.9761449097057179,0.03176107214153842,0.9761449097057179,0.04010822727590612,3.86,0.9845709660087893,0.020125803277281612,0.9845709660087893,0.02137036845084927,45.0,0.8524970775131663,0.15003551476236318,0.8524970775131663,0.0874041267565975,21.2,0.982520295313753,0.02313720264706481,0.982520295313753,0.020506964643438257,75.3,0.984292156544408,0.020414065248983843,0.984292156544408,0.015246488084161
100.0,0.9905291495208154,0.012480460461934838,0.9905291495208154,0.0204147352996897,1537.0,0.9429718332333084,0.07276289900976778,0.9429718332333084,0.04765570484065244,98.0,0.9646910799953609,0.047096377930723556,0.9646910799953609,0.049320228248842586,5.5,0.9758900775190409,0.032088344755337395,0.9758900775190409,0.038759782567003465,27.46,0.984093335399129,0.02073091808059143,0.984093335399129,0.023127199503294855,50.0,0.8569416489145318,0.14691390368359386,0.8569416489145318,0.08560289649536793,59.6,0.9820426647040926,0.023739551853589395,0.9820426647040926,0.022047277156072426,57.3,0.9850527942252294,0.01955857234173021,0.9850527942252294,0.016250927009931106
62.4,0.9899766420407564,0.013241511879713517,0.9899766420407564,0.02256639128538948,1720.0,0.9371927399065217,0.0831928340037358,0.9371927399065217,0.0895440390927935,76.0,0.9640659750583165,0.04769023406157275,0.9640659750583165,0.05087702606279202,8.6,0.9765457076163252,0.031139458734627465,0.9765457076163252,0.0368648552128297,19.97,0.9834377053018448,0.02169439936868189,0.9834377053018448,0.023942327196310578,55.0,0.8597614472873115,0.14554670997765032,0.8597614472873115,0.08718598826162242,34.9,0.9822974968907696,0.02340794470430987,0.9822974968907696,0.020758089400538915,68.2,0.986068264092728,0.01836750430268382,0.986068264092728,0.01511086338352169
19.2,0.9907519479437988,0.012204903593106971,0.9907519479437988,0.01977572708030999,1785.0,0.9357157744486506,0.08438955279265774,0.9357157744486506,0.08915676314110348,19.0,0.9616604941038305,0.050714340801655516,0.9616604941038305,0.055105528607666265,3.9,0.9765457076163252,0.031139458734627465,0.9765457076163252,0.0368648552128297,9.42,0.983735380595227,0.02127605681392553,0.983735380595227,0.023315793105634235,45.0,0.8617166644950697,0.1439400624020815,0.8617166644950697,0.0888430826735292,30.2,0.9834704229329132,0.022178973611534706,0.9834704229329132,0.020825552815709032,62.7,0.9863230962794045,0.01803309947192992,0.9863230962794045,0.016144565783979884
14.5,0.9907519479437988,0.012204903593106971,0.9907519479437988,0.01977572708030999,904.0,0.9358640904483365,0.08426415215000765,0.9358640904483365,0.09052217263231778,34.0,0.9616604941038305,0.050714340801655516,0.9616604941038305,0.055105528607666265,-0.8,0.974581995095979,0.03423456613392808,0.974581995095979,0.0385055786646098,4.04,0.9825840704794351,0.02271485448632482,0.9825840704794351,0.025307559378332033,21.0,0.8611641570150108,0.14451585385075022,0.8611641570150108,0.09066696368110294,21.2,0.9834704229329132,0.022178973611534706,0.9834704229329132,0.020825552815709032,63.1,0.9868756037594637,0.017277593907057843,0.9868756037594637,0.015259492140810103
33.3,0.9907519479437988,0.012204903593106971,0.9907519479437988,0.01977572708030999,802.0,0.9347127803325447,0.08555287642552319,0.9347127803325447,0.09205582503756812,33.0,0.958005950658662,0.056333403249577245,0.958005950658662,0.060725114391039725,3.1,0.9742718440512042,0.034534389851781415,0.9742718440512042,0.04079617251384989,3.84,0.9812709253185543,0.024313680387096376,0.9812709253185543,0.027647361640872958,13.0,0.8597807994706419,0.14544470141109592,0.8597807994706419,0.08903411406710071,20.0,0.9813870346068084,0.024698957823306743,0.9813870346068084,0.021662143717523334,60.0,0.9876827400110794,0.015978381987402313,0.9876827400110794,0.013116179424184218
39.6,0.9898983131213892,0.01324141023451564,0.9898983131213892,0.020686455021342226,788.0,0.9338042405733373,0.0862560333562679,0.9338042405733373,0.0936334987395161,38.0,0.9551332844578081,0.06024563126619422,0.9551332844578081,0.06143158976143929,-3.9,0.9751807977317118,0.0335594651956704,0.9751807977317118,0.03854561253071527,4.36,0.9824222354343463,0.022878750325032764,0.9824222354343463,0.02467078071791529,11.0,0.8593725648243163,0.1456500544870834,0.8593725648243163,0.09059930419069459,20.4,0.9804137948409823,0.025940219459066084,0.9804137948409823,0.02413636140817987,57.3,0.9867722777271184,0.017283565430016537,0.9867722777271184,0.014272473446057147
47.5,0.9896755146984055,0.013516491608560626,0.9896755146984055,0.020346790554961938,882.0,0.934564878254159,0.08549968149049438,0.934564878254159,0.09239553911030612,54.0,0.9543579785547655,0.06120524743659791,0.9543579785547655,0.06388069499641702,-4.7,0.9755568019444614,0.03315009591420149,0.9755568019444614,0.036761864880966166,8.4,0.9826201692971301,0.022653140943561082,0.9826201692971301,0.024464663102727192,17.0,0.8605058255312609,0.14444933662673304,0.8605058255312609,0.08879603610766003,27.8,0.9801909964179988,0.026209721412136042,0.9801909964179988,0.02519162276685994,61.2,0.9867722777271184,0.017283565430016537,0.9867722777271184,0.013997103663005082
61.2,0.9887022749325795,0.014779655913471464,0.9887022749325795,0.02075075046877515,1733.0,0.934564878254159,0.08549968149049438,0.934564878254159,0.09402171132108497,50.0,0.9534078509356053,0.06209494198659386,0.9534078509356053,0.06596968195543397,-1.6,0.9753340035214777,0.03341655728864171,0.9753340035214777,0.03899483247664113,15.88,0.9822802639020756,0.023007997862946765,0.9822802639020756,0.02326431838002626,28.0,0.861982790989132,0.14347407279877875,0.861982790989132,0.09038060678831543,31.8,0.9790396863022067,0.027637354212277275,0.9790396863022067,0.025715831824989297,68.2,0.9865174455404415,0.01761832040049902,0.9865174455404415,0.015201165486175021
41.2,0.987538489065395,0.016121735011661656,0.987538489065395,0.022873620837200504,2414.0,0.9342835332599907,0.08566732821508517,0.9342835332599907,0.0911710252930373,19.0,0.9519800927067847,0.06354597100257707,0.9519800927067847,0.06898529185936239,-10.9,0.97422919197648,0.03509496104793833,0.97422919197648,0.042174263621185405,14.69,0.9824420989471642,0.022844148088585328,0.9824420989471642,0.02184725692958122,26.0,0.8622974177219552,0.1433103440211415,0.8622974177219552,0.08886369559806839,31.0,0.9786636820894572,0.02805039384430178,0.9786636820894572,0.026438271713868883,73.7,0.9843971641279452,0.0205238008345034,0.9843971641279452,0.017899902198171103
19.2,0.9877933212520716,0.01578623805468251,0.9877933212520716,0.022468510761717637,1904.0,0.9347772893071823,0.08530128413895743,0.9347772893071823,0.08792130404093167,18.0,0.952953332472611,0.06238063315254082,0.952953332472611,0.07008913757363656,7.8,0.9747068225861402,0.03450315359377986,0.9747068225861402,0.042007951465689024,5.35,0.9816814612663425,0.023694747934717125,0.9816814612663425,0.023465758602458107,19.0,0.8651644038485703,0.1406190974777589,0.8651644038485703,0.08534906189506816,23.1,0.9796138097086173,0.027100868281314965,0.9796138097086173,0.026452485948014533,63.1,0.9849496716080044,0.01977120709275982,0.9849496716080044,0.01711897582288843
19.6,0.9893025861717659,0.013780844745825251,0.9893025861717659,0.019610644108936162,1179.0,0.9369792808256723,0.08295523139543855,0.9369792808256723,0.08345707403699441,81.0,0.9532510077659933,0.06198837712408846,0.9532510077659933,0.06922682376230208,-0.8,0.9752446618439781,0.03393360618308559,0.9752446618439781,0.0386943020772153,3.42,0.980517675399158,0.025016468680049718,0.980517675399158,0.02511408035699292,25.0,0.8651644038485703,0.1406190974777589,0.8651644038485703,0.08534906189506816,18.8,0.977081239934799,0.03033681561597703,0.977081239934799,0.028211463650903913,59.6,0.9849496716080044,0.01977120709275982,0.9849496716080044,0.016812273517259894
100.0,0.9893025861717659,0.013780844745825251,0.9893025861717659,0.02000981737364247,2591.0,0.9369792808256723,0.08295523139543855,0.9369792808256723,0.08345707403699441,44.0,0.9538550765546651,0.06094544222547992,0.9538550765546651,0.06740998405552008,0.0,0.9762179016098044,0.032707131556029216,0.9762179016098044,0.03592047398968949,45.83,0.9808575807942125,0.024662973138049247,0.9808575807942125,0.02662296458678953,40.0,0.8651644038485703,0.1406190974777589,0.8651644038485703,0.08534906189506816,43.5,0.9766605076490319,0.030826980057582748,0.9766605076490319,0.029847511761118533,62.7,0.9839764318421781,0.0210220260049338,0.9839764318421781,0.019039484511145042
55.3,0.9888249555621057,0.014392025957257686,0.9888249555621057,0.019732625967136798,2122.0,0.93893772719308,0.0804814158931815,0.93893772719308,0.07820564287499784,20.0,0.9546622128062806,0.05972757858869055,0.9546622128062806,0.06503605372898733,-4.7,0.9769040568673286,0.03199567029934978,0.9769040568673286,0.03498883639887692,17.48,0.9808575807942125,0.024662973138049247,0.9808575807942125,0.02710194842959311,47.0,0.8634133362873362,0.14124344527720384,0.8634133362873362,0.08702541232367775,32.5,0.9766605076490319,0.030826980057582748,0.9766605076490319,0.030380601428409607,69.8,0.9831227970197685,0.022043644555378075,0.9831227970197685,0.02047542776991536
18.0,0.9890797877487824,0.014055635463618123,0.9890797877487824,0.019121271790781012,1197.0,0.9407264145821885,0.0789763313897342,0.9407264145821885,0.07770874436293944,32.0,0.953901575125459,0.060523705480986574,0.953901575125459,0.06568552530446665,-0.8,0.9771588890540054,0.03166801615229124,0.9771588890540054,0.03544233986265478,3.8,0.9797527692492148,0.02636118050274599,0.9797527692492148,0.03005313883820953,19.0,0.8626062000357206,0.14225843386219858,0.8626062000357206,0.08786551711611498,17.6,0.975984943176588,0.03164413296490311,0.975984943176588,0.03189064419372479,61.6,0.9841382668872668,0.020857553634476892,0.9841382668872668,0.020224840508164702
31.0,0.9890797877487822,0.014055635463618123,0.9890797877487822,0.019357918628972567,1057.0,0.9411346492285143,0.07871008367234764,0.9411346492285143,0.0805710038224748,71.0,0.953901575125459,0.060523705480986574,0.953901575125459,0.06554257037304738,0.0,0.9774987944490598,0.0313181043487154,0.9774987944490598,0.03652971214719398,7.29,0.9792002617691556,0.027105967463673386,0.9792002617691556,0.02979580070320005,23.0,0.8645614172434789,0.14063684471952506,0.8645614172434789,0.0859622956365324,27.1,0.9753861405408549,0.032321000049918606,0.9753861405408549,0.03296582581857829,55.3,0.9845142711000162,0.020439336029737243,0.9845142711000162,0.01974729528962386
91.0,0.9887037835360328,0.014478292267670737,0.9887037835360328,0.019866737228613176,2418.0,0.9422859593443064,0.07740270313101623,0.9422859593443064,0.07931496215742238,20.0,0.9550653609926435,0.059282773561122805,0.9550653609926435,0.06566148470010272,-6.2,0.9774987944490598,0.0313181043487154,0.9774987944490598,0.03652971214719398,33.4,0.9772365492488093,0.030217934450675294,0.9772365492488093,0.03442563648689409,34.0,0.8656301480550245,0.13985873234836643,0.8656301480550245,0.0867822018688581,37.3,0.974710576068411,0.03313599550252571,0.974710576068411,0.03327822377523975,67.1,0.9847370695229997,0.020167287382979068,0.9847370695229997,0.02049824094504336
45.9,0.9888818538859988,0.014284508601893684,0.9888818538859988,0.0194641633249236,1709.0,0.9434192200512508,0.07596880454520752,0.9434192200512508,0.0769747725394953,51.0,0.9550653609926435,0.059282773561122805,0.9550653609926435,0.06522577708673319,-3.1,0.9774987944490598,0.0313181043487154,0.9774987944490598,0.03652971214719398,12.18,0.9764759115679876,0.031058096402703447,0.9764759115679876,0.03460977202868303,38.0,0.861185576653659,0.14306379709269162,0.861185576653659,0.08717797813351894,30.2,0.9743706706733566,0.03348421270082689,0.9743706706733566,0.033149272951681956,71.8,0.9839617636199572,0.0211912121351127,0.9839617636199572,0.023179778686577113
64.7,0.9903433150465655,0.01251451896818431,0.9903433150465655,0.015841535928545137,1961.0,0.94397172753131,0.0752809723992147,0.94397172753131,0.07715384616544006,29.0,0.9540498911251452,0.060391642354292056,0.9540498911251452,0.0663596699117211,-7.8,0.9768232299766157,0.03213565629763036,0.9768232299766157,0.03601263986087056,18.83,0.9781470115327703,0.02893771223215207,0.9781470115327703,0.03320421202825463,41.0,0.8551653969642702,0.14860398338195946,0.8551653969642702,0.09711517600369304,32.5,0.9753861405408549,0.032321000049918606,0.9753861405408549,0.03296582581857829,68.2,0.9836218582249028,0.021547080120462442,0.9836218582249028,0.022732279848629054
56.1,0.9912537773305264,0.011200117006408576,0.9912537773305264,0.014482338162514954,2066.0,0.9442818785760846,0.07500455267772663,0.9442818785760846,0.07816718533810883,18.0,0.9529811603135997,0.061372015204305484,0.9529811603135997,0.06677867394662555,-5.5,0.976568397789939,0.03246307019168662,0.976568397789939,0.03560821615473024,17.62,0.9792802722397147,0.027386206661516678,0.9792802722397147,0.0313185704553579,40.0,0.8529634054457801,0.1505399492498894,0.8529634054457801,0.09875278519765364,32.2,0.9751313083541782,0.032647859019057486,0.9751313083541782,0.03350159623485332,69.8,0.9846373280924009,0.0203598519863224,0.9846373280924009,0.021955687228624652
22.4,0.9903433150465655,0.01251451896818431,0.9903433150465655,0.016207144219488163,1021.0,0.9427726136563904,0.0768187304117314,0.9427726136563904,0.08148830107728049,35.0,0.9551014417260958,0.05865280881200741,0.9551014417260958,0.06300806435447089,-0.8,0.975417087674147,0.03387782013154289,0.975417087674147,0.038786702089216134,2.2,0.9785941169821907,0.028102738647586802,0.9785941169821907,0.03195915198131916,29.0,0.8529634054457802,0.15053994924988942,0.8529634054457802,0.09734773930601401,20.0,0.9747553041414289,0.03305723219265257,0.9747553041414289,0.0343606503310739,60.8,0.9859969718240755,0.01831193937691034,0.9859969718240755,0.01905865612994268
37.6,0.9903433150465655,0.01251451896818431,0.9903433150465655,0.01677988021572422,803.0,0.9412633487366966,0.07862671575658114,0.9412633487366966,0.08400246419240494,40.0,0.9560515693452559,0.05775789167230879,0.9560515693452559,0.06361971154678024,-3.9,0.974730932416623,0.03458680521041984,0.974730932416623,0.04098785719838636,2.93,0.9783713185592072,0.02837122603313036,0.9783713185592072,0.03238357082655882,5.0,0.8547981501362931,0.14993611849470792,0.8547981501362931,0.0970312809825889,19.2,0.9740625775426328,0.0336832851411022,0.9740625775426328,0.03522310326563348,54.1,0.9859969718240758,0.018311939376910346,0.9859969718240758,0.018827497848330363
68.2,0.9888340501268714,0.014523999239864782,0.9888340501268714,0.018446057018802704,1183.0,0.9410405503137128,0.07887250174396862,0.9410405503137128,0.0844578303482408,40.0,0.957895606059844,0.055803609491298665,0.957895606059844,0.05991758779799655,4.7,0.9751516647023901,0.03409928416621841,0.9751516647023901,0.040372575286025586,11.51,0.9786261507458839,0.02804211080120661,0.9786261507458839,0.03135204238543177,16.0,0.8571224401251621,0.14900194815104595,0.8571224401251621,0.09750758247621227,30.6,0.9751673890876307,0.03200358054077482,0.9751673890876307,0.035650136250177066,59.2,0.9857990379612922,0.018539227013910843,0.9857990379612922,0.019093461527847234
97.3,0.9884133178411043,0.015027102704473876,0.9884133178411043,0.017980578408185018,1679.0,0.941733276912509,0.07830257491672625,0.941733276912509,0.08278669023711689,20.0,0.9571203001568015,0.056769881075812795,0.9571203001568015,0.05733554933567958,-1.6,0.9777141798584693,0.03032307334129123,0.9777141798584693,0.036688973687696205,28.08,0.97877446674557,0.027901220822477223,0.97877446674557,0.029665072820829703,30.0,0.8578151667239583,0.1485503445616179,0.8578151667239583,0.1001053609194115,39.2,0.9751673890876307,0.03200358054077482,0.9751673890876307,0.03624792347650082,62.7,0.9861750421740417,0.018119392794619816,0.9861750421740417,0.019512152367524755
50.6,0.9875043641605965,0.016033154891099504,0.9875043641605965,0.019621006596712304,1504.0,0.9419972492741449,0.0780934790722133,0.9419972492741449,0.08016575711317107,46.0,0.9592405815692978,0.05402751317713884,0.9592405815692978,0.05251373850327895,-5.5,0.9785678146808792,0.029314510111697487,0.9785678146808792,0.035534426258559786,11.9,0.978922782745256,0.02776028685696431,0.978922782745256,0.029186142574729224,34.0,0.854953037477251,0.14990915504860838,0.854953037477251,0.0996555842687673,30.2,0.9766766540073247,0.030049500656298786,0.9766766540073247,0.03257789159353637,69.8,0.9847135810134748,0.019873459638972902,0.9847135810134748,0.020967650165662335
38.4,0.9872495319739198,0.016368487578649032,0.9872495319739198,0.020232360773068093,1750.0,0.9431305099810895,0.07666090734566916,0.9431305099810895,0.07804667767137467,20.0,0.9597784208271359,0.05347855419078064,0.9597784208271359,0.05041384937259982,0.8,0.9790560360756198,0.028822451340318345,0.9790560360756198,0.03602539507555284,9.35,0.9787744667455699,0.027901220822477223,0.9787744667455699,0.02997278960963137,32.0,0.854953037477251,0.1499091550486087,0.854953037477251,0.0983692573901733,27.8,0.9766766540073247,0.030049500656298786,0.9766766540073247,0.030757396014501028,72.5,0.9836677437906635,0.020996259465886305,0.9836677437906635,0.020546931261125268
16.9,0.9878483346096527,0.015673237566615237,0.9878483346096527,0.019261956847909618,1507.0,0.9423233737294737,0.0778483279580206,0.9423233737294737,0.08048468256678054,22.0,0.9607938906946343,0.052354950914394835,0.9607938906946343,0.049178730950359434,12.5,0.977742890914739,0.030407118604651052,0.977742890914739,0.03799001594586121,3.85,0.9787744667455699,0.027901220822477223,0.9787744667455699,0.02997278960963137,26.0,0.8559031650964112,0.1492223442504858,0.8559031650964112,0.09923935326944255,21.6,0.9758727469153584,0.030765396661046645,0.9758727469153584,0.030051221419842688,69.0,0.9834129116039867,0.02132897101885959,0.9834129116039867,0.02065988113327182
31.8,0.9885238990820968,0.014834707588782357,0.9885238990820968,0.019336346788558556,869.0,0.9415162374778583,0.07903360203788397,0.9415162374778583,0.07961909348444172,34.0,0.9605959568318506,0.05256922404695469,0.9605959568318506,0.04966775259321178,-2.3,0.9779408247775226,0.030184151650839448,0.9779408247775226,0.03793334718870602,3.04,0.9784345613505153,0.0282528044470037,0.9784345613505153,0.02882716546627782,1.0,0.8559031650964112,0.1492223442504858,0.8559031650964112,0.09923935326944255,19.2,0.9747861368061851,0.03174555525785208,0.9747861368061851,0.029395608844095,57.6,0.9819036466842926,0.02331057172021007,0.9819036466842926,0.023769959516473097
42.7,0.9888340501268714,0.014523999239864782,0.9888340501268714,0.01847778889296243,776.0,0.9397908039556555,0.08081894048572073,0.9397908039556555,0.08236317681861918,45.0,0.9614495916542605,0.05159900774555467,0.9614495916542605,0.048263993582720294,0.0,0.9788512870614836,0.028902935662511738,0.9788512870614836,0.03453654113066982,4.57,0.9784345613505153,0.0282528044470037,0.9784345613505153,0.027777545474885073,3.0,0.8560400486387151,0.14913481851357568,0.8560400486387151,0.10032413989596367,21.2,0.973276871886491,0.03369304075876175,0.973276871886491,0.03282200281816711,52.2,0.9811430090034711,0.024160324294346166,0.9811430090034711,0.023342014744337166
58.4,0.9881584856544275,0.015363011124476765,0.9881584856544275,0.018796197840743423,1001.0,0.9388175641898294,0.08194729810409655,0.9388175641898294,0.0829166409444804,41.0,0.9604994640351002,0.0525057157988019,0.9604994640351002,0.047572319631213535,-5.5,0.9778780472956575,0.030136680211521428,0.9778780472956575,0.03479632298554293,7.31,0.9777589968780714,0.029073297470915943,0.9777589968780714,0.02907916895405735,10.0,0.8536556038326015,0.15192517549050666,0.8536556038326015,0.1021775362825802,25.9,0.9727992412768308,0.03428432747369081,0.9727992412768308,0.034099513037666694,54.5,0.9805442063677382,0.02484554299849542,0.9805442063677382,0.025285110991686763
49.8,0.9881584856544275,0.015363011124476765,0.9881584856544275,0.018676217828180852,1923.0,0.937802094322331,0.08301060311358294,0.937802094322331,0.0849409825672754,26.0,0.9586554273205122,0.05447223592063061,0.9586554273205122,0.04941659427721635,-0.8,0.978100845718641,0.02986873691441157,0.978100845718641,0.03602386077795511,16.8,0.9772707754833309,0.029564540674130387,0.9772707754833309,0.02850482359310128,17.0,0.8505293299075595,0.15346612644010268,0.8505293299075595,0.10045909209420122,32.9,0.972200438641098,0.034957231696812884,0.972200438641098,0.034397824615058956,70.2,0.9787638303502961,0.027365539358934075,0.9787638303502961,0.028522712766304404
56.5,0.9890121204768374,0.01433019759067246,0.9890121204768374,0.017012655567399337,1778.0,0.937802094322331,0.08301060311358294,0.937802094322331,0.0849409825672754,48.0,0.9586554273205122,0.05447223592063025,0.9586554273205122,0.04995791879407391,3.9,0.9775020430829081,0.03054824335594206,0.9775020430829081,0.038068187399314245,14.98,0.9750021780711486,0.032555747020235025,0.9750021780711486,0.031056213653400853,35.0,0.8505293299075595,0.15346612644010268,0.8505293299075595,0.10045909209420122,31.4,0.9714398009602763,0.035789109458300626,0.9714398009602763,0.03482038111794366,69.0,0.9783878261375468,0.027778561005136936,0.9783878261375468,0.02728779198936785
100.0,0.9878608103610451,0.015785074248612647,0.9878608103610451,0.020228982294371246,2026.0,0.937444139518429,0.08350559054182369,0.937444139518429,0.08414652743396901,38.0,0.9588533611832957,0.054258832278198395,0.9588533611832957,0.04946889715122156,-5.5,0.976826478610464,0.031366330228737596,0.976826478610464,0.03938602428149322,36.99,0.9743465479738644,0.033502113690766916,0.9743465479738644,0.03218131055311939,50.0,0.8505293299075595,0.15346612644010268,0.8505293299075595,0.10045909209420122,51.4,0.9732019755418932,0.03400517840352054,0.9732019755418932,0.0329982652774263,66.3,0.9799861708404172,0.025924053509892627,0.9799861708404172,0.02584212579169529
18.0,0.9878608103610453,0.015785074248612647,0.9878608103610453,0.020228982294371246,1691.0,0.9394025858858366,0.08103152822753529,0.9394025858858366,0.08190224480044637,20.0,0.95767344987858,0.055333449495944924,0.95767344987858,0.05303876446441372,0.0,0.9756932179035196,0.03290916703300191,0.9756932179035196,0.042872626836406136,4.38,0.9751218538769069,0.032498310623843264,0.9751218538769069,0.030443976320370804,44.0,0.8522528941049021,0.15293072774020444,0.8522528941049021,0.09904539380276803,22.0,0.9751571927496518,0.03188077526315911,0.9751571927496518,0.03128115135146484,63.1,0.9796760197956427,0.026228290981806863,0.9796760197956427,0.025818030673819835
34.5,0.9878608103610453,0.015785074248612647,0.9878608103610453,0.020457465086475227,892.0,0.9377314859210542,0.082971110079736,0.9377314859210542,0.08342823619126238,28.0,0.9569128121977584,0.056135879491014264,0.9569128121977584,0.05343591689279009,-0.8,0.9742820128632323,0.03526248433443266,0.9742820128632323,0.04453200852309877,3.46,0.9757774839741913,0.03155048065383936,0.9757774839741913,0.028491278539920263,17.0,0.8549170894888257,0.15175472215265146,0.8549170894888257,0.0998231487237084,18.4,0.9743818868466093,0.03288510758690018,0.9743818868466093,0.03126515538106423,47.8,0.9780776750927721,0.028081687440519365,0.9780776750927721,0.027263696871492396
91.8,0.9876059781743685,0.016120594990473268,0.9876059781743685,0.020620070964339994,781.0,0.9364399566865251,0.08414977209951599,0.9364399566865251,0.08712517560119593,60.0,0.9567509771526698,0.056289642278928215,0.9567509771526698,0.05385324922683565,-3.1,0.9731487521562877,0.036796575800659787,0.9731487521562877,0.04609871257726015,9.51,0.9755226517875144,0.031877678802182424,0.9755226517875144,0.029610092232672063,19.0,0.8569138490617774,0.1510204174279439,0.8569138490617774,0.10068891041703576,30.6,0.9747398416505112,0.0323495628942596,0.9747398416505112,0.033189925608002636,61.6,0.9770622052252738,0.029252700201238605,0.9770622052252738,0.02832653971265859
19.2,0.9866970244938609,0.017124795671754022,0.9866970244938609,0.02194565900698275,2449.0,0.937115521158969,0.08340539607048576,0.937115521158969,0.08599406126599216,99.0,0.957171709438437,0.055821209868609424,0.957171709438437,0.05300773862399327,7.8,0.9735067069601897,0.036263177974007396,0.9735067069601897,0.042775370465675595,7.02,0.9752998533645311,0.0321444209224634,0.9752998533645311,0.029975700523615086,29.0,0.8593142796851712,0.14998070184254922,0.8593142796851712,0.10157981039213221,24.7,0.9741873341704522,0.033086990061152795,0.9741873341704522,0.033488107548143374,63.5,0.9764634025895409,0.029931823312630997,0.9764634025895409,0.028685049753295486
100.0,0.986021460021417,0.017960169436011832,0.986021460021417,0.02371853729668996,2837.0,0.9378127234458139,0.08290614483189594,0.9378127234458139,0.08747448589770462,71.0,0.9561029786268913,0.05681033964574729,0.9561029786268913,0.054798543064717695,3.1,0.9732839085372064,0.03652833494009393,0.9732839085372064,0.04184187036897694,41.16,0.9747473458844719,0.03288240928193341,0.9747473458844719,0.030090462049057617,39.0,0.8593142796851712,0.14998070184254922,0.8593142796851712,0.10157981039213221,37.3,0.973276871886491,0.034357928451246356,0.973276871886491,0.03405347350526353,63.1,0.9764634025895409,0.029931823312630997,0.9764634025895409,0.028685049753295486
20.0,0.9873526545911451,0.01615499129239384,0.9873526545911451,0.02175454399538562,1988.0,0.9402305281247151,0.08039931822266008,0.9402305281247151,0.08653819594002007,35.0,0.9548184346549347,0.0579513546169822,0.9548184346549347,0.057820271466635646,1.6,0.9726083440647625,0.03733855565056916,0.9726083440647625,0.042206726585548374,5.72,0.9759111317516564,0.031578199352539714,0.9759111317516564,0.02931938096043411,44.0,0.8593142796851712,0.14998070184254922,0.8593142796851712,0.10157981039213221,23.5,0.9741305067089009,0.0333577181584556,0.9741305067089009,0.03391328346005934,63.5,0.9762085704028639,0.030259685533634346,0.9762085704028639,0.02896322302074442
38.8,0.9877733868769122,0.015652921827101145,0.9877733868769122,0.021229444981889008,803.0,0.9407242841719068,0.08002760454487608,0.9407242841719068,0.08728998693300995,34.0,0.9553709421349935,0.057243722098572605,0.9553709421349935,0.057141918150275986,-3.9,0.9728631762514393,0.037013815350822286,0.9728631762514393,0.042239917969355785,4.04,0.977224276912537,0.02999822572643701,0.977224276912537,0.028275284897270273,43.0,0.8607617227011214,0.1495085428225886,0.8607617227011214,0.1006897363741876,20.4,0.9741305067089009,0.0333577181584556,0.9741305067089009,0.034196739870513776,56.9,0.9751037588578662,0.0319432366393515,0.9751037588578662,0.032837976824084236
100.0,0.9872355476190742,0.016240221793412394,0.9872355476190742,0.022558521911270744,1378.0,0.9417930149834521,0.07908280182258833,0.9417930149834521,0.08692265951505394,98.0,0.9566624713695228,0.05600024918078992,0.9566624713695228,0.056406597793506465,4.7,0.9728631762514393,0.037013815350822286,0.9728631762514393,0.042239917969355785,22.29,0.9776002811252865,0.029586574535308083,0.9776002811252865,0.028771605274121682,47.0,0.8645813826125739,0.14695875653943438,0.8645813826125739,0.09712025262544947,57.6,0.9739325728461172,0.03357912365551772,0.9739325728461172,0.03627932809395072,56.5,0.9751037588578662,0.0319432366393515,0.9751037588578662,0.032837976824084236
20.8,0.9856372029162036,0.018124772277358137,0.9856372029162036,0.024807824770827724,1954.0,0.9425452087398287,0.07842699605710729,0.9425452087398287,0.08812684673033923,43.0,0.9595294574961376,0.05265483634302419,0.9595294574961376,0.05057752760182737,3.1,0.9728631762514393,0.037013815350822286,0.9728631762514393,0.042239917969355785,6.2,0.9766270413594602,0.03081798661916316,0.9766270413594602,0.031353366377601485,52.0,0.8640288751325147,0.14753514711520535,0.8640288751325147,0.10262517014425268,24.3,0.9727993121391728,0.03511459355871384,0.9727993121391728,0.03927063542679581,40.4,0.9751037588578662,0.0319432366393515,0.9751037588578662,0.032837976824084236
54.5,0.9858920351028804,0.017790454987569572,0.9858920351028804,0.023641445066881487,1411.0,0.9420981741527502,0.07881284576927947,0.9420981741527502,0.08811814697005897,56.0,0.9602900951769593,0.051847210779422954,0.9602900951769593,0.04974820363233135,-4.7,0.9728631762514393,0.037013815350822286,0.9728631762514393,0.042239917969355785,11.0,0.9766270413594602,0.03081798661916316,0.9766270413594602,0.032727575451187804,53.0,0.8611196775050234,0.14908692536646753,0.8611196775050234,0.10262197177678496,30.2,0.9734748766116167,0.034302659255252686,0.9734748766116167,0.039372379882837025,67.5,0.9764044282673543,0.030514643629196682,0.9764044282673543,0.03278109267760818
65.1,0.9858920351028804,0.017790454987569572,0.9858920351028804,0.023641445066881487,1464.0,0.9427538042500344,0.07793083052951631,0.9427538042500344,0.08870180879652469,36.0,0.9634067993642896,0.046752373242182954,0.9634067993642896,0.04730544164489422,-0.8,0.9726851059014735,0.037200215051297114,0.9726851059014735,0.04287980504289057,13.8,0.9774023472625027,0.02980958056564732,0.9774023472625027,0.03205651581927106,54.0,0.8592107293169445,0.1498175856749205,0.8592107293169445,0.10149315770679684,31.0,0.9734748766116167,0.034302659255252686,0.9734748766116167,0.03880753886279159,66.7,0.977865889427921,0.028791782928419003,0.977865889427921,0.031067163961092922
16.5,0.9868652748687067,0.016533932451162917,0.9868652748687067,0.022336657832809765,1455.0,0.9450952025343223,0.07396003261852331,0.9450952025343223,0.0856401918091419,20.0,0.9665434379267797,0.0425376209801969,0.9665434379267797,0.04456455462187281,7.8,0.9726851059014733,0.03720021505129711,0.9726851059014733,0.044336296244353174,3.72,0.9781776531655454,0.028799535901022046,0.9781776531655454,0.029928545210140104,46.0,0.8603620394327365,0.14873670461748423,0.8603620394327365,0.09709686759327621,21.2,0.9743853388955778,0.0330313977838179,0.9743853388955778,0.035993306188662214,63.9,0.9781635647213034,0.02837804498650681,0.9781635647213034,0.029898647416283463
78.0,0.9857139647529144,0.01798300383791992,0.9857139647529144,0.02531323875576744,1250.0,0.9463958719438106,0.0726358328418402,0.9463958719438106,0.08467689379141899,81.0,0.9677233492314955,0.0414361860457956,0.9677233492314955,0.043583667208573706,2.3,0.9721968845067329,0.03768467751498033,0.9721968845067329,0.044840483200941125,16.63,0.9788532176379893,0.027978485539291807,0.9788532176379893,0.032011542074068186,48.0,0.8635716570303035,0.14692383789028068,0.8635716570303035,0.0953513747973687,32.9,0.974937846375637,0.03229378167119459,0.974937846375637,0.036506984668103606,67.1,0.977865889427921,0.028791782928419364,0.977865889427921,0.03215422367548039
100.0,0.9843827701831863,0.019782640801929645,0.9843827701831863,0.02727723205707178,1370.0,0.9457203074713667,0.07339645891701549,0.9457203074713667,0.0860092151040145,36.0,0.96885660993844,0.03991654945748989,0.96885660993844,0.039938154705996015,1.6,0.9713432496843231,0.03867898518792541,0.9713432496843231,0.0457723474137011,22.34,0.9795393728955133,0.027261666443155808,0.9795393728955133,0.031039388440620125,50.0,0.8658820520220621,0.14587516878884255,0.8658820520220621,0.09634363631857772,55.7,0.9756984840564584,0.031455982358534224,0.9756984840564584,0.03524129110546367,52.2,0.9773133819478621,0.02953370406082592,0.9773133819478621,0.03445692003547532
51.4,0.9829550119543661,0.021348204287896373,0.9829550119543661,0.029169324269791606,2074.0,0.946693547237193,0.07224976984851042,0.946693547237193,0.08445611558478369,99.0,0.9686338115154567,0.040179519958219126,0.9686338115154567,0.039752327478925334,6.2,0.9713432496843231,0.03867898518792541,0.9713432496843231,0.0457723474137011,19.27,0.9795393728955133,0.027261666443155808,0.9795393728955133,0.03045346233505793,52.0,0.8658820520220621,0.14587516878884255,0.8658820520220621,0.09634363631857772,33.3,0.9753585786614041,0.031805161296199085,0.9753585786614041,0.03515595640211722,71.4,0.9792718283152696,0.02683196435924213,0.9792718283152696,0.031000587107007198
100.0,0.9816418667934853,0.022949483240039474,0.9816418667934853,0.0314421756153979,1738.0,0.9442880662827068,0.07515250872812775,0.9442880662827068,0.0888617110120428,98.0,0.9691863189955155,0.039450554310036086,0.9691863189955155,0.03778920533852964,7.8,0.9713432496843231,0.03867898518792541,0.9713432496843231,0.0457723474137011,31.18,0.9800772121533516,0.02668513242266799,0.9800772121533516,0.029272035261830517,55.0,0.8624203469145115,0.14801265678220057,0.8624203469145115,0.09608720656569153,65.1,0.9764273094729495,0.030766202895176682,0.9764273094729495,0.03421112548376303,56.9,0.9806030228849979,0.02505151952740738,0.9806030228849979,0.029842037041578555
20.8,0.9816418667934853,0.022949483240039113,0.9816418667934853,0.032245684877993605,1748.0,0.9442880662827068,0.07515250872812775,0.9442880662827068,0.09025565843057928,51.0,0.9708574189602982,0.03736123860521062,0.9708574189602982,0.03567581107365736,3.9,0.9718314710790636,0.03819548089526342,0.9718314710790636,0.04512665146761906,5.54,0.980300010576335,0.026415771204309296,0.980300010576335,0.027501633809286344,48.0,0.8573168180601688,0.15634916837599663,0.8573168180601688,0.13095576746530999,23.1,0.9768480417587166,0.03027613559304897,0.9768480417587166,0.03269087814715807,75.7,0.9798277169819553,0.02606714700179341,0.9798277169819553,0.031367130755267564
36.9,0.982814792835629,0.021720820943525215,0.982814792835629,0.031167501879371007,810.0,0.9469392392489103,0.07206228219902736,0.9469392392489103,0.08435713933846173,80.0,0.9711426185022881,0.037101837458011475,0.9711426185022881,0.03576007169464145,-3.9,0.9718314710790636,0.03819548089526342,0.9718314710790636,0.04474529710444321,4.12,0.9812732503421612,0.025175131584467148,0.9812732503421612,0.025982502849174267,27.0,0.8573168180601688,0.156349168375996,0.8573168180601688,0.12902218993759473,20.0,0.9766501078959329,0.03049882104529119,0.9766501078959329,0.03273967727337419,52.2,0.9803655562397934,0.025489778866854104,0.9803655562397934,0.03271183807893927
20.4,0.9841279379965095,0.020115916346555036,0.9841279379965095,0.028437738189186112,1737.0,0.9476148037213543,0.07129958961355697,0.9476148037213543,0.08284920190270854,92.0,0.9700093577953436,0.0386285686000374,0.9700093577953436,0.036491479575464204,4.7,0.9708582313132373,0.039410648977361906,0.9708582313132373,0.047648302963908686,19.33,0.9804979444391185,0.02619138318488456,0.9804979444391185,0.026381949758087116,47.0,0.8591801784648486,0.15564421309576576,0.8591801784648486,0.12970966503847092,34.5,0.9773057379932173,0.029548095911625664,0.9773057379932173,0.032658233459648967,76.1,0.9820366562045757,0.023351049077727667,0.9820366562045757,0.029787077636162597
20.0,0.9841279379965095,0.020115916346555036,0.9841279379965095,0.028046649519217363,1968.0,0.9482903681937982,0.07053573626278481,0.9482903681937982,0.08189802467531088,55.0,0.9700093577953436,0.0386285686000374,0.9700093577953436,0.035803077852508546,-0.8,0.9719114815496228,0.03760436658989439,0.9719114815496228,0.04973455137685425,5.88,0.9791667498693905,0.027970082115616166,0.9791667498693905,0.028245044942706108,60.0,0.857509078500066,0.15724695282836465,0.857509078500066,0.13109054395491626,23.5,0.9761724772862728,0.03109383465669368,0.9761724772862728,0.03499842307757606,62.0,0.9823343314979581,0.022933823217061257,0.9823343314979581,0.028602179759548624
18.8,0.9845039422092591,0.019697419940536923,0.9845039422092591,0.02653126538467972,1571.0,0.9482903681937982,0.07053573626278481,0.9482903681937982,0.08189802467531088,29.0,0.9721296392078399,0.03580633744137491,0.9721296392078399,0.03467471870184916,3.9,0.9732426761193507,0.03585259026788115,0.9732426761193507,0.046725803526566495,3.71,0.9780029640022061,0.029283187453555026,0.9780029640022061,0.0280747083977457,21.0,0.8521507174590466,0.1657142619081384,0.8521507174590466,0.12864560142633485,21.2,0.9756199698062137,0.031833110891528786,0.9756199698062137,0.035657890459896084,62.7,0.9823343314979581,0.022933823217061257,0.9823343314979581,0.028602179759548624
38.8,0.9833991306642612,0.021407726177878655,0.9833991306642612,0.02791445923798812,1766.0,0.9516850167144714,0.06331808437415756,0.9516850167144714,0.04501723690300201,35.0,0.9717897338127854,0.03615263730100491,0.9717897338127854,0.034536477071314006,2.3,0.9735403514127331,0.03544305049907765,0.9735403514127331,0.047489685713187874,8.65,0.9770297242363799,0.030515433455106572,0.9770297242363799,0.028705573550810267,23.0,0.852911355139868,0.16510778924711156,0.852911355139868,0.1260728120081121,27.5,0.9748128335545979,0.03310300453025564,0.9748128335545979,0.037725632183884576,59.6,0.9841147075154002,0.020396256476967325,0.9841147075154002,0.023515601793712187
27.8,0.9824886683803,0.022702089019668602,0.9824886683803,0.02884906815021587,2016.0,0.9525939703949792,0.0623947428196814,0.9525939703949792,0.04330456923422686,29.0,0.9700093577953436,0.0386285686000374,0.9700093577953436,0.03799051138282061,5.5,0.9740179820223933,0.03485185639521787,0.9740179820223933,0.0477420275322773,5.69,0.9778050301394223,0.029506351696492045,0.9778050301394223,0.028718361185663423,24.0,0.8550131273511271,0.16425396033479833,0.8550131273511271,0.1272582116818847,22.4,0.9763952757092563,0.03082660101531203,0.9763952757092563,0.0360676227849528,71.0,0.9844123828087824,0.019977224321612058,0.9844123828087824,0.02421976244033153
36.9,0.9822658699573167,0.022972920692521773,0.9822658699573167,0.030122325547438215,1242.0,0.9530410049820575,0.061996063241799626,0.9530410049820575,0.043142125436144166,34.0,0.9700093577953436,0.0386285686000374,0.9700093577953436,0.037160999676598215,3.9,0.974393986235143,0.03444350484016619,0.974393986235143,0.04681892738708016,6.49,0.978580336042465,0.028495631326767013,0.978580336042465,0.02884940626646144,26.0,0.8550131273511271,0.16425396033479833,0.8550131273511271,0.1272582116818847,24.7,0.9766501078959331,0.030498821045291197,0.9766501078959331,0.03646732287634595,68.2,0.9844123828087824,0.019977224321612058,0.9844123828087824,0.023319325371056212
68.2,0.9799972725451342,0.025995375790415755,0.9799972725451342,0.03497664140094772,1405.0,0.9524884975019985,0.06269905220782089,0.9524884975019985,0.044250728040031384,59.0,0.9683382578305608,0.04071376029448149,0.9683382578305608,0.03984150250977151,-7.8,0.9741391540484662,0.034769458958091276,0.9741391540484662,0.048482091080551806,13.7,0.9788031344654485,0.02822711215917601,0.9788031344654485,0.029377545377649836,33.0,0.8550131273511271,0.16425396033479833,0.8550131273511271,0.1272582116818847,31.0,0.9759745434234892,0.03131619178387277,0.9759745434234892,0.03833270793737344,65.1,0.9851876887118248,0.018951859618222967,0.9851876887118248,0.02122201511629075
74.1,0.979519641935474,0.0265947265973263,0.979519641935474,0.0346758660961697,1691.0,0.9507081214845566,0.0650734372435978,0.9507081214845566,0.04664039412426242,62.0,0.9678606272209006,0.04129841399779459,0.9678606272209006,0.03867295809705154,-10.9,0.973483523951182,0.035713458696013195,0.973483523951182,0.05094230081182834,18.18,0.9780278285624061,0.0292382858032705,0.9780278285624061,0.030815603167263676,40.0,0.8521507174590466,0.16571426190813965,0.8521507174590466,0.1296015116377544,32.9,0.9753189133262049,0.03226437925046396,0.9753189133262049,0.04009136795551538,66.7,0.9838745435509443,0.020560104126153295,0.9838745435509443,0.02316440709839629
18.0,0.9797744741221507,0.026264745671324228,0.9797744741221507,0.03431622294729386,1639.0,0.9496622842617451,0.06610621441770041,0.9496622842617451,0.04823615643092589,38.0,0.9683382578305608,0.04071376029448149,0.9683382578305608,0.039538712237263476,-3.9,0.973483523951182,0.03571345869601284,0.973483523951182,0.05282784517066729,4.03,0.9780278285624059,0.029238285803270498,0.9780278285624059,0.0294683287047723,41.0,0.849241519831555,0.16716879622652764,0.849241519831555,0.1310144885142761,21.2,0.9766501078959331,0.030498821045291197,0.9766501078959331,0.037051261496454165,62.0,0.9845301736482285,0.019595426440993057,0.9845301736482285,0.02101116091773446
42.7,0.979519641935474,0.0265947265973263,0.979519641935474,0.035398867504205574,1375.0,0.9483026405300704,0.06800823016177682,0.9483026405300704,0.05110584707952522,20.0,0.9701576737950297,0.03849061282256793,0.9701576737950297,0.03946517201994594,1.6,0.9733054536012158,0.03590022377664033,0.9733054536012158,0.05240355718534746,8.58,0.978448560848173,0.02874671484792368,0.978448560848173,0.028471855260764706,35.0,0.8472580763511692,0.17003560955922511,0.8472580763511692,0.13168670497716176,27.1,0.9777033581323182,0.028671655406017585,0.9777033581323182,0.03358212300963024,68.6,0.9850826811282877,0.018842206962214836,0.9850826811282877,0.020197251703637235
20.4,0.9801752720327582,0.025638476720059138,0.9801752720327582,0.034066667977976396,943.0,0.9479200649760491,0.06831059187144384,0.9479200649760491,0.050274387088656974,34.0,0.969248720114522,0.03945556769824531,0.969248720114522,0.04107411363831062,-0.8,0.9718439924406493,0.03760396137300901,0.9718439924406493,0.05474569544683306,3.46,0.979359023132134,0.02746346756807039,0.979359023132134,0.027746191048383103,12.0,0.8450715654078393,0.1725723342903182,0.8450715654078393,0.13598860508880428,20.4,0.9777033581323182,0.028671655406017585,0.9777033581323182,0.03423324072454823,62.7,0.9859363159506974,0.017815703104912088,0.9859363159506974,0.02048216764421782
20.4,0.9801752720327582,0.025638476720058777,0.9801752720327582,0.03352401065193489,1578.0,0.9477221311132654,0.06851837062798995,0.9477221311132654,0.05120257548849461,20.0,0.9694105551596106,0.03929673878966995,0.9694105551596106,0.04142050933697195,4.7,0.9709335301566884,0.03886745905409168,0.9709335301566884,0.05649022908011268,4.43,0.9807702281724214,0.025086136274241604,0.9807702281724214,0.023053334316268093,23.0,0.8410047336013489,0.17717482531941453,0.8410047336013489,0.13963556320375242,24.3,0.9773454033284162,0.02921024760996772,0.9773454033284162,0.03471534456383588,71.8,0.986276221345752,0.01745767665304036,0.986276221345752,0.019388945945325597
48.2,0.9788746026232699,0.027079378402428952,0.9788746026232699,0.037261206547979334,1179.0,0.9486953708790917,0.06736392814609349,0.9486953708790917,0.050523282631472884,46.0,0.9689898228738434,0.03977895883985237,0.9689898228738434,0.04366829256242658,-1.6,0.9720667908636328,0.037339467949341607,0.9720667908636328,0.05282293732489507,7.69,0.9804725528790391,0.02550202220946553,0.9804725528790391,0.023087426116718216,29.0,0.8381320674004947,0.1801508586853281,0.8381320674004947,0.143660092892432,26.3,0.9768962218807027,0.029946985407052432,0.9768962218807027,0.035220604956136485,67.5,0.985723713865693,0.01821261046367346,0.985723713865693,0.021360630363707615
52.2,0.9779013628574438,0.02831496679735222,0.9779013628574438,0.03759293462363775,1511.0,0.9495490057015015,0.06642019744252525,0.9495490057015015,0.050497354965933286,41.0,0.968692147580461,0.04018515018679784,0.968692147580461,0.04265879629986567,0.0,0.9726046301214709,0.036773134892451285,0.9726046301214709,0.05239468781879203,11.53,0.9809607742737796,0.025007050870233485,0.9809607742737796,0.021028780307382856,35.0,0.835400080412588,0.18133215909544562,0.835400080412588,0.1433926044373262,29.8,0.977119020303686,0.029679281603703,0.977119020303686,0.033500941360233426,68.6,0.985723713865693,0.01821261046367346,0.985723713865693,0.02154673791732874
43.1,0.9769512352382835,0.029261559260051313,0.9769512352382835,0.03915416882713085,1792.0,0.9500868449593395,0.06588441617234253,0.9500868449593395,0.050686355472654675,43.0,0.969290950216194,0.039518060012773026,0.969290950216194,0.04143810315575709,-0.8,0.9726046301214709,0.036773134892450925,0.9726046301214709,0.05481752359256095,11.1,0.9805137396867011,0.02543595170091237,0.9805137396867011,0.02119691105851022,39.0,0.8314903848695,0.18360468633192967,0.8314903848695,0.1435468725393344,29.4,0.9773829926653219,0.029447576050218877,0.9773829926653219,0.034030985237039714,71.8,0.9847504740998667,0.019465982895241235,0.9847504740998667,0.02290062863240555
56.9,0.9762756707658399,0.030080050772008784,0.9762756707658399,0.04032812243440154,1968.0,0.9502054481517249,0.06579510492886959,0.9502054481517249,0.05029025285438932,34.0,0.9709998305498637,0.03677549531228155,0.9709998305498637,0.04226464126048397,1.6,0.9732907853789949,0.03606734404168535,0.9732907853789949,0.05350998156826135,16.96,0.9802909412637177,0.025705596918455913,0.9802909412637177,0.02007938742866744,40.0,0.8281929558870602,0.1851767057472146,0.8281929558870602,0.141538502960774,32.2,0.9773829926653219,0.029447576050218877,0.9773829926653219,0.032720126690688085,69.4,0.9843297418140996,0.019964845207162546,0.9843297418140996,0.021734091156082113
70.6,0.9751243606500478,0.0314971634441356,0.9751243606500478,0.04475291709349706,1351.0,0.9493518133293152,0.0667401327707439,0.9493518133293152,0.04997260269569968,81.0,0.9709998305498637,0.03677549531228119,0.9709998305498637,0.040151267388646675,3.9,0.9729508799839405,0.036413996422021144,0.9729508799839405,0.05430199367247788,13.58,0.9802909412637177,0.025705596918455913,0.9802909412637177,0.02007938742866744,43.0,0.8266153706123097,0.18556306979110604,0.8266153706123097,0.14281381947916802,31.0,0.9773829926653219,0.029447576050218877,0.9773829926653219,0.032720126690688085,65.5,0.9829700980824247,0.022006921536409194,0.9829700980824247,0.025721794831568476
87.8,0.9749462903000818,0.031685035336606576,0.9749462903000818,0.04445082916738185,1494.0,0.9473881008089687,0.06967169689663984,0.9473881008089687,0.05539732235056109,59.0,0.969640186818189,0.03876558766296501,0.969640186818189,0.04187035952092988,0.8,0.9722753155114966,0.03722400173701948,0.9722753155114966,0.0552599735692061,17.35,0.9793177014978914,0.026944416665699546,0.9793177014978914,0.020304649301653422,47.0,0.822129452955593,0.18831435128903762,0.822129452955593,0.14499307498437247,32.9,0.9767074281928783,0.030266318852548907,0.9767074281928783,0.032974595754120185,57.6,0.9814608331627308,0.0239865581439964,0.9814608331627308,0.027994687735944813
72.2,0.9739730505342558,0.03291084603761219,0.9739730505342558,0.04642213539620924,1583.0,0.9467125363365249,0.07043534337599448,0.9467125363365249,0.05535990976030952,68.0,0.9691625562085288,0.03935204143883816,0.9691625562085288,0.041297174893568635,-4.7,0.9728741181472297,0.03655243845770464,0.9728741181472297,0.05289015073840363,16.99,0.9784640666754817,0.02795585855923367,0.9784640666754817,0.02098739807015584,48.0,0.8195615752622821,0.1891745592133433,0.8195615752622821,0.14443832307913554,32.2,0.97537623362315,0.03203230259059306,0.97537623362315,0.034177312539185344,66.7,0.981881565448498,0.023490923017604252,0.981881565448498,0.029883959609482147
90.2,0.9747801867858713,0.031641933466238475,0.9747801867858713,0.042485829337027645,1631.0,0.9456438055249793,0.07139578458719294,0.9456438055249793,0.0542861750525069,71.0,0.9686849255988685,0.03993789835136195,0.9686849255988685,0.04091423411689588,2.3,0.972712283102141,0.03671233823896719,0.972712283102141,0.05340661342911261,21.23,0.9759015515194024,0.03174129483229415,0.9759015515194024,0.024540953093879707,49.0,0.8177580963265574,0.18959479028754944,0.8177580963265574,0.14615914786258932,34.5,0.9738669687034561,0.03398058468390703,0.9738669687034561,0.03593645918324489,63.5,0.9820794993112815,0.02326556625397852,0.9820794993112815,0.0305671160839951
67.5,0.9754557512583154,0.03082584112140087,0.9754557512583154,0.04176614179497835,1697.0,0.9452869330200915,0.0716617795695474,0.9452869330200915,0.0537489056560067,51.0,0.9680292955015842,0.04087284805152099,0.9680292955015842,0.03988675123790167,3.1,0.9712508219415744,0.03841375000601912,0.9712508219415744,0.05561348755265119,16.47,0.9749910892354414,0.03301583594638391,0.9749910892354414,0.023950346639709696,52.0,0.8136027960584704,0.19176161264434452,0.8136027960584704,0.1493221714330171,32.2,0.9738669687034559,0.03398058468390666,0.9738669687034559,0.03661691349728345,67.8,0.9814039348388376,0.02409269375291668,0.9814039348388376,0.031186524596706348
93.3,0.9747801867858713,0.031641933466238475,0.9747801867858713,0.042485829337027645,1963.0,0.9428691283411901,0.07420669126972886,0.9428691283411901,0.05656478979948709,101.0,0.9686849255988685,0.03993789835136195,0.9686849255988685,0.03948504353290232,-1.6,0.9714126569866631,0.03825439229257462,0.9714126569866631,0.055410248083018344,31.49,0.9749910892354414,0.03301583594638391,0.9749910892354414,0.024907207421718976,67.0,0.8049617701640678,0.20068266268058596,0.8049617701640678,0.15050751313076927,38.8,0.9717466872909596,0.03681212476401412,0.9717466872909596,0.038604750156817795,65.9,0.9800727402691094,0.02587595088466363,0.9800727402691094,0.033356340133902214
100.0,0.9737647169183732,0.032805088292831144,0.9737647169183732,0.044982088437001876,2329.0,0.9407104648937787,0.07630117237243675,0.9407104648937787,0.05688991822205985,19.0,0.9698181863058132,0.03841490437681217,0.9698181863058132,0.03727980866008415,1.6,0.9725459176936074,0.03672488810226906,0.9725459176936074,0.05195496847801219,42.42,0.9738578285284968,0.03455371627633507,0.9738578285284968,0.0254372494033112,72.0,0.8020627989022294,0.20158081573014383,0.8020627989022294,0.1497823974309349,82.4,0.9711941798109006,0.037544636109526214,0.9711941798109006,0.03901040745218498,59.6,0.979297434366067,0.02689035508272123,0.979297434366067,0.035323627395847886
41.2,0.9753630616212436,0.030968009597488116,0.9753630616212436,0.04302860755553909,904.0,0.9399498272129573,0.07707085226471733,0.9399498272129573,0.05753938979753918,30.0,0.9704937507782568,0.03760790509960777,0.9704937507782568,0.036704991488262464,-0.8,0.973454871374115,0.03575385038708112,0.973454871374115,0.05265450878371698,4.25,0.9741126607151736,0.0342278050669466,0.9741126607151736,0.02441096751165528,13.0,0.8007031551705547,0.2029249878742736,0.8007031551705547,0.14820809400955604,19.6,0.9725253743806288,0.035794145016200936,0.9725253743806288,0.03554753944428881,65.1,0.9787595951082289,0.027466294115850137,0.9787595951082289,0.03655927175435349
95.3,0.976790819850064,0.029429082556892094,0.976790819850064,0.04069107862599263,2570.0,0.9430864657754471,0.07306705384239369,0.9430864657754471,0.058489852761919474,22.0,0.9691806056173763,0.03916612820208408,0.9691806056173763,0.03829987327317115,1.6,0.9738308755868645,0.03534609878168586,0.9738308755868645,0.05183801501088815,38.44,0.9752174722601716,0.03254862785244149,0.9752174722601716,0.02399798459063822,38.0,0.7978092494062077,0.20632586996808377,0.7978092494062077,0.1517840831323704,38.4,0.9729745558283427,0.03506352613128407,0.9729745558283427,0.035014343086149834,66.7,0.9787595951082289,0.02746629411585086,0.9787595951082289,0.03839625223855302
99.2,0.977343327330123,0.028687516576937955,0.977343327330123,0.03970230630609772,1898.0,0.9430864657754471,0.07306705384239369,0.9430864657754471,0.05799040536256362,20.0,0.96962978706509,0.038439697630686234,0.96962978706509,0.03771766874623116,5.5,0.972011459622396,0.03758410034116695,0.972011459622396,0.05588082852337761,28.4,0.9757699797402306,0.03181007668585448,0.9757699797402306,0.024905575335714362,40.0,0.7967634121833963,0.2069819561086874,0.7967634121833963,0.15436822295291525,37.3,0.9716149120966676,0.037060273120721285,0.9716149120966676,0.040168117952809765,65.5,0.9783388628224617,0.02795857966593462,0.9783388628224617,0.036506980365015686
21.6,0.9770456520367405,0.029100798724654254,0.9770456520367405,0.04110746968909874,1745.0,0.9443996109363278,0.07160082589510937,0.9443996109363278,0.05433654343301638,33.0,0.9703904247459116,0.037611552402753066,0.9703904247459116,0.03776996115836714,4.7,0.971473620364558,0.038149614266048064,0.971473620364558,0.05642733308120216,5.05,0.9755151475535538,0.03213720439433984,0.9755151475535538,0.02674340938595823,17.0,0.7983617568862669,0.20584939679404765,0.7983617568862669,0.1537751728435173,22.4,0.9713921136736843,0.03732469962458476,0.9713921136736843,0.03906292279165069,62.4,0.9778612322128014,0.02855591434649092,0.9778612322128014,0.037397188198795825
44.3,0.9775834912945789,0.028526820332147523,0.9775834912945789,0.0404986515326757,765.0,0.9423162226102231,0.07390764378322519,0.9423162226102231,0.05558475386406914,77.0,0.9710659892183553,0.036803486455122957,0.9710659892183553,0.03818522760252221,3.9,0.9710528880787908,0.03863343034066001,0.9710528880787908,0.05566959474349308,5.07,0.9757130814163375,0.03191512447531465,0.9757130814163375,0.02805969327385368,27.0,0.8016814604338725,0.20467216290345144,0.8016814604338725,0.15243778812116543,25.1,0.9713921136736843,0.03732469962458476,0.9713921136736843,0.04082062028310768,54.1,0.9781713832575761,0.028253009322821515,0.9781713832575761,0.037032168891392284
94.5,0.978884160704067,0.02708983737184649,0.978884160704067,0.038606531167104496,2699.0,0.943467532726015,0.07259251482496798,0.943467532726015,0.05545368205843558,33.0,0.9692465732538867,0.03903201554842322,0.9692465732538867,0.04103525968789743,0.0,0.9720683579462892,0.03747979704540245,0.9720683579462892,0.053243877215455114,39.5,0.9754154061229551,0.032326703170459097,0.9754154061229551,0.029460333367129835,40.0,0.8023741870326685,0.20431396185427825,0.8023741870326685,0.1548286179312936,38.8,0.9709713813879172,0.03780882960580842,0.9709713813879172,0.04131462267778361,67.1,0.9791868531250745,0.027079561826115508,0.9791868531250745,0.03734053177414281
43.5,0.9780611219042391,0.02792964893672338,0.9780611219042391,0.03891521124254607,2023.0,0.9466041712885053,0.06855697542020416,0.9466041712885053,0.04959019491400452,45.0,0.9676641310992286,0.04127759381016014,0.9676641310992286,0.043626559884474524,3.9,0.9722166739459753,0.0373413481565396,0.9722166739459753,0.054835655648999414,13.87,0.9739876478941348,0.033859097395066186,0.9739876478941348,0.03142661923556924,48.0,0.7976948397533881,0.20682505739262336,0.7976948397533881,0.15891786471998728,31.0,0.9693730366850466,0.0396259037936122,0.9693730366850466,0.04208821663760488,71.8,0.9798624175975184,0.02625643730194842,0.9798624175975184,0.037848439871964595
35.7,0.977150659620278,0.029210692294255564,0.977150659620278,0.0399956997412953,901.0,0.9472797357609489,0.0677920872541871,0.9472797357609489,0.04853391740274407,32.0,0.9696225774666364,0.03862741734872658,0.9696225774666364,0.04165710009762042,-0.8,0.9731899137118014,0.03612229958718579,0.9731899137118014,0.052964102422917304,3.82,0.9725261867335679,0.03556716923556278,0.9725261867335679,0.03248705987783967,14.0,0.7969195338503456,0.20746618309202344,0.7969195338503456,0.15516661164638504,19.2,0.9688954060753864,0.04021176149110068,0.9688954060753864,0.041425985595342746,54.5,0.9793099101174593,0.02700137005109326,0.9793099101174593,0.03939298089745441
42.7,0.9767927048163759,0.029748770582504944,0.9767927048163759,0.04280883857141248,762.0,0.9467056123545385,0.06828512636111182,0.9467056123545385,0.047180313141846196,55.0,0.9703978833696788,0.0376328343922231,0.9703978833696788,0.04083117363695835,-1.6,0.9731899137118014,0.03612229958718579,0.9731899137118014,0.052964102422917304,4.45,0.9727042570835341,0.03538050319714586,0.9727042570835341,0.033312578418471725,11.0,0.8000164389749677,0.2064682283047299,0.8000164389749677,0.15509813717742588,20.8,0.9685852550306117,0.040507794329568934,0.9685852550306117,0.04365619709800346,58.4,0.9804147216624574,0.02530467852612681,0.9804147216624574,0.03529497118392963
100.0,0.9751943601135055,0.031590690250031944,0.9751943601135055,0.04494127388709323,1059.0,0.9478910360361238,0.06731273851404415,0.9478910360361238,0.04753447757629518,98.0,0.9706206817926624,0.03736876674694375,0.9706206817926624,0.04149763208997916,4.7,0.9745211082815295,0.03436605957918914,0.9745211082815295,0.0477644474966071,18.37,0.9729270555065175,0.03511525116285314,0.9729270555065175,0.033318197410197856,23.0,0.8046587475600253,0.20394177671032268,0.8046587475600253,0.1537148359284814,52.5,0.9679864523948788,0.04117375107669207,0.9679864523948788,0.0455144815252783,48.2,0.9813879614282834,0.024062784779597137,0.9813879614282834,0.0322260720721456
21.2,0.9757931627492386,0.03091351553497687,0.9757931627492386,0.043799391776920556,1407.0,0.948799575795331,0.06657831567252544,0.948799575795331,0.04897678605043141,33.0,0.9709183570860446,0.03696085411984817,0.9709183570860446,0.044108852318576516,10.2,0.9736121546010219,0.03533952942339714,0.9736121546010219,0.04809848830761709,3.87,0.9760636940690073,0.03081847856036462,0.9760636940690073,0.02921996605459992,9.0,0.8087255793665158,0.19974806709160942,0.8087255793665158,0.15072576475639843,20.4,0.9699427519016511,0.03883161578294369,0.9699427519016511,0.04313766545059386,62.0,0.9821632673313261,0.02304389225734822,0.9821632673313261,0.03166022746546875
37.3,0.975991096612022,0.030691120403681396,0.975991096612022,0.044131904888420205,821.0,0.9506189917597997,0.06445265547792316,0.9506189917597997,0.04707445814325364,34.0,0.9709183570860446,0.03696085411984817,0.9709183570860446,0.044108852318576516,-3.9,0.9740613360487357,0.03460784780209203,0.9740613360487357,0.04704867283939312,3.7,0.9766162015490664,0.030078275554222694,0.9766162015490664,0.02741750594986327,10.0,0.8065390684231859,0.2020478776396813,0.8065390684231859,0.15254161046358378,19.6,0.9697448180388675,0.039050893818445405,0.9697448180388675,0.04238928401875762,55.3,0.9825031727263805,0.022689091907952968,0.9825031727263805,0.03130600517835586
34.5,0.9771243573189666,0.029145214337147826,0.9771243573189666,0.043169862199000444,811.0,0.9494676816440075,0.06578896227824847,0.9494676816440075,0.047294504297958916,34.0,0.9709183570860446,0.03696085411984817,0.9709183570860446,0.04376143383442234,-7.8,0.9720976235283892,0.03768775363760579,0.9720976235283892,0.04920595917416017,11.256157120272407,0.9766162015490664,0.030078275554222694,0.9766162015490664,0.027041898872005202,7.0,0.8100317768232658,0.19814696786232894,0.8100317768232658,0.14622763587347556,19.6,0.9697448180388675,0.039050893818445405,0.9697448180388675,0.04238928401875762,57.3,0.9813983611813825,0.024392464370032146,0.9813983611813825,0.034471381241969266
92.2,0.9774823121228686,0.028606724916859814,0.9774823121228686,0.04176035559755038,2245.0,0.9501432461164515,0.06501949699394648,0.9501432461164515,0.0475181927647304,61.0,0.9717891540348066,0.03615297725682801,0.9717891540348066,0.04082391334636206,-7.0,0.9718996896656057,0.03790778701340437,0.9718996896656057,0.051064059997717494,30.5,0.9758408956460239,0.031085618504215103,0.9758408956460239,0.027084325027035134,20.0,0.8186349758484114,0.18911865048921123,0.8186349758484114,0.14495280873145452,37.6,0.9684316728779869,0.04060588021371739,0.9684316728779869,0.04358696160567344,67.8,0.9812365261362938,0.0245558767213561,0.9812365261362938,0.036428223431214914
99.2,0.9768835094871355,0.029286551350208575,0.9768835094871355,0.043293326377691815,2669.0,0.9501432461164515,0.06501949699394682,0.9501432461164515,0.048431696143396395,26.0,0.9700802737011369,0.038898975277805226,0.9700802737011369,0.04236147752970774,-0.8,0.9722098407103802,0.03760982317799194,0.9722098407103802,0.05213937574055281,40.38,0.9745097010762958,0.03284884240024491,0.9745097010762958,0.02963896753546752,38.0,0.8186349758484114,0.18911865048921123,0.8186349758484114,0.1454522561308104,39.2,0.9679540422683267,0.041190647427907574,0.9679540422683267,0.04307297354740109,66.3,0.9812365261362938,0.0245558767213561,0.9812365261362938,0.036428223431214914
62.4,0.975710583444992,0.030498391761694846,0.975710583444992,0.04526630348975945,2215.0,0.9512945562322436,0.0636811947453457,0.9512945562322436,0.04743302069636646,68.0,0.9697825984077545,0.03930592139305261,0.9697825984077545,0.04454477958461583,-2.3,0.9722098407103802,0.03760982317799194,0.9722098407103802,0.05213937574055281,20.48,0.9753168373279115,0.031579149859689196,0.9753168373279115,0.029115233883294823,42.0,0.8156129362872689,0.19023833249210093,0.8156129362872689,0.14594321596393697,32.5,0.968927282034153,0.03998113703015549,0.968927282034153,0.04244685942453726,69.8,0.9806377235005609,0.0252409222011653,0.9806377235005609,0.03634083674473109
84.7,0.9743793888752639,0.03226216971711046,0.9743793888752639,0.04748144395608402,2155.0,0.9518686796386543,0.06318258826248761,0.9518686796386543,0.047830975478505816,66.0,0.9695597999847713,0.039569301112504146,0.9695597999847713,0.04468561136108648,-1.6,0.9727623481904393,0.03687653862632218,0.9727623481904393,0.05121483849365883,27.26,0.9759924018003554,0.030762540920282976,0.9759924018003554,0.02713373324218639,51.0,0.8132392251143936,0.19089675155447786,0.8132392251143936,0.1438450687276812,35.7,0.9711958794463352,0.03702685580958543,0.9711958794463352,0.03680020111935758,67.1,0.9794864133847688,0.026670371899896052,0.9794864133847688,0.038482287022462536
30.2,0.9729681838349766,0.03461312223258615,0.9729681838349766,0.050103978724244214,2533.0,0.9523157142257327,0.06278462668804692,0.9523157142257327,0.04843260921404475,19.0,0.9686890030360092,0.04037210578681928,0.9686890030360092,0.045995027345508865,-7.0,0.973522985871261,0.03604430328673212,0.973522985871261,0.050902100552580334,13.19,0.9765449092804144,0.03002236282998557,0.9765449092804144,0.02727630985175334,53.0,0.8106801592476096,0.1916350157109878,0.8106801592476096,0.14185912826270786,30.6,0.9711958794463352,0.03702685580958543,0.9711958794463352,0.03680020111935758,77.3,0.9793245783396802,0.02683307378568809,0.9793245783396802,0.03723850323630396
44.3,0.9723693811992433,0.03528594836699685,0.9723693811992433,0.0523230382379705,2338.0,0.9542741605931406,0.060223298831224396,0.9542741605931406,0.04368032524510426,59.0,0.9680638980989648,0.04097301635100597,0.9680638980989648,0.0480565786433337,7.0,0.9746562465782054,0.03450871391829978,0.9746562465782054,0.048568326909847324,17.63,0.9751852655487396,0.03203382519027082,0.9751852655487396,0.028474189252182192,52.0,0.8106801592476097,0.19163501571098782,0.8106801592476097,0.1398320706721712,32.5,0.9711958794463352,0.03702685580958543,0.9711958794463352,0.03680020111935758,75.7,0.9793245783396802,0.02683307378568737,0.9793245783396802,0.037441058274045404
24.7,0.9736700506087318,0.03386606651756828,0.9736700506087318,0.05042724976048131,2566.0,0.955945260557923,0.05820455900471047,0.955945260557923,0.03994876109224846,49.0,0.9678659642361813,0.04119140097004673,0.9678659642361813,0.04990067235911511,-2.3,0.9768427575215353,0.031146623430558528,0.9768427575215353,0.04528486925999244,7.59,0.9754400977354164,0.03170678673835032,0.9754400977354164,0.028791868121401318,54.0,0.8124605352650516,0.18992660827080418,0.8124605352650516,0.1360505901235233,26.3,0.972509024607216,0.03546228418669064,0.972509024607216,0.03453057737454409,73.7,0.9789666235357782,0.027373266220029883,0.9789666235357782,0.03832495519928285
86.7,0.9742441740151424,0.03333637223812808,0.9742441740151424,0.04961715343807075,2750.0,0.9565873326048008,0.05768088807443088,0.9565873326048008,0.04131209298179881,74.0,0.966892724470355,0.04239828014155913,0.966892724470355,0.04977105478357062,0.0,0.977097589708212,0.03081876939165174,0.977097589708212,0.04331034091526445,36.35,0.9746329614838006,0.03297654086902553,0.9746329614838006,0.031040130246102207,59.0,0.8138882934938719,0.18894032446792475,0.8138882934938719,0.1400512471573294,37.6,0.9733161608588317,0.03419747699173829,0.9733161608588317,0.03354403544093493,67.8,0.9779511536682799,0.028546132225663524,0.9779511536682799,0.03793212815623063
89.4,0.9732287041476441,0.03449708438145672,0.9732287041476441,0.05198284419759112,2015.0,0.9565873326048008,0.05768088807443088,0.9565873326048008,0.04131209298179881,65.0,0.9662171599979111,0.0431987412322159,0.9662171599979111,0.05001166218041412,1.6,0.9788064700418817,0.02803782374999462,0.9788064700418817,0.040314373123925995,26.7,0.9719086112826328,0.036893068484550894,0.9719086112826328,0.03548555342857003,33.67243525896414,0.8136903596310883,0.18908501523821603,0.8136903596310883,0.13830650914175152,35.7,0.9718068959391376,0.03613807061223142,0.9718068959391376,0.03478449524598638,66.3,0.9761317377038113,0.03080682955282541,0.9761317377038113,0.03865290592992935
65.5,0.9718009459188235,0.036022641653788406,0.9718009459188235,0.05410193556065841,2150.0,0.9565873326048008,0.05768088807443088,0.9565873326048008,0.04131209298179881,39.0,0.965235182555979,0.044079089529700584,0.965235182555979,0.05196682008950172,-3.9,0.9794621001391659,0.02708326218250303,0.9794621001391659,0.036724405064668446,20.64,0.9709981489986718,0.03815732089101929,0.9709981489986718,0.03679788045859659,65.0,0.8176301026182466,0.18481270171155476,0.8176301026182466,0.1383646815959409,33.3,0.971031590036095,0.037135378658519555,0.971031590036095,0.03455236586559172,68.6,0.9767873678010955,0.029856837300451224,0.9767873678010955,0.03810650414478802
18.4,0.9723997485545568,0.035350687943140766,0.9723997485545568,0.05408166348984087,2155.0,0.9565873326048008,0.05768088807443088,0.9565873326048008,0.04131209298179881,18.0,0.966208422321805,0.04287611834886011,0.966208422321805,0.05246175357074251,3.1,0.980435339904992,0.0258443900263164,0.980435339904992,0.035994361626865146,5.86,0.970820078648706,0.03834312747923107,0.970820078648706,0.03827842695942835,64.0,0.8207468068055771,0.18103342722061078,0.8207468068055771,0.13001840319761912,23.9,0.9702793962797187,0.037846735644477686,0.9702793962797187,0.034857373920196756,63.9,0.9774629322735394,0.029037740903000177,0.9774629322735394,0.03824973343116892
43.5,0.9726545807412332,0.035025500517454455,0.9726545807412332,0.05230625549411483,2137.0,0.9581336940260065,0.056121783167121665,0.9581336940260065,0.04120974883441003,32.0,0.9652582947026449,0.04379640021846277,0.9652582947026449,0.05401910436046722,2.3,0.9797597754325481,0.02666830125000359,0.9797597754325481,0.03587392841783544,10.76,0.9690397026312642,0.04081243427188946,0.9690397026312642,0.04409700572619293,62.0,0.8260302228735289,0.17742745596429824,0.8260302228735289,0.12559475867538866,29.4,0.9688179351191518,0.03954190041088239,0.9688179351191518,0.03823161730716605,72.2,0.9779405628831995,0.02844089621180918,0.9779405628831995,0.03954731734436542
18.8,0.9732070882212924,0.034290393167727126,0.9732070882212924,0.052063123712115356,2020.0,0.9579718589809181,0.056275768760246994,0.9579718589809181,0.041536026374193624,19.0,0.9660622017946112,0.043099691411820226,0.9660622017946112,0.05316439099414721,0.0,0.97842858086282,0.02844495768025424,0.97842858086282,0.038632458850534866,5.73,0.9681292403473031,0.04206906444542077,0.9681292403473031,0.047254404971640476,55.0,0.8256903174784744,0.17765932028503006,0.8256903174784744,0.12913692539219174,23.5,0.969295565728812,0.03895576245984634,0.969295565728812,0.038744606771983145,76.5,0.9772849327859153,0.029393007359282092,0.9772849327859153,0.041587967038547155
18.4,0.9732070882212924,0.034290393167727126,0.9732070882212924,0.04936840085231629,1469.0,0.9576866594389282,0.05652564491984533,0.9576866594389282,0.04060811509887109,32.0,0.9668143955509877,0.04239576940382748,0.9668143955509877,0.051359107954313706,4.7,0.9797597754325481,0.02666830125000359,0.9797597754325481,0.036321519236336725,3.92,0.9694604349170312,0.04033063634058926,0.9694604349170312,0.04323979316868214,21.0,0.8250041622209502,0.17813193365200286,0.8250041622209502,0.1323102615145712,20.8,0.9699817209863363,0.03825409303738726,0.9699817209863363,0.03562235023605162,62.0,0.9787941977056094,0.02743044447250251,0.9787941977056094,0.039177702679569625
60.8,0.9748781881860752,0.03218300135669342,0.9748781881860752,0.047160233429454475,1055.0,0.9569344656825517,0.057211191972462855,0.9569344656825517,0.04034132377250556,99.0,0.9652319533963295,0.04462987737344671,0.9652319533963295,0.05273407769995383,0.0,0.981119419164223,0.024639552773206355,0.981119419164223,0.03482715570820094,11.18,0.9692056027303544,0.04065330070336824,0.9692056027303544,0.04474274852441705,28.0,0.8248672786786464,0.17820971263167046,0.8248672786786464,0.13088791781613301,31.0,0.9703577251990856,0.03784886356919581,0.9703577251990856,0.03615235823606459,58.0,0.9779405628831995,0.02844089621180918,0.9779405628831995,0.03859464697493479
100.0,0.9752904765473972,0.03181277838911491,0.9752904765473972,0.04705612716512239,1538.0,0.9572743710776062,0.05687805355990084,0.9572743710776062,0.03919332255316486,96.0,0.9639312839868412,0.04602214514679994,0.9639312839868412,0.053844404174843805,6.2,0.9815401514499901,0.024144377162572065,0.9815401514499901,0.03260765902240536,27.15,0.9698307076673989,0.04005141334621376,0.9698307076673989,0.04371216552264903,42.0,0.8241811234211224,0.17868110208068788,0.8241811234211224,0.13419706230157336,58.8,0.9712666788795934,0.03688121601904736,0.9712666788795934,0.03442808359571359,54.1,0.9773154579461553,0.02905567147301289,0.9773154579461553,0.03664106262347902
76.1,0.9754685468973632,0.03162485942272467,0.9754685468973632,0.046157977354751994,2234.0,0.9562589012101078,0.05799233213955405,0.9562589012101078,0.04073554208737856,66.0,0.9650645446937857,0.04451422872168306,0.9650645446937857,0.05177017823643358,-1.6,0.9823937862723997,0.02312629043381172,0.9823937862723997,0.03066419923247833,8.89,0.9720993050795811,0.037094374104930036,0.9720993050795811,0.039901235996479,33.67243525896414,0.8230081973789787,0.17947865702685586,0.8230081973789787,0.1327534734372185,26.7,0.9720419847826358,0.035883449482362655,0.9720419847826358,0.03222075869045034,62.4,0.977017782652773,0.02946882919948783,0.977017782652773,0.03854463031068927
99.6,0.974916039417304,0.03236327608264603,0.974916039417304,0.046041261129412064,1665.0,0.9559487501653331,0.05827839788284441,0.9559487501653331,0.04074117881947849,81.0,0.9638916186516423,0.045692025785329785,0.9638916186516423,0.05467623974889294,-0.8,0.9840648862371824,0.020978943610959186,0.9840648862371824,0.0262626639904802,24.01,0.9742858160229111,0.033747306189338334,0.9742858160229111,0.03484437584863131,55.0,0.8248276133434475,0.17792027175039832,0.8248276133434475,0.12781620080109435,35.7,0.9741253731087406,0.03341238461229615,0.9741253731087406,0.030602894231701632,62.0,0.9780636198755844,0.028362983913710674,0.9780636198755844,0.037614068435664096
100.0,0.9742909344802598,0.03297352113804489,0.9742909344802598,0.04832647008653327,1892.0,0.9565012576453923,0.05757003784837914,0.9565012576453923,0.04127426848676957,45.0,0.9662970996061283,0.04264779952864728,0.9662970996061283,0.05308703900270972,-7.8,0.983587255627522,0.021583323101617917,0.983587255627522,0.02636940396650074,28.56,0.9742858160229111,0.033747306189338334,0.9742858160229111,0.03484437584863131,33.67243525896414,0.8312318116072787,0.1691171301450202,0.8312318116072787,0.1265163840448547,36.9,0.9752586338156851,0.03187273241732648,0.9752586338156851,0.0284102558233787,62.7,0.9777534688308098,0.028665818708306805,0.9777534688308098,0.03695303150084063
48.04087253229344,0.9745137329032432,0.03270725968673396,0.9745137329032432,0.049178282288346566,1945.0,0.9560805253596251,0.05803733835767075,0.9560805253596251,0.041763168329683215,24.0,0.9684990911246186,0.04011231354276435,0.9684990911246186,0.050486506468241064,0.0,0.9840648862371824,0.02097894361095883,0.9840648862371824,0.02485214398144417,5.19,0.9758682581775692,0.03147323593460966,0.9758682581775692,0.03163836909724638,59.0,0.8326932727678453,0.16790848952511706,0.8326932727678453,0.12320071635417092,23.1,0.9761690960996461,0.030596757820599136,0.9761690960996461,0.02653697921499357,76.5,0.9785141065116314,0.027822634100922977,0.9785141065116314,0.03552593568874214
61.2,0.9749607674903216,0.03228446007819973,0.9749607674903216,0.04902150461427645,893.0,0.9563906764043996,0.05775114978272365,0.9563906764043996,0.042030936637881995,96.0,0.9684990911246186,0.04011231354276435,0.9684990911246186,0.050486506468241064,4.7,0.983724980842128,0.021334923759565826,0.983724980842128,0.024056172174106855,5.73,0.9765544134350935,0.030761178201251616,0.9765544134350935,0.0307761270460651,28.0,0.8379396501415746,0.16413710699496137,0.8379396501415746,0.11999456046120163,22.7,0.9765090014947004,0.030246849637704562,0.9765090014947004,0.0256800708006983,63.1,0.9780933742258643,0.028314636984433213,0.9780933742258643,0.03571565706895911
48.04087253229344,0.9758144023127312,0.03128060122867562,0.9758144023127312,0.0482189852915654,1454.0,0.955257415697455,0.05922886798989344,0.955257415697455,0.044288051448462575,63.0,0.9684990911246186,0.04011231354276435,0.9684990911246186,0.049912310072331684,7.8,0.9848762909579201,0.01989278065904609,0.9848762909579201,0.021834654684437526,24.98,0.9778856080048215,0.02899122597884682,0.9778856080048215,0.029851378913533646,34.0,0.8465428491667201,0.1543099914951763,0.8465428491667201,0.08487583176954125,57.6,0.9765090014947005,0.030246849637704562,0.9765090014947005,0.026727495881244796,53.3,0.978348206412541,0.027985604681148572,0.978348206412541,0.03513839469305343
86.3,0.977127547473612,0.029700391936990422,0.977127547473612,0.04472175150710345,1690.0,0.9541061055816631,0.06057875930563606,0.9541061055816631,0.045549226805734776,86.0,0.9682442589379417,0.04043469426546822,0.9682442589379417,0.05116363191383486,0.0,0.9841009850548774,0.020917070872983917,0.9841009850548774,0.02342271195680426,21.88,0.9777372920051356,0.029131814986826866,0.9777372920051356,0.029869325811685374,38.0,0.8488400841496364,0.15348692063820218,0.8488400841496364,0.08626317212668896,34.5,0.9754935316272022,0.031413637145015334,0.9754935316272022,0.02905577299760628,64.7,0.979499516528333,0.026559434726437913,0.979499516528333,0.034816777509189725
100.0,0.9772758634732981,0.029559982407047686,0.9772758634732981,0.045042851514438084,1931.0,0.9525597441604572,0.06212331247090064,0.9525597441604572,0.04679562295561438,89.0,0.9677666283282814,0.0410194249491295,0.9677666283282814,0.054843324481675206,-6.2,0.9841009850548774,0.020917070872983917,0.9841009850548774,0.023612955807492755,31.64,0.9773165597193684,0.029622844753061605,0.9773165597193684,0.030057842913862955,44.0,0.8488400841496364,0.15348692063820218,0.8488400841496364,0.08626317212668896,39.2,0.9754935316272022,0.03141363714501462,0.9754935316272022,0.029262650884111445,60.4,0.979499516528333,0.026559434726437913,0.979499516528333,0.035278872012133665
28.2,0.9767982328636376,0.030155855396480656,0.9767982328636376,0.04617805395158938,2194.0,0.950902202246081,0.06374266684895812,0.950902202246081,0.04856545510852805,20.0,0.9674689530348992,0.041424690955801424,0.9674689530348992,0.05262958056484586,0.0,0.9831920313743696,0.02191316862665619,0.9831920313743696,0.02507740890928707,7.69,0.9779153623551015,0.028942907278431674,0.9779153623551015,0.028338282843563736,25.0,0.8497902117687965,0.1528114094105135,0.8497902117687965,0.08682106328295665,26.3,0.9759142639129693,0.030924342904557492,0.9759142639129693,0.029714802069097043,70.6,0.9790524819412545,0.026986953888868907,0.9790524819412545,0.03494045869203413
47.5,0.9757827629961395,0.03132310208945688,0.9757827629961395,0.04784811071047973,889.0,0.9498867323785827,0.06484138316427553,0.9498867323785827,0.050215280798905554,86.0,0.9688285967665738,0.03944302915339699,0.9688285967665738,0.050832073896577505,3.9,0.9825058761168456,0.022636537425846703,0.9825058761168456,0.024739778858637037,5.13,0.9788886021209275,0.027707925344331665,0.9788886021209275,0.026185461790327526,26.0,0.849014905865754,0.15356918959957463,0.849014905865754,0.0876041962198283,21.6,0.9765393688500138,0.030311698749727927,0.9765393688500138,0.028947725083616,63.5,0.978198847118845,0.02799807180730919,0.978198847118845,0.03801730751161331
20.8,0.9748723007121786,0.03259787090456842,0.9748723007121786,0.048726398737313555,2037.0,0.9535412758237511,0.05930614634083101,0.9535412758237511,0.04507218003364801,26.0,0.96897691276626,0.03930538035040336,0.96897691276626,0.051412703377117355,0.0,0.9825058761168456,0.022636537425846703,0.9825058761168456,0.024739778858637037,6.23,0.978665803697944,0.027976587254818643,0.978665803697944,0.02622256266821603,43.0,0.8477142364562658,0.15461122239009314,0.8477142364562658,0.0881489332316362,24.3,0.9758532135924896,0.03102406066144999,0.9758532135924896,0.029897481285813942,75.7,0.9761154587927401,0.03049162056750856,0.9761154587927401,0.041383467710255604
44.3,0.9742166706148943,0.033544077263192355,0.9742166706148943,0.052612795598575984,2183.0,0.9514209944112548,0.06201902204438684,0.9514209944112548,0.04989712103759185,39.0,0.9699270403854201,0.038376821604438664,0.9699270403854201,0.049626816741785686,5.5,0.9827038099796294,0.02241085925994993,0.9827038099796294,0.025563076725506867,16.65,0.9795194385203538,0.026964945035592033,0.9795194385203538,0.025130316413689277,51.0,0.8455538850156532,0.1553441874526149,0.8455538850156532,0.09069189815700063,32.2,0.9760150486375782,0.030862661922027693,0.9760150486375782,0.029731173062513074,72.5,0.9745330166380819,0.032767885043014144,0.9745330166380819,0.04358692200179309
18.8,0.9730834099079498,0.035080059160083825,0.9730834099079498,0.05710429236767542,2388.0,0.9490031897323535,0.064607369188311,0.9490031897323535,0.05133870888656681,36.0,0.9684655792248534,0.040070529683162714,0.9684655792248534,0.051403398815676474,6.2,0.9811054652767587,0.024276466468264715,0.9811054652767587,0.02739148705313655,6.74,0.9782187691108656,0.028403074388431728,0.9782187691108656,0.02624774679339607,47.0,0.8445080477928417,0.1561341255599159,0.8445080477928417,0.08864089338292738,25.5,0.97547720937974,0.03143438131627638,0.97547720937974,0.02941680404784481,63.5,0.975506256403908,0.031541189734563026,0.975506256403908,0.0413247598978562
35.3,0.9725309024278906,0.03581461972244842,0.9725309024278906,0.057554863853137204,851.0,0.9478394038651693,0.06583296459915167,0.9478394038651693,0.05318529667939795,38.0,0.9671343846551254,0.04180741509909849,0.9671343846551254,0.05226121320064513,3.1,0.9806847329909916,0.024771356875559897,0.9806847329909916,0.0272064826158656,4.15,0.9775326138533413,0.029118074234173237,0.9775326138533413,0.027588349174010186,14.0,0.8454170014733493,0.15542904774378488,0.8454170014733493,0.08855200485356068,20.4,0.9761633646372643,0.030722599119643333,0.9761633646372643,0.03043378640130716,52.9,0.9739079117010377,0.033377614346725495,0.9739079117010377,0.0427060794760568
42.4,0.971723766176275,0.03707701772324696,0.971723766176275,0.05864750831216528,776.0,0.9469857690427594,0.0667753082134529,0.9469857690427594,0.053372123845084406,55.0,0.9642404788907785,0.04667906812973734,0.9642404788907785,0.05792069159518074,-3.9,0.9783002881848782,0.02838497257666978,0.9783002881848782,0.031233598778753882,4.68,0.9768570493808975,0.029937176408518302,0.9768570493808975,0.02825123850643333,33.67243525896414,0.8391496867518222,0.16444919395141241,0.8391496867518222,0.12330512371255836,21.6,0.9751175274144527,0.03182364752712379,0.9751175274144527,0.031791957784426804,54.5,0.9721275356835959,0.03586431389059347,0.9721275356835959,0.047831198299700436
63.5,0.9701413240216168,0.03933185388633186,0.9701413240216168,0.06366567913086332,1642.0,0.94442325388668,0.07032880343350495,0.94442325388668,0.056128825689243524,23.0,0.9642404788907785,0.046679068129738044,0.9642404788907785,0.05546584575614978,-4.7,0.9779423333809762,0.02892401144695446,0.9779423333809762,0.03139136358048485,16.41,0.9754974056492227,0.03194942790675379,0.9754974056492227,0.029449871476426432,17.0,0.8416141420284948,0.15996038944774832,0.8416141420284948,0.09422274724553678,32.2,0.9749556923693641,0.03198472891687624,0.9749556923693641,0.03232219708837388,67.5,0.9697430908774822,0.03941805535759846,0.9697430908774822,0.05299464735909948
85.9,0.9683609480041749,0.04179751814387558,0.9683609480041749,0.06842974376959868,1901.0,0.9415505876858261,0.07413799508344507,0.9415505876858261,0.05765199333232042,24.0,0.9638825240868765,0.0472032652051812,0.9638825240868765,0.05679000297979384,-8.6,0.9779423333809762,0.02892401144695446,0.9779423333809762,0.029757147601303255,24.22,0.9739149634945645,0.03422182125591499,0.9739149634945645,0.03081292918311503,42.0,0.8432124867313654,0.15862945052504596,0.8432124867313654,0.09144929774569743,34.9,0.973982452603538,0.03321025289525481,0.973982452603538,0.032428000366906955,65.5,0.9671805757214027,0.04313806255928276,0.9671805757214027,0.0593015511262591
28.6,0.9670297534344466,0.04353182967063634,0.9670297534344466,0.07004576567904622,2043.0,0.9385847879867991,0.077411781063277,0.9385847879867991,0.060033663371347815,35.0,0.9621021480694345,0.04963751874526381,0.9621021480694345,0.060136664828643556,0.0,0.9784948408610352,0.02818124718527422,0.9784948408610352,0.026775260713920862,6.19,0.9748254257785257,0.032949881053229435,0.9748254257785257,0.03068309832302915,35.0,0.8483823879151359,0.1547358743435487,0.8483823879151359,0.08636362388879848,23.5,0.9745349600835972,0.03247305854340903,0.9745349600835972,0.03189282351326364,74.1,0.9639253339665275,0.04744695553284534,0.9639253339665275,0.06559316330055251
74.9,0.9654473112797887,0.04576460799673991,0.9654473112797887,0.07316763481897283,1794.0,0.9382871126934167,0.07779250818652307,0.9382871126934167,0.05988019930018619,54.0,0.963265933936619,0.04837150003769622,0.963265933936619,0.057215198909433856,3.9,0.9777426471046586,0.028905399770359663,0.9777426471046586,0.027124080506408944,19.86,0.9756325620301413,0.031679843533079406,0.9756325620301413,0.0283745757734489,42.0,0.8518039004308565,0.15295358350847388,0.8518039004308565,0.08551530970269203,33.3,0.9737278238319814,0.033740950078463935,0.9737278238319814,0.03338427527238348,67.8,0.9606106959164132,0.052756699495982204,0.9606106959164132,0.07248386723367824
56.5,0.9634835987594421,0.0487932884187867,0.9634835987594421,0.0813837044959664,2307.0,0.9410114628945847,0.07413711344032191,0.9410114628945847,0.0582852887775773,18.0,0.9634638677994026,0.04815570877280216,0.9634638677994026,0.05590925269249899,-7.0,0.9770670826322148,0.029724833654596237,0.9770670826322148,0.027973250789622255,20.1,0.9742213569898538,0.03403478655809609,0.9742213569898538,0.03128948824333562,47.0,0.8551850065425752,0.15115783558320317,0.8551850065425752,0.08610168814075986,33.3,0.9723166187916941,0.036088122512857264,0.9723166187916941,0.0355327088050669,71.4,0.9579716223387432,0.057246624465219005,0.9579716223387432,0.08027676943470334
18.4,0.9634835987594422,0.048793288418786704,0.9634835987594422,0.081840616840545,2200.0,0.943528081145898,0.07153413688847472,0.943528081145898,0.055212880463875576,20.0,0.9623590562544047,0.04979583358423555,0.9623590562544047,0.059197914309823255,0.0,0.9770670826322148,0.029724833654596237,0.9770670826322148,0.027218112238664195,6.08,0.9755525515595821,0.032273730700661425,0.9755525515595821,0.027281538352505953,27.0,0.8558101114796196,0.15071406338414778,0.8558101114796196,0.08727976395872046,24.3,0.9727942494013543,0.035498031781296374,0.9727942494013543,0.03425209565820188,63.9,0.9553325487610731,0.06171101267822054,0.9553325487610731,0.08742858579641231
100.0,0.964290735011058,0.04755192597128476,0.964290735011058,0.08124790796126466,1993.0,0.9446918670130825,0.07032187798465656,0.9446918670130825,0.05219631851328125,38.0,0.9615054214319948,0.050768654584879225,0.9615054214319948,0.06018485820167628,3.9,0.9777426471046586,0.028905399770359663,0.9777426471046586,0.027319750476460885,35.32,0.9761050590396413,0.03153475756051288,0.9761050590396413,0.02862556479852605,47.0,0.8577738239999659,0.14828062969013617,0.8577738239999659,0.08873965630266031,42.0,0.9749145308138506,0.03266040882767391,0.9749145308138506,0.0326185999585554,60.0,0.9553325487610731,0.06171101267822054,0.9553325487610731,0.08742858579641231
18.8,0.9664772459543877,0.04425674030933282,0.9664772459543877,0.07677439532547772,2174.0,0.9451694976227427,0.06976687443900058,0.9451694976227427,0.05080833710394725,18.0,0.9630146863516889,0.04887276079632775,0.9630146863516889,0.05740132005675396,0.0,0.9767694073388326,0.030137677981180444,0.9767694073388326,0.027925253308690168,6.07,0.9763278574626246,0.03126764399304547,0.9763278574626246,0.028147134909844773,28.0,0.8614283674451344,0.14368648228059647,0.8614283674451344,0.08299109812196917,24.3,0.9779240805570085,0.028455449924682113,0.9779240805570085,0.027462159176869186,65.5,0.9566332181705612,0.06035362016054261,0.9566332181705612,0.08753379979106139
20.0,0.9664772459543877,0.044256740309331764,0.9664772459543877,0.07579089320001711,983.0,0.9471279439901503,0.06724113821045731,0.9471279439901503,0.047292995112826974,34.0,0.9651349677641854,0.04609461174784001,0.9651349677641854,0.05411546646632191,10.2,0.9760938428663885,0.03095540356540695,0.9760938428663885,0.029307189320356572,2.35,0.9756722273653404,0.032216222780138734,0.9756722273653404,0.02723033140726274,33.67243525896414,0.865231226889989,0.13894353044627775,0.865231226889989,0.07649130333942014,20.8,0.976790819850064,0.030003477369667336,0.976790819850064,0.028104647661298682,59.2,0.9563783859838847,0.06066639786690929,0.9563783859838847,0.08611510669941047
39.6,0.9671528104268315,0.04345678718667154,0.9671528104268315,0.07490785657281167,809.0,0.9478746487042692,0.0666577300406145,0.9478746487042692,0.047464317216751414,38.0,0.9659580065640132,0.04528200556264419,0.9659580065640132,0.05178089775260388,-4.7,0.9770027965468963,0.02997520424356996,0.9770027965468963,0.027824758723089524,4.31,0.9752962231525909,0.03262600343537806,0.9752962231525909,0.0281198769910246,7.0,0.868103893090843,0.1356955542613837,0.868103893090843,0.07202063395343464,20.4,0.9751197198852812,0.03211895599476481,0.9751197198852812,0.02994597852803883,54.1,0.9557795833481518,0.061310699471041445,0.9557795833481518,0.08645557880316565
19.6,0.9670044944271454,0.04359351751968868,0.9670044944271454,0.07374771024415518,2009.0,0.9477128136591804,0.06680806361851509,0.9477128136591804,0.048172544172513834,32.0,0.9665105140440724,0.0445580977739617,0.9665105140440724,0.04836792026923541,0.0,0.9781757225890398,0.028761035726333383,0.9781757225890398,0.02701785731735688,5.84,0.9759717876250348,0.0318101377986452,0.9759717876250348,0.028560538960807662,37.0,0.8725484644922085,0.13241536418881275,0.8725484644922085,0.07338017948516168,23.9,0.976432865046162,0.030541059027714423,0.976432865046162,0.029019996562668186,63.9,0.955524751161475,0.061622914113469165,0.955524751161475,0.08751312592615522
35.3,0.9676906496846697,0.042896926693717696,0.9676906496846697,0.0726826402052176,1920.0,0.9480104889525626,0.06641956955079698,0.9480104889525626,0.04780312556492125,36.0,0.9665105140440722,0.04455809777396133,0.9665105140440722,0.05041002593710152,3.9,0.9805601673951534,0.0251488133292243,0.9805601673951534,0.02382052220428738,10.12,0.9746405930553066,0.0335726216849463,0.9746405930553066,0.027882236218872966,38.0,0.8755910612879717,0.13074639914593436,0.8755910612879717,0.07421092834755955,29.0,0.9774483349136602,0.029372178774685915,0.9774483349136602,0.027368838391421662,73.3,0.9552699189747984,0.061934953505530584,0.9552699189747984,0.08504787467371558
17.6,0.9682284889425078,0.04233641700014879,0.9682284889425078,0.07178834498343734,1467.0,0.9480104889525626,0.06641956955079663,0.9480104889525626,0.0478488380480384,32.0,0.9665105140440722,0.04455809777396133,0.9665105140440722,0.05063583478814872,7.0,0.9810377980048135,0.02454809431934475,0.9810377980048135,0.024361444699909994,3.48,0.9751931005353658,0.032835109454502354,0.9751931005353658,0.02605484377666924,21.0,0.8755910612879717,0.13074639914593436,0.8755910612879717,0.07421092834755955,20.8,0.9774483349136602,0.029372178774685915,0.9774483349136602,0.028035296844442475,62.7,0.9559454834472421,0.06115749360804307,0.9559454834472421,0.08489057272600625
69.0,0.9680305550797239,0.042554562886953945,0.9680305550797239,0.07098659975163457,1212.0,0.9453593159863589,0.06952953887079251,0.9453593159863589,0.04992308672988156,85.0,0.9672627078004487,0.04385495324546316,0.9672627078004487,0.04873910223879114,3.9,0.981377703399868,0.02419423985151252,0.981377703399868,0.022940528447254263,11.25,0.9751931005353658,0.032835109454502354,0.9751931005353658,0.02768944587688881,28.0,0.8749154968155278,0.131397168088194,0.8749154968155278,0.07479939933945728,29.8,0.979119434878443,0.027246698570271788,0.979119434878443,0.02756061110386012,62.4,0.9549300135797438,0.062265510072299246,0.9549300135797438,0.08392701823639512
54.5,0.9702170660230538,0.03923450494962905,0.9702170660230538,0.06331610177434824,1503.0,0.945210999986673,0.06965879335709758,0.945210999986673,0.05048119466462313,35.0,0.968593902370177,0.042120640353326945,0.968593902370177,0.04451327834597733,-11.7,0.981930210879927,0.023446090442575247,0.981930210879927,0.022565705384057874,11.24,0.9743394657129559,0.03383693297691577,0.9743394657129559,0.029610969534468685,31.0,0.8746053457707531,0.13162952127331132,0.8746053457707531,0.07636974752104961,28.6,0.9813880322906254,0.0242299516168992,0.9813880322906254,0.024210064172938472,67.1,0.9551279474425273,0.06205463849396212,0.9551279474425273,0.08236442632635836
42.0,0.9726225469775401,0.03615285083833159,0.9726225469775401,0.05641754503990411,786.0,0.9484662417415484,0.06551604361142825,0.9484662417415484,0.048177337340092725,36.0,0.9677402675477672,0.04310710456859225,0.9677402675477672,0.04612212461057349,-4.7,0.981930210879927,0.023446090442575247,0.981930210879927,0.02372093079122993,4.66,0.9743394657129559,0.03383693297691577,0.9743394657129559,0.02877119254860144,0.0,0.8747671808158417,0.1315046105324747,0.8747671808158417,0.07644008478914996,21.2,0.9808355248105662,0.024977231818672556,0.9808355248105662,0.02497098760857166,56.5,0.954650316832867,0.06262008849183194,0.954650316832867,0.08459295492973369
47.5,0.9730432792633072,0.035667125941063825,0.9730432792633072,0.055454992738105925,814.0,0.9476909358385058,0.06646396242333442,0.9476909358385058,0.04836064963228622,42.0,0.9675423336849833,0.04332497407302018,0.9675423336849833,0.04830639540420495,-1.6,0.9835126530345855,0.021136749273161663,0.9835126530345855,0.02287957917356758,5.28,0.9739995603179015,0.03418476421962251,0.9739995603179015,0.030944647162568603,0.0,0.8750220130025184,0.13124203948657606,0.8750220130025184,0.07652190525730901,22.7,0.9803473034158257,0.02547215159185152,0.9803473034158257,0.027451347688227764,53.7,0.9483830021113401,0.07370552485995688,0.9483830021113401,0.11025677408382338
59.6,0.9727580797213173,0.03592749805018028,0.9727580797213173,0.05625464528872799,765.0,0.9499595332506883,0.06364181960325319,0.9499595332506883,0.04478964153644739,55.0,0.9672446583916011,0.043729430946063165,0.9672446583916011,0.04884765365462753,5.5,0.9835126530345855,0.02113674927316094,0.9835126530345855,0.023916360572701464,6.18,0.9753002297273896,0.0327608765830268,0.9753002297273896,0.030722145671574747,33.67243525896414,0.8780212462616453,0.12957050267523168,0.8780212462616453,0.07543847845290791,24.7,0.9814986135316177,0.02403998476858516,0.9814986135316177,0.026123198265073456,56.1,0.9483830021113401,0.07370552485995757,0.9483830021113401,0.11117359702262777
50.6,0.9725800093713516,0.036114075004775134,0.9725800093713516,0.05687503515160893,837.0,0.9527218867100624,0.06041775301294556,0.9527218867100624,0.04553212405512398,50.0,0.966229188524103,0.044870382591886915,0.966229188524103,0.049814259541468356,-0.8,0.9826590182121757,0.02215776910812156,0.9826590182121757,0.023389407201297875,5.74,0.9742543925045782,0.03385870642871101,0.9742543925045782,0.03188954424363444,0.0,0.8799301944497242,0.12876545943466897,0.8799301944497242,0.07304730720118306,23.9,0.9808998108958848,0.02472553608225049,0.9808998108958848,0.026527818374729808,47.1,0.9492366369337497,0.07276785255510736,0.9492366369337497,0.10928717523331943
65.9,0.9737313194871435,0.03470631514807114,0.9737313194871435,0.052513035820930656,1639.0,0.9522336653153217,0.0608795949932858,0.9522336653153217,0.046715534657787786,22.0,0.9660808725244169,0.04500675260642466,0.9660808725244169,0.051009014436779715,-7.0,0.9815542066671777,0.023862017533190682,0.9815542066671777,0.025271005358815515,18.37,0.9748531951403113,0.03318361541007375,0.9748531951403113,0.03132280357669403,33.67243525896414,0.8828393920772155,0.12709097917848056,0.8828393920772155,0.07225445285588078,34.1,0.9806449787092081,0.025056311675375937,0.9806449787092081,0.027683334513601898,65.9,0.9489389616403675,0.07315491239216444,0.9489389616403675,0.11095409608233811
85.1,0.9735532491371779,0.034893315283763965,0.9735532491371779,0.054097536769888176,1403.0,0.9515581008428778,0.06165389472349491,0.9515581008428778,0.04839184345109401,21.0,0.9679002884888855,0.04279721972198071,0.9679002884888855,0.04884638172181267,-9.4,0.9824078414895874,0.0228436700758581,0.9824078414895874,0.02416374275103751,17.0,0.9751633461850857,0.032883169978445405,0.9751633461850857,0.030458162604566193,17.0,0.8858489418203734,0.12362384905450763,0.8858489418203734,0.07089945232209616,32.5,0.9791357137895138,0.027026405106909027,0.9791357137895138,0.03146511925569415,63.1,0.9479657218745412,0.0743037478175108,0.9479657218745412,0.11241795311563012
44.7,0.9737313194871435,0.034706315148070425,0.9737313194871435,0.05323543892417167,1434.0,0.9532835343650805,0.05980780179885936,0.9532835343650805,0.048398852922586444,75.0,0.9689461257116969,0.04171667592729677,0.9689461257116969,0.04956505624010579,-2.3,0.981392371622089,0.02402554457420916,0.981392371622089,0.025411038023541367,11.51,0.9759239838659074,0.03204562511651453,0.9759239838659074,0.029379670349183273,30.0,0.8858489418203734,0.12362384905450763,0.8858489418203734,0.07089945232209616,31.0,0.9775532716348558,0.029315630166838046,0.9775532716348558,0.03551537902215775,70.2,0.9469837444326089,0.07513355333068365,0.9469837444326089,0.11372203490182556
94.5,0.9733105872013764,0.035192820607096977,0.9733105872013764,0.053100378832351004,2896.0,0.9545842037745688,0.058451080474218126,0.9545842037745688,0.0475516135528445,69.0,0.9689461257116969,0.04171667592729677,0.9689461257116969,0.049369386270053855,3.1,0.980980083260767,0.024401524068892316,0.980980083260767,0.025253464236698928,32.09,0.9748191723209094,0.03372664308869692,0.9748191723209094,0.029981684291156666,40.0,0.8860468756831571,0.12344387888648997,0.8860468756831571,0.07097605455825609,28.2,0.9754329902223595,0.03216858940670905,0.9754329902223595,0.03646842040776566,67.5,0.946308179960165,0.07589293480143941,0.946308179960165,0.11588385954363377
82.0,0.9748930293560346,0.03292348279743699,0.9748930293560346,0.050679220612840754,2081.0,0.9548943548193435,0.05816553305149041,0.9548943548193435,0.048028505404770445,65.0,0.970097435827489,0.0403211466430935,0.970097435827489,0.048527034596925075,-1.6,0.9815542066671775,0.02386201753319068,0.9815542066671775,0.024091055444855302,25.54,0.9740585346400881,0.0345618707751858,0.9740585346400881,0.03028575854299327,48.0,0.8833604764786491,0.12492285935540896,0.8833604764786491,0.07189915869465922,35.3,0.9756557886453429,0.03190181439803086,0.9756557886453429,0.03652843345057526,67.1,0.9455010437085495,0.07708545616273015,0.9455010437085495,0.11830931172498473
54.9,0.9758034916399956,0.03164898970042864,0.9758034916399956,0.04666814861473377,2332.0,0.9559098246868418,0.05705320279429537,0.9559098246868418,0.048762578758710345,54.0,0.9710706755933153,0.03910790521046554,0.9710706755933153,0.04894599253522178,-3.1,0.9818090388538545,0.02353061320261624,0.9818090388538545,0.02518757914033424,18.46,0.9740585346400881,0.0345618707751858,0.9740585346400881,0.030680875521184717,49.0,0.8804056910677586,0.12661615965392997,0.8804056910677586,0.07300914044584865,32.5,0.9756557886453429,0.03190181439803086,0.9756557886453429,0.03718376907612971,65.9,0.9458579162134372,0.07682143582960435,0.9458579162134372,0.11943983474040341
28.2,0.9771346862097237,0.029881672254673315,0.9771346862097237,0.04559521515949234,2409.0,0.9547585145710498,0.0584067350848697,0.9547585145710498,0.05273929505326496,19.0,0.9693617952596456,0.04184657526480344,0.9693617952596456,0.05345356765825711,0.0,0.9807935689863562,0.024711027269839547,0.9807935689863562,0.02778596788516125,7.67,0.9738037024534111,0.0348876754775971,0.9738037024534111,0.030669536921519063,33.67243525896414,0.8802438560226703,0.12674308693159292,0.8802438560226703,0.0738195942824511,24.7,0.9761440100400834,0.031412601015591846,0.9761440100400834,0.03628251551312407,77.3,0.9466332221164798,0.0758840493072321,0.9466332221164798,0.11757135421250231
31.4,0.9760014255027792,0.03142674126779252,0.9760014255027792,0.046260193178948736,2220.0,0.9545036823843731,0.0587193562359306,0.9545036823843731,0.05387426327783271,67.0,0.9682285345527012,0.043364797509718396,0.9682285345527012,0.056512842395848036,3.1,0.9802194455799453,0.02524959685195085,0.9802194455799453,0.028617936578549653,11.19,0.9730430647725895,0.03572107066774411,0.9730430647725895,0.03269091643498494,48.0,0.8811740492666708,0.12516580166791358,0.8811740492666708,0.07466020376425583,29.8,0.974980224172899,0.03271733794725375,0.974980224172899,0.03928585145619193,76.1,0.9469433731612543,0.07560690881991444,0.9469433731612543,0.11759336432812567
23.9,0.9760014255027792,0.03142674126779252,0.9760014255027792,0.046828356507633194,2419.0,0.9561747823491554,0.056697447999035075,0.9561747823491554,0.054005958781094876,47.0,0.9696899957132679,0.041676505371555844,0.9696899957132679,0.052765899651569345,2.3,0.9793658107575357,0.026263490085068515,0.9793658107575357,0.028875689370822667,7.64,0.9727453894792073,0.036130305050294846,0.9727453894792073,0.03461781685583026,52.0,0.8804984847942269,0.12582628458793133,0.8804984847942269,0.07426834781105744,29.0,0.9767606001903408,0.030217223422480923,0.9767606001903408,0.03815964004967333,72.5,0.9482440425707426,0.07428198770502606,0.9482440425707426,0.1141872318713709
55.7,0.9753258610303354,0.0322428984130577,0.9753258610303354,0.04770103472907263,2618.0,0.9557277477620771,0.05710010732677921,0.9557277477620771,0.05487502506078336,52.0,0.9691521564554297,0.04223829858895951,0.9691521564554297,0.05419870333698028,-3.1,0.9793658107575357,0.026263490085068515,0.9793658107575357,0.030055639284782873,21.68,0.9724905572925305,0.0364552351296265,0.9724905572925305,0.03663342807170916,55.0,0.8779199838208671,0.12712659526888936,0.8779199838208671,0.07591822953386698,33.7,0.977446755447865,0.029503592272668563,0.977446755447865,0.035988502858282964,71.8,0.9482440425707426,0.07428198770502606,0.9482440425707426,0.1141872318713709
52.2,0.976132997281951,0.030971596387961667,0.976132997281951,0.04442548002944694,1847.0,0.9558760637617633,0.05696722412450241,0.9558760637617633,0.05515541411129543,39.0,0.970483351025158,0.04049814656407138,0.970483351025158,0.054821261654665894,0.0,0.9793658107575357,0.026263490085068515,0.9793658107575357,0.030055639284782873,6.58,0.9724905572925305,0.0364552351296265,0.9724905572925305,0.034381932619082234,33.67243525896414,0.8779199838208671,0.12712659526888903,0.8779199838208671,0.07531772950025103,27.23618212807402,0.978598065563657,0.028080583529026953,0.978598065563657,0.0343787432520466,68.6,0.9466456978678721,0.07599203038565093,0.9466456978678721,0.1183309652676392
45.9,0.9753258610303354,0.032242898413056977,0.9753258610303354,0.0471123793188944,799.0,0.9563230983488415,0.05656443190630287,0.9563230983488415,0.05428634783160696,33.0,0.9716166117321026,0.03897280934853592,0.9716166117321026,0.05457619551947451,0.8,0.9804706223025337,0.02456586594963272,0.9804706223025337,0.028376596165006672,4.76,0.9727133557155141,0.036190291139752216,0.9727133557155141,0.03503435911738367,0.0,0.8811740492666708,0.12516580166791358,0.8811740492666708,0.07524128422352394,22.4,0.9784001317008735,0.028304134044685736,0.9784001317008735,0.03513202730130494,55.7,0.9454727718257284,0.07710623257163851,0.9454727718257284,0.12191432932198723
41.6,0.9749679062264333,0.032778818626314744,0.9749679062264333,0.04952975532048142,806.0,0.9581671350634299,0.054607231249505304,0.9581671350634299,0.05169700661738419,36.0,0.9701551505715357,0.040668777223888945,0.9701551505715357,0.05712486081526865,-2.3,0.9793193121867415,0.025995854356622335,0.9793193121867415,0.030943517748389406,4.48,0.9727133557155139,0.0361902911397522,0.9727133557155139,0.03591958816724182,33.67243525896414,0.885039296961522,0.1224087338288262,0.885039296961522,0.07413545108543833,20.8,0.9776394940200518,0.02914684099063812,0.9776394940200518,0.03592018811403336,55.3,0.9439264104045227,0.07860796920839314,0.9439264104045227,0.1250781790646297
43.5,0.9731875302089915,0.03526945595604548,0.9731875302089915,0.051721165057110635,807.0,0.9580053000183412,0.054761478688522956,0.9580053000183412,0.0531006259008363,46.0,0.9699323521485523,0.040931952101142664,0.9699323521485523,0.058447882837696544,1.6,0.9786636820894574,0.02695099937778611,0.9786636820894574,0.03233954410265285,8.21,0.9740140251250021,0.03477108356172276,0.9740140251250021,0.03472537682678149,11.0,0.8893081383206883,0.11901111568330737,0.8893081383206883,0.07184391043456773,27.1,0.9784931288424616,0.02813733174131956,0.9784931288424616,0.0357866229247876,51.4,0.9411640569451487,0.08174569785778935,0.9411640569451487,0.13199754022871887
21.2,0.9733854640717751,0.03504857403205181,0.9733854640717751,0.052155070348780634,1766.0,0.9561612633037531,0.05671801569084708,0.9561612633037531,0.05427186938093786,73.0,0.9693798446684931,0.04166066995563056,0.9693798446684931,0.05808007177706313,7.8,0.9760125091232534,0.030280569128930204,0.9760125091232534,0.03612459437632634,4.49,0.9767383753261701,0.03083971321516677,0.9767383753261701,0.031261771491695296,23.0,0.889757319768402,0.11838797880403494,0.889757319768402,0.06873068511085917,21.2,0.9798243234121897,0.026360134648954387,0.9798243234121897,0.03393165535369818,65.5,0.9419393628481911,0.08081764210029488,0.9419393628481911,0.12937431715253095
86.7,0.9725318292493655,0.03604649107527738,0.9725318292493655,0.05407840847866944,2295.0,0.9542060460959947,0.058747646276156126,0.9542060460959947,0.057041845696995046,64.0,0.9698680660632337,0.041179722851626695,0.9698680660632337,0.05663820441238412,3.1,0.974341409158471,0.03239380291251802,0.974341409158471,0.03971043185462077,30.01,0.9772762145840083,0.030266882842095888,0.9772762145840083,0.029991847415848445,35.0,0.8895792494184361,0.1185409552352014,0.8895792494184361,0.06900009553691647,36.5,0.9801642288072442,0.02600736737768803,0.9801642288072442,0.03230831446779458,67.5,0.9423600951339584,0.08036818648369874,0.9423600951339584,0.128938117232966
16.9,0.9744902756167733,0.03337163847831516,0.9744902756167733,0.050188856361125155,1766.0,0.9543678811410833,0.05859476002241687,0.9543678811410833,0.05542011536256663,90.0,0.9704059053210716,0.040616893229077536,0.9704059053210716,0.053597773810553355,4.7,0.97489391663853,0.031655860171689865,0.97489391663853,0.03789262179878252,4.75,0.9766721457953366,0.031356278545800746,0.9766721457953366,0.03170689971111606,46.0,0.8874306894717662,0.11958084886606139,0.8874306894717662,0.0689635374303528,22.4,0.9793570925556286,0.027288223040014232,0.9793570925556286,0.03403641306510598,75.3,0.9442041318485463,0.07848929277360002,0.9442041318485463,0.12640653901915336
66.7,0.9739377681367141,0.0341082878517144,0.9739377681367141,0.052699935883513065,2600.0,0.9564881625535795,0.05586503881271981,0.9564881625535795,0.050120242759697876,51.0,0.9732785715219258,0.03657844933540835,0.9732785715219258,0.047528164247772876,0.0,0.9753146489242971,0.031166987753591474,0.9753146489242971,0.03673726350284806,25.4,0.9786305921627443,0.028660040248154887,0.9786305921627443,0.02874015033096472,54.0,0.8853848577413835,0.12051386859385405,0.8853848577413835,0.06902987416283374,34.1,0.9804903532625732,0.025732808742826678,0.9804903532625732,0.030359566659504563,69.8,0.9437833995627792,0.07894060583826708,0.9437833995627792,0.12586857950534877
57.3,0.9728329565917162,0.03578339297694604,0.9728329565917162,0.053708564469641826,1737.0,0.9580706047082377,0.053671054312574414,0.9580706047082377,0.04923291786019931,19.0,0.9740538774249683,0.03557825469038707,0.9740538774249683,0.04761513151278702,-1.6,0.9756545543193516,0.030817603126721712,0.9756545543193516,0.03560567378161322,14.61,0.980339472496414,0.025870800687209098,0.980339472496414,0.025941930233979404,52.0,0.8840841883318952,0.12166892589317245,0.8840841883318952,0.06649336696362373,31.4,0.9818499969942478,0.023701197206108773,0.9818499969942478,0.028525023711348057,69.4,0.9418196870424329,0.08182792804248,0.9418196870424329,0.13148696141110958
23.9,0.9739842667075082,0.03437485385454007,0.9739842667075082,0.04935675062007629,1709.0,0.9567574595473574,0.05518597532751518,0.9567574595473574,0.05175571672939631,33.0,0.9735656560302278,0.03606426473265233,0.9735656560302278,0.04905745827055106,0.0,0.9761854458730591,0.03034998375769968,0.9761854458730591,0.03582666365739222,6.22,0.9801166740734306,0.026140297088151358,0.9801166740734306,0.027932935304711838,48.0,0.8851374385682805,0.12012992354248614,0.8851374385682805,0.06315787506555162,24.7,0.9810746910912054,0.024719233842762287,0.9810746910912054,0.0312031740241238,63.1,0.9349539836064732,0.09305426937814258,0.9349539836064732,0.11086627664185175
22.4,0.974837901529918,0.033373888292978916,0.974837901529918,0.04841827956618344,991.0,0.957399531594235,0.05465976764318673,0.957399531594235,0.05117617132166636,34.0,0.9725924162644015,0.03728387035852796,0.9725924162644015,0.04986826053142175,10.2,0.9735342729068552,0.033661497390840324,0.9735342729068552,0.03996729305341089,2.98,0.9806048954681712,0.025645832476474534,0.9806048954681712,0.027172700848615644,35.0,0.8851374385682805,0.1201299235424868,0.8851374385682805,0.06138016347997751,19.6,0.9801657374106976,0.025708623858618954,0.9801657374106976,0.03125515073256382,57.6,0.9327953201590617,0.09508474360232055,0.9327953201590617,0.11522881035206037
67.8,0.9756450377815336,0.032104184899560004,0.9756450377815336,0.04832195093394972,1188.0,0.9592435683088231,0.05269645449162152,0.9592435683088231,0.04897153152097384,82.0,0.9721147856547413,0.03787295435659553,0.9721147856547413,0.04967629484015865,5.5,0.9732241218620806,0.03396115780976066,0.9732241218620806,0.04049912771434896,13.86,0.9806048954681712,0.025645832476473816,0.9806048954681712,0.02771578930282176,41.0,0.885762543505325,0.11964110120633083,0.885762543505325,0.06249201411440295,31.4,0.9805864696964648,0.025214408810825657,0.9805864696964648,0.031547922389338845,64.3,0.9314641255893336,0.09667491990874501,0.9314641255893336,0.1187289219881232
17.6,0.9745917875451483,0.03392366391122626,0.9745917875451483,0.05003232496781546,1353.0,0.9590817332637345,0.05285121832864695,0.9590817332637345,0.050786630765844665,19.0,0.9723375840777249,0.03760844409912561,0.9723375840777249,0.0456689916884387,2.3,0.9736448541478477,0.03347416579653325,0.9736448541478477,0.03794609438350764,3.42,0.9819360900378991,0.02386125787156216,0.9819360900378991,0.02617286529938282,34.0,0.8877262560256713,0.11703003708484228,0.8877262560256713,0.06076856389508634,20.4,0.9805864696964648,0.02521440881082494,0.9805864696964648,0.03167098858221027,73.7,0.9306888196862911,0.09757795902005638,0.9306888196862911,0.11913625593857052
52.9,0.9734585268382037,0.035459826593874734,0.9734585268382037,0.05214679626757656,729.0,0.9574106332989519,0.05488658807962604,0.9574106332989519,0.05417018015690185,53.0,0.9723375840777249,0.03760844409912561,0.9723375840777249,0.0475522689617872,3.1,0.974660324015346,0.03231186023327883,0.974660324015346,0.03751523830875025,6.9,0.9828465523218602,0.022568720795310977,0.9828465523218602,0.025128515499459082,36.0,0.8877262560256711,0.11703003708484226,0.8877262560256711,0.06324267027820145,28.6,0.9805864696964648,0.02521440881082494,0.9805864696964648,0.031031793887461606,64.7,0.9308506547313796,0.09743608953331544,0.9308506547313796,0.1198512020014904
80.8,0.9728844034317933,0.03598780939593834,0.9728844034317933,0.05396747812027408,1924.0,0.9587237784598325,0.053370120313668175,0.9587237784598325,0.05647089652404983,21.0,0.9716514288202008,0.038312405876031116,0.9716514288202008,0.05024425985599369,1.6,0.9757290548268918,0.031274250295540394,0.9757290548268918,0.03610200052544832,23.27,0.9823689217122,0.023171553849593185,0.9823689217122,0.02334418279026665,41.0,0.8871884167678332,0.1174945749010989,0.8871884167678332,0.06404009499275268,34.9,0.9790772047767707,0.027184136578144332,0.9790772047767707,0.03180939947667643,67.1,0.9327116428854088,0.09578863670153599,0.9327116428854088,0.11525579534515287
49.8,0.9709259570643853,0.038652757320224676,0.9709259570643853,0.0570784069550288,850.0,0.9595309147114481,0.052139143208037475,0.9595309147114481,0.05667328058915699,46.0,0.9687787626193467,0.04233859001980913,0.9687787626193467,0.0559973277916519,-3.9,0.9757290548268918,0.031274250295540394,0.9757290548268918,0.035944698577739,5.14,0.9823689217122,0.023171553849593185,0.9823689217122,0.02219949869162432,33.67243525896414,0.8870401007681471,0.11760646956919801,0.8870401007681471,0.06360517364468599,22.4,0.9781667424928098,0.028467259302200235,0.9781667424928098,0.033224411834965904,63.1,0.933132375171176,0.09535104602769881,0.933132375171176,0.1113156316290289
61.6,0.9699527172985593,0.039866262305545325,0.9699527172985593,0.058570045775845264,1917.0,0.9566370089471011,0.05693924324401455,0.9566370089471011,0.06210267122918777,53.0,0.9680034567163042,0.043327645738643256,0.9680034567163042,0.05597332408531548,-3.1,0.9754742226402148,0.03160150352571355,0.9754742226402148,0.0379452456043295,17.67,0.9835021824191444,0.021606418901481465,0.9835021824191444,0.020604656763654288,45.0,0.8888595167326159,0.11574075621520147,0.8888595167326159,0.06713001611623651,32.5,0.9781667424928098,0.028467259302200235,0.9781667424928098,0.033224411834965904,68.6,0.9311686626508295,0.09816744861336224,0.9311686626508295,0.11803461496124805
19.6,0.9666380792484452,0.04523726566607267,0.9666380792484452,0.06638726957337414,2378.0,0.9566370089471011,0.05693924324401455,0.9566370089471011,0.06273013971052095,26.0,0.9686790211887479,0.04252568425194486,0.9686790211887479,0.05429655292137017,0.0,0.9761298527374992,0.030652712738877777,0.9761298527374992,0.03827101940066562,11.62,0.9850846245738026,0.01929030586451612,0.9850846245738026,0.01841074392143575,43.0,0.8888595167326159,0.11574075621520016,0.8888595167326159,0.06513686047041432,30.2,0.9785246972967115,0.02792792478020955,0.9785246972967115,0.03421756277778244,69.0,0.9319208564072059,0.09753588418984732,0.9319208564072059,0.1168245026201537
40.0,0.9666380792484452,0.04523726566607303,0.9666380792484452,0.0664049302329622,2079.0,0.95679884399219,0.056785610931073364,0.95679884399219,0.06182854384431613,63.0,0.9694543270917906,0.041535248558163804,0.9694543270917906,0.05290260550283368,-3.1,0.9750840155146877,0.031753795922454746,0.9750840155146877,0.03956354509850734,12.51,0.9853822998671851,0.01887051449522296,0.9853822998671851,0.01926477697011101,33.67243525896414,0.8908179631000236,0.11348423171250276,0.8908179631000236,0.0627401399429394,30.6,0.9785246972967115,0.02792792478020955,0.9785246972967115,0.033906198126526094,74.1,0.9334301213269002,0.09577895225421373,0.9334301213269002,0.1148002042301218
27.8,0.9670588115342125,0.044758675125764334,0.9670588115342125,0.0659377712813971,2149.0,0.957484999249714,0.056106483326791926,0.957484999249714,0.06089263098119073,45.0,0.9706056372075826,0.04013872079125231,0.9706056372075826,0.04863746991295847,0.8,0.9739327053988956,0.03316711386400198,0.9739327053988956,0.03952982850812522,11.77,0.9870533998319675,0.01670919027413793,0.9870533998319675,0.018186674604845663,45.0,0.8966666542752608,0.10743258387041728,0.8966666542752608,0.05838832405289543,31.8,0.9794979370625378,0.026691128731544358,0.9794979370625378,0.03186192496670473,73.3,0.9337153208688899,0.09554826023765496,0.9337153208688899,0.11451778822061387
34.5,0.9659255508272679,0.04626964074661767,0.9659255508272679,0.06766918283281707,2198.0,0.9577489716113501,0.055887043647658355,0.9577489716113501,0.0626224621672502,66.0,0.9712917924651068,0.039436865492379715,0.9712917924651068,0.04644806278579239,3.9,0.9726411761643666,0.03446605126615148,0.9726411761643666,0.042694890643765436,11.27,0.9870533998319675,0.01670919027413793,0.9870533998319675,0.018186674604845663,33.67243525896414,0.9004863141867133,0.1045435528240646,0.9004863141867133,0.057033150407904805,29.4,0.9806311977694824,0.025134791100514035,0.9806311977694824,0.02857537134620721,73.7,0.934136053154657,0.0951099976553611,0.934136053154657,0.11398126282514603
27.5,0.965747480477302,0.046452907649112994,0.965747480477302,0.06977375403838486,1906.0,0.9578858551536539,0.055770387957123746,0.9578858551536539,0.06461241994325738,22.0,0.9741644586659609,0.0353910366461569,0.9741644586659609,0.040669326503800486,6.2,0.9734483124159822,0.03320023763395432,0.9734483124159822,0.04139504181725989,19.95,0.9879070346543773,0.015678724674038597,0.9879070346543773,0.016656938085811684,52.0,0.9012469518675348,0.10383471733872153,0.9012469518675348,0.05916323110539663,33.3,0.9821404626891764,0.02315865487850281,0.9821404626891764,0.02578643130231359,74.9,0.9346738924124951,0.09460065772672026,0.9346738924124951,0.11256826585954857
18.8,0.966898790593094,0.04506795364425754,0.966898790593094,0.06646451753977821,1689.0,0.9569769014731461,0.056705809716166594,0.9569769014731461,0.06576760755684004,20.0,0.9748400231384048,0.03457808707017857,0.9748400231384048,0.0396550258351553,0.0,0.9748079561476569,0.03119414130188434,0.9748079561476569,0.03976433049237109,4.55,0.9873545271743184,0.016435934711415988,0.9873545271743184,0.01803065594771979,44.0,0.9015446271609172,0.10347960500603574,0.9015446271609172,0.0595243906345159,22.0,0.9824984174930784,0.022615110908597025,0.9824984174930784,0.025060689554133604,63.1,0.9384767518573497,0.08915307584041468,0.9384767518573497,0.10472624860872563
54.9,0.9682299851628221,0.043336007774995064,0.9682299851628221,0.06586254256708025,1486.0,0.9571252174728322,0.05657266860378614,0.9571252174728322,0.06430523503567545,50.0,0.978494566583573,0.02877163120735817,0.978494566583573,0.03202289645031138,5.5,0.9754067587833899,0.030517006520264008,0.9754067587833899,0.04032731197772679,12.27,0.9869965723704164,0.016984487644986897,0.9869965723704164,0.019876860592445852,47.0,0.9029042708925918,0.10173459125133294,0.9029042708925918,0.05756783347677229,30.2,0.9824984174930784,0.022615110908597025,0.9824984174930784,0.025060689554133604,67.5,0.9410392670134291,0.08567570158521877,0.9410392670134291,0.09750997651689221
17.6,0.9703133734889269,0.04089125261098877,0.9703133734889269,0.06208003622898235,1540.0,0.9582765275886245,0.05521323045077927,0.9582765275886245,0.06096364891652202,18.0,0.9800770087382314,0.026479234354776487,0.9800770087382314,0.03006967334399431,3.1,0.9754067587833899,0.030517006520264008,0.9754067587833899,0.04176973150113523,4.0,0.987771878273459,0.01595400004564882,0.987771878273459,0.01897849457012347,48.0,0.8992497274474235,0.10677815796675068,0.8992497274474235,0.06162580196239982,21.6,0.9836497276088704,0.021176326267336523,0.9836497276088704,0.023903938052958665,72.2,0.9458451205743895,0.07635809228425597,0.9458451205743895,0.12118816968420508
40.8,0.9701154396261433,0.04111020036193915,0.9701154396261433,0.06197740050812406,927.0,0.9599476275534069,0.053176419653426725,0.9599476275534069,0.05758009952546483,21.0,0.9806295162182904,0.025733400227602267,0.9806295162182904,0.030224883730505307,-3.1,0.974854251303331,0.03125600164098628,0.974854251303331,0.04376179461009991,4.42,0.9892811431931531,0.013948907581527408,0.9892811431931531,0.01607107896467526,41.0,0.8968442464929371,0.10942378238452255,0.8968442464929371,0.06610298181362442,20.0,0.9834517937460866,0.021402478811419438,0.9834517937460866,0.023792238504457493,46.7,0.9480316315177194,0.07319654841431128,0.9480316315177194,0.11514369766530207
48.6,0.9705930702358035,0.04052399777827027,0.9705930702358035,0.06106163806400213,882.0,0.9599476275534069,0.05317641965342637,0.9599476275534069,0.05658061794388986,38.0,0.9792983216485622,0.027512969420543383,0.9792983216485622,0.031695569843393244,-1.6,0.9743766206936707,0.03184949471269279,0.9743766206936707,0.04703578031924268,5.66,0.9895039416161364,0.01367403560954295,0.9895039416161364,0.015629710356886102,38.0,0.8965465711995549,0.10977471243286445,0.8965465711995549,0.06746558503459393,23.5,0.9837066259327636,0.021069772717481873,0.9837066259327636,0.02396237529869665,63.1,0.9464973694850473,0.0759900351078154,0.9464973694850473,0.12009413077758391
48.6,0.9712181751728478,0.03992109107434106,0.9712181751728478,0.05900997188711559,1277.0,0.9593488249176739,0.05382808255043465,0.9593488249176739,0.05811530370233336,28.0,0.9798361609064004,0.026936722583195922,0.9798361609064004,0.029961381638208842,3.1,0.9743766206936707,0.03184949471269279,0.9743766206936707,0.04960208580802275,9.03,0.9890263110064761,0.014285395541604648,0.9890263110064761,0.015591807369170024,29.0,0.8969673034853222,0.10936406229585459,0.8969673034853222,0.06793373852662848,27.5,0.9842591334128225,0.020318029423781483,0.9842591334128225,0.021853910373744963,66.7,0.9484808129654332,0.07250288692939273,0.9484808129654332,0.11151198337696025
37.3,0.9706193725371149,0.04058935695898089,0.9706193725371149,0.05997769855992068,819.0,0.9593488249176739,0.05382808255043465,0.9593488249176739,0.06025665535414688,34.0,0.9790131221065723,0.027777524495099536,0.9790131221065723,0.03215496517184064,-7.8,0.9755098814006152,0.03030760809499169,0.9755098814006152,0.045934794052805136,4.07,0.9900417808739743,0.01308395148847892,0.9900417808739743,0.013346752594538207,10.0,0.8971652373481057,0.10917799809464292,0.8971652373481057,0.0673082034836296,20.8,0.9847969726706606,0.019734780837914783,0.9847969726706606,0.021400392400370043,58.0,0.9484808129654332,0.07250288692939273,0.9484808129654332,0.11191453123351738
43.5,0.9688389965196731,0.04305400302137269,0.9688389965196731,0.06244356529910009,791.0,0.9577504802148032,0.05559518096486166,0.9577504802148032,0.05896596664010132,33.0,0.9776999769456918,0.02936352037068785,0.9776999769456918,0.036063030839455744,-9.4,0.9743585712848232,0.031723283602384286,0.9743585712848232,0.046290477684648355,4.59,0.9905942883540334,0.01232276112158211,0.9905942883540334,0.011773041913814428,3.0,0.8973433076980717,0.10902145608234746,0.8973433076980717,0.06989957573302882,21.2,0.9861566164023354,0.017685664543480136,0.9861566164023354,0.017223524615148842,57.3,0.9481409075703787,0.07282699175993139,0.9481409075703787,0.11152383819563964
45.5,0.9685841643329962,0.04337573057701357,0.9685841643329962,0.06247571159729914,790.0,0.9559310642503347,0.057755490381701476,0.9559310642503347,0.05848582959819645,47.0,0.9785230157455198,0.028525243043556636,0.9785230157455198,0.03386944730582395,-6.2,0.9740186658897687,0.03207185947848205,0.9740186658897687,0.04843716138554568,4.79,0.9907922222168173,0.012093089849851277,0.9907922222168173,0.012510688303726283,33.67243525896414,0.8993267511784575,0.10580501225356807,0.8993267511784575,0.06804234390960831,22.0,0.9873204022695199,0.01634736002548312,0.9873204022695199,0.016135446798030174,54.9,0.9472953892838479,0.07346949862503352,0.9472953892838479,0.11436859712625816
43.5,0.9694931180135039,0.04241516624541758,0.9694931180135039,0.060792405283342364,813.0,0.9549155943828364,0.05886710204643978,0.9549155943828364,0.06097540872950854,40.0,0.9779242131097867,0.029205880886324285,0.9779242131097867,0.036139777769299955,1.6,0.9720634486820102,0.03419324425222431,0.9720634486820102,0.05319156512519937,5.27,0.989818982450991,0.013359109037871316,0.989818982450991,0.013150548842665422,0.0,0.8999308199671292,0.10485504481360891,0.8999308199671292,0.06776340265695661,22.7,0.9873204022695199,0.01634736002548312,0.9873204022695199,0.015824082146773825,52.5,0.9453407932163167,0.07525005528981368,0.9453407932163167,0.11750628167737133
33.3,0.9708527617451786,0.040430510064546836,0.9708527617451786,0.057714347255413946,1088.0,0.9550639103825223,0.058734621259525985,0.9550639103825223,0.06062720329346314,78.0,0.9777262792470031,0.029429041848404697,0.9777262792470031,0.03605698845383588,6.2,0.9724214034859122,0.03365951262277578,0.9724214034859122,0.05261102896648444,11.54,0.989818982450991,0.013359109037871316,0.989818982450991,0.012170564888808423,26.0,0.9010356315121272,0.10339645686945599,0.9010356315121272,0.0663756521125736,31.4,0.9879192049052529,0.01565204589615631,0.9879192049052529,0.014973658234177923,67.1,0.9445336569647009,0.07644177294874038,0.9445336569647009,0.11935180551196461
71.8,0.9708527617451786,0.04043051006454612,0.9708527617451786,0.06031200017946883,2485.0,0.9550639103825223,0.058734621259525985,0.9550639103825223,0.06062720329346314,58.0,0.977188439989165,0.030002612404599317,0.977188439989165,0.03649274948386288,0.0,0.9722234696231286,0.033880444350379416,0.9722234696231286,0.053697639814792614,26.98,0.9890583447701693,0.014223654357537243,0.9890583447701693,0.011546697096169919,33.0,0.8987670340999447,0.10595671728406561,0.8987670340999447,0.06807603796939005,35.3,0.9874415742955925,0.01626144875885722,0.9874415742955925,0.015449613200356043,70.2,0.9387545636379142,0.08686806080619128,0.9387545636379142,0.09732134991111539
69.4,0.9716598979967941,0.03917208587391845,0.9716598979967941,0.05630478897822285,1746.0,0.9550639103825223,0.058734621259525985,0.9550639103825223,0.05966397005000106,66.0,0.9767414054020865,0.030427489966098155,0.9767414054020865,0.03607777855039026,-6.2,0.9722234696231286,0.033880444350379416,0.9722234696231286,0.053697639814792614,18.79,0.9886823405574198,0.014646237888584556,0.9886823405574198,0.011476447608626268,41.0,0.8956030042857764,0.1080222272622007,0.8956030042857764,0.06923840866006183,32.9,0.9879794135534307,0.015674034165839103,0.9879794135534307,0.014935957675691626,69.0,0.9379939259570927,0.08762732022823735,0.9379939259570927,0.09864584802256826
29.0,0.9672119992397357,0.04842489764346256,0.9672119992397357,0.05096573677003889,1997.0,0.9556890153195667,0.05815411547962558,0.9556890153195667,0.05971508944756153,24.0,0.9780545505629671,0.028844554706093543,0.9780545505629671,0.03438007645460925,1.6,0.971314515942621,0.03485191950784636,0.971314515942621,0.054684288334929096,6.03,0.9886823405574198,0.014646237888584192,0.9886823405574198,0.011570714424739925,33.67243525896414,0.8954249339358107,0.10817858028619787,0.8954249339358107,0.06639682863374047,23.1,0.9885782161891635,0.014977834891461744,0.9885782161891635,0.01590283568262513,73.7,0.9372332882762712,0.08838523409888131,0.9372332882762712,0.09965832487932069
95.7,0.967689629849396,0.04784418209603907,0.967689629849396,0.04805911087635746,1751.0,0.9594918747644213,0.052422436988073653,0.9594918747644213,0.0555081244520159,18.0,0.9784752828487342,0.028352800266165438,0.9784752828487342,0.03534760683824032,0.0,0.9718670234226799,0.03411778047760157,0.9718670234226799,0.05225333507568867,24.89,0.9886823405574198,0.014646237888584192,0.9886823405574198,0.011570714424739925,32.0,0.896558194642755,0.10686435156457372,0.896558194642755,0.06429569177052855,35.7,0.9892537806616074,0.014138194735917002,0.9892537806616074,0.014136842460607412,62.7,0.9382487581437693,0.0873285056142274,0.9382487581437693,0.10043765242171016
54.5,0.9694700058668377,0.045391455296911846,0.9694700058668377,0.044746098471244104,1520.0,0.9611629747292039,0.05037794302654608,0.9611629747292039,0.05232126746635115,89.0,0.9773420221417898,0.029901857333629857,0.9773420221417898,0.03920478662324843,5.5,0.9720450937726459,0.03393098420128548,0.9720450937726459,0.05121595964647386,9.51,0.9890402953613218,0.014095880789792606,0.9890402953613218,0.011590442212072201,33.0,0.8941737498366416,0.10993806173976353,0.8941737498366416,0.0658905577971474,27.1,0.9896745129473745,0.013634274730737323,0.9896745129473745,0.014423413312905831,70.6,0.944027851470556,0.0769112118711332,0.944027851470556,0.11359503648474106
100.0,0.9706032665737823,0.043873527707887786,0.9706032665737823,0.04283457828949877,1748.0,0.9621784445967022,0.04924928173703551,0.9621784445967022,0.04983168833503905,83.0,0.9764330684612822,0.03088248489365593,0.9764330684612822,0.04168453203104138,4.7,0.9732088796398302,0.03263185882727016,0.9732088796398302,0.04709575568415979,22.13,0.9900557652288202,0.012894224772639587,0.9900557652288202,0.01137285113966466,40.0,0.8932005100708152,0.11097156208454803,0.8932005100708152,0.06549692669282088,34.9,0.9898973113703581,0.01335922015690758,0.9898973113703581,0.013796405064647233,59.6,0.9444485837563232,0.07645885928331507,0.9444485837563232,0.11278510208057782
80.8,0.9721125314934763,0.041947501333234154,0.9721125314934763,0.03970626271429612,2025.0,0.9633422304638868,0.04798268365098389,0.9633422304638868,0.04886776337863129,63.0,0.9769855759413412,0.030142024949207674,0.9769855759413412,0.04087753742672534,2.3,0.972553249542546,0.033576351790488845,0.972553249542546,0.04631856632040417,12.77,0.9912070753446122,0.011432675939312851,0.9912070753446122,0.011231342150170569,43.0,0.890844527295658,0.11217911336507727,0.890844527295658,0.06916288594059308,29.4,0.9906726172734007,0.012322788725464775,0.9906726172734007,0.013496794667777956,67.1,0.946432027236709,0.07298091758872231,0.946432027236709,0.10787876713442493
36.9,0.9721125314934764,0.04194750133323416,0.9721125314934764,0.039520155160674995,2091.0,0.9631939144642007,0.04811812575588115,0.9631939144642007,0.04794512443209633,44.0,0.9769855759413412,0.030142024949207674,0.9769855759413412,0.04087753742672534,8.6,0.972195294738644,0.03411018978093371,0.972195294738644,0.04548581221917429,17.31,0.9912070753446122,0.011432675939312851,0.9912070753446122,0.01147708803558333,42.0,0.8888860809282503,0.11443858939386874,0.8888860809282503,0.06718840939188792,32.2,0.990449818850417,0.012598296573663976,0.990449818850417,0.012139005844087992,74.5,0.945458787470883,0.07412649664232232,0.945458787470883,0.11043232971556369
36.1,0.9730857712593026,0.04073320271510973,0.9730857712593026,0.042763971856033846,2077.0,0.961522814499418,0.050171238028266375,0.961522814499418,0.05036544057969144,47.0,0.9766095717285916,0.030553189109126654,0.9766095717285916,0.04057159563445361,3.1,0.9728509248359282,0.0331664208801114,0.9728509248359282,0.04702670706586884,13.31,0.9912070753446122,0.011432675939312851,0.9912070753446122,0.012242718752061062,41.0,0.8906664569456921,0.11233357571712331,0.8906664569456921,0.06720492757102961,30.2,0.9911253833228612,0.011755406136722657,0.9911253833228612,0.01224748758518705,76.5,0.9469680523905768,0.07230216124292171,0.9469680523905768,0.10935355851764703
60.8,0.9792047699811438,0.029264377798476415,0.9792047699811438,0.04429308143319967,2048.0,0.961164859695516,0.05069255923350595,0.961164859695516,0.049485771703750826,30.0,0.9777733575957761,0.02924356508417377,0.9777733575957761,0.03893038244278721,-0.8,0.9717176641289836,0.03470057737170231,0.9717176641289836,0.05135569362172875,7.17,0.9902966130606512,0.012746801333098669,0.9902966130606512,0.01363225073132481,40.0,0.8908643908084757,0.11214981839179379,0.8908643908084757,0.06689932067199242,25.9,0.9908705511361842,0.012093098912821378,0.9908705511361842,0.013281662305671314,69.0,0.947520559870636,0.0716092699211504,0.947520559870636,0.1063281277604382
18.4,0.979502445274526,0.028850193231381754,0.979502445274526,0.04314219129660436,1873.0,0.9597033985349493,0.05235116698201365,0.9597033985349493,0.05096880463960019,19.0,0.9769980516927333,0.030252820986347916,0.9769980516927333,0.03959309028547143,0.0,0.971462831942307,0.03502551899735901,0.971462831942307,0.05270783794313217,5.27,0.9909721775330951,0.011904145153401878,0.9909721775330951,0.012314413849145833,20.0,0.893398443933599,0.11078683840650756,0.893398443933599,0.066144316842217,22.7,0.9908705511361842,0.012093098912821378,0.9908705511361842,0.012553772051861003,63.8636053593179,0.9473424895206702,0.07178395376503094,0.9473424895206702,0.10400895989759842
43.1,0.978351135158734,0.030273675077792033,0.978351135158734,0.04503011072448998,805.0,0.9581050538320788,0.05412144567743943,0.9581050538320788,0.05256068751878946,34.0,0.979560566848813,0.02645905164614241,0.979560566848813,0.03497390614121993,-2.3,0.9717176641289836,0.03470057737170267,0.9717176641289836,0.05157595912811579,4.98,0.9907173453464184,0.012241746532934231,0.9907173453464184,0.011529234129619235,13.0,0.8938454785206775,0.11044089472331128,0.8938454785206775,0.06520979220239177,20.8,0.9902717485004513,0.012792698867912783,0.9902717485004513,0.0115868940449275,50.2,0.9450012946515023,0.07400561223975294,0.9450012946515023,0.1085401556369637
49.0,0.978351135158734,0.030273675077792033,0.978351135158734,0.045927921223605055,750.0,0.9581050538320788,0.05412144567743943,0.9581050538320788,0.05256068751878946,38.0,0.9802161969460973,0.025502669547317024,0.9802161969460973,0.03471896874833454,-1.6,0.972373294226268,0.033757692765826214,0.972373294226268,0.048378955588410204,5.71,0.990915279209202,0.012012029938466062,0.990915279209202,0.011887607280074819,4.0,0.8930848408398561,0.11113683635439703,0.8930848408398561,0.0648997757315909,24.3,0.9904945469234349,0.01251728529841136,0.9904945469234349,0.011100906493737569,54.9,0.9456000972872354,0.07337748701730837,0.9456000972872354,0.11142749708220603
23.5,0.978351135158734,0.030273675077792033,0.978351135158734,0.045871680353871805,1183.0,0.9559847724195825,0.05686006894136653,0.9559847724195825,0.056238337197157824,59.0,0.9795406324736534,0.02632662403591368,0.9795406324736534,0.0360966604014473,3.1,0.9717176641289836,0.03470057737170303,0.9717176641289836,0.050956978734669714,7.69,0.9914677866892609,0.011249557810380896,0.9914677866892609,0.011509161863640314,20.0,0.89595750704071,0.10766601624608503,0.89595750704071,0.06312386748240015,30.2,0.9909721775330951,0.011904145153401515,0.9909721775330951,0.010531032946591926,69.8,0.9454021634244518,0.07358362662428057,0.9454021634244518,0.11143377214903583
28.6,0.977199825042942,0.03169372684555209,0.977199825042942,0.048639854055316394,2041.0,0.9543136724547999,0.05888125099524611,0.9543136724547999,0.06066095986648786,92.0,0.9783893223578611,0.027753130184731533,0.9783893223578611,0.037328627705603926,6.2,0.9713597093250816,0.03523352115457003,0.9713597093250816,0.052012986691804056,29.71,0.9911278812942065,0.011611661010481621,0.9911278812942065,0.011975922410495622,32.0,0.8994192121482605,0.10524460269741301,0.8994192121482605,0.06295870367148751,36.1,0.9907493791101116,0.012179832127382129,0.9907493791101116,0.011324353350346905,63.5,0.9447160081669276,0.07424047172579487,0.9447160081669276,0.11252819558021937
100.0,0.9766010224072089,0.03237145492436033,0.9766010224072089,0.05001051517710609,3136.0,0.9536885675177554,0.059460334923371085,0.9536885675177554,0.059431673157249544,69.0,0.9789881249935942,0.027071262695536193,0.9789881249935942,0.03489533852002075,0.0,0.9705060745026719,0.03622906890950694,0.9705060745026719,0.0536858585961167,58.36,0.9902189276136989,0.012623686850950687,0.9902189276136989,0.012157583412208827,43.0,0.8994192121482605,0.10524460269741301,0.8994192121482605,0.06295870367148751,45.5,0.990551445247328,0.012409475927353168,0.990551445247328,0.012047140718258912,63.1,0.9454021634244518,0.07358362662428057,0.9454021634244518,0.11217428070044158
41.6,0.9771535298872679,0.03163170405571109,0.9771535298872679,0.04947533832346278,2200.0,0.9535402515180695,0.059592485748658525,0.9535402515180695,0.05871407521948389,31.0,0.9789881249935942,0.027071262695536193,0.9789881249935942,0.03489533852002075,2.3,0.9711617045999563,0.035288450131575194,0.9711617045999563,0.05022709759039344,8.66,0.9905166029070813,0.012199643484914119,0.9905166029070813,0.011209332373786407,42.0,0.8994192121482605,0.10524460269741301,0.8994192121482605,0.06295870367148751,25.9,0.9908491205407104,0.011985223288058868,0.9908491205407104,0.01106215160002916,67.5,0.9449245328147915,0.07413685594257213,0.9449245328147915,0.11444142922307862
32.9,0.9767955750833659,0.03216889711321004,0.9767955750833659,0.04975616978329962,1984.0,0.9550495164377636,0.057727564229697485,0.9550495164377636,0.055880233049411074,40.0,0.9764256098375146,0.030861125694607035,0.9764256098375146,0.03951452266427223,6.2,0.9711617045999563,0.035288450131575194,0.9711617045999563,0.05022709759039344,7.11,0.9902938044840975,0.012475134761675057,0.9902938044840975,0.011742963038687,36.0,0.8994192121482605,0.10524460269741333,0.8994192121482605,0.06450056303807092,24.3,0.9899954857183005,0.013022022999532274,0.9899954857183005,0.011229449204188505,74.1,0.9447017343918079,0.07438480133387815,0.9447017343918079,0.11461967310264601
17.6,0.9770504072700428,0.03184132638745775,0.9770504072700428,0.05129786501754549,1657.0,0.9547855440761275,0.05794578955981446,0.9547855440761275,0.05507361733690131,37.0,0.9749163449178208,0.03281342410146184,0.9749163449178208,0.04303104876420687,1.6,0.9714469041419462,0.03502835211669114,0.9714469041419462,0.05067147717631104,4.61,0.9902938044840975,0.012475134761675057,0.9902938044840975,0.010949101637322503,24.0,0.8994192121482605,0.10524460269741333,0.8994192121482605,0.06450056303807092,22.0,0.9899954857183005,0.013022022999532274,0.9899954857183005,0.011229449204188505,72.5,0.9442135129970676,0.07483501168863636,0.9442135129970676,0.11669147502800417
100.0,0.9776492099057756,0.031162943486296408,0.9776492099057756,0.05120290854861196,1326.0,0.9542546525224201,0.05838707607984008,0.9542546525224201,0.05324696043019115,40.0,0.9750944152677867,0.032625764436263464,0.9750944152677867,0.0422987418038097,0.0,0.9712688337919803,0.035214824613182684,0.9712688337919803,0.05153877842203939,20.49,0.9914270651910421,0.010884718292461085,0.9914270651910421,0.00841315672107293,13.0,0.8987330568907365,0.10583999305289868,0.8987330568907365,0.06577781991243822,35.3,0.9902503179049771,0.012684872979581277,0.9902503179049771,0.010171902081198947,55.7,0.9451239752810285,0.07364296814010217,0.9451239752810285,0.11442790830021284
44.7,0.9785596721897368,0.029883037472314716,0.9785596721897368,0.048565897076829775,784.0,0.9536125804755424,0.05890880488221138,0.9536125804755424,0.051542279403915446,37.0,0.9753920905611689,0.03221441893266722,0.9753920905611689,0.041097874494536515,7.0,0.9706132036946961,0.03615560217759273,0.9706132036946961,0.05094622122384657,4.97,0.992888526351609,0.009105059655446071,0.992888526351609,0.00727149935435889,4.0,0.8979100180909084,0.1065349675172456,0.8979100180909084,0.06610622831829693,22.0,0.989772687295317,0.013297181341038305,0.989772687295317,0.01127540629324518,52.5,0.9436713344077655,0.07476166491360085,0.9436713344077655,0.11664716284135783
55.7,0.9791584748254697,0.029202348759631295,0.9791584748254697,0.04743758437839445,1664.0,0.9558811778877246,0.056049116917830225,0.9558811778877246,0.048969009183197965,19.0,0.97483958308111,0.032952440920597084,0.97483958308111,0.04320098937228291,3.9,0.9710908343043563,0.035566640086388816,0.9710908343043563,0.04731811401000173,13.75,0.9931113247745923,0.008828075799287556,0.9931113247745923,0.007913163349441001,14.0,0.9027361405033356,0.10205311787160863,0.9027361405033356,0.0625998934766593,31.0,0.989772687295317,0.013297181341037941,0.989772687295317,0.01058447368063527,63.9,0.9423401398380373,0.07640222571620107,0.9423401398380373,0.12044707572813887
89.8,0.9778272802557417,0.03097442370145535,0.9778272802557417,0.05023452648934465,1521.0,0.9554319964400109,0.05675645884792909,0.9554319964400109,0.05080248229174926,62.0,0.9740642771780673,0.03395557703837864,0.9740642771780673,0.04747471535424766,-0.8,0.9716286735621944,0.03499993492669403,0.9716286735621944,0.04750830444403275,21.35,0.9928564925879158,0.00916720864674307,0.9928564925879158,0.007967729323269238,32.0,0.9035897753257451,0.1011938868770116,0.9035897753257451,0.06597066937453422,34.1,0.9903714899310501,0.012598246749367171,0.9903714899310501,0.009597301720311516,64.7,0.9405597638205956,0.07872286259438684,0.9405597638205956,0.1232292146632762
83.9,0.9778272802557416,0.030974423701455343,0.9778272802557416,0.04986395940981205,1769.0,0.9554319964400109,0.05675645884792909,0.9554319964400109,0.04817860380907641,57.0,0.9742011607203711,0.03383358256900069,0.9742011607203711,0.04823413358051849,0.0,0.9728085848669104,0.03388301397539226,0.9728085848669104,0.04708242522417102,22.78,0.9921703373303915,0.009906800816015368,0.9921703373303915,0.008615404858345917,43.0,0.89936772170199,0.10473625640076292,0.89936772170199,0.06976728824301304,33.7,0.9909702925667829,0.01189845724407104,0.9909702925667829,0.008652359304405919,75.7,0.941008945268309,0.07803785348627476,0.941008945268309,0.12221421731556487
62.0,0.9778272802557416,0.030974423701455343,0.9778272802557416,0.05057642748503255,2215.0,0.9537608964752283,0.05877653629506946,0.9537608964752283,0.051337428870601574,20.0,0.9751744004861974,0.032608391493745115,0.9751744004861974,0.04716488718456534,1.6,0.9741217300277909,0.03231143810526432,0.9741217300277909,0.045351556332697836,27.96,0.9911245001075801,0.011048936493832495,0.9911245001075801,0.009536654711295105,33.67243525896414,0.8998147562890683,0.10438425683026101,0.8998147562890683,0.06663379278139264,36.1,0.9907922222168171,0.012093089849850911,0.9907922222168171,0.009293975232575977,68.6,0.9401859064684812,0.07879878383881259,0.9401859064684812,0.12512376338932618
24.7,0.9785028447281855,0.03015518406824515,0.9785028447281855,0.050483251000841264,1584.0,0.9551636062029277,0.05745622089721246,0.9551636062029277,0.05116764027315943,18.0,0.9758499649586411,0.03179262113809643,0.9758499649586411,0.046431586794262236,5.5,0.9734660999305065,0.03325707447400848,0.9734660999305065,0.04695337379621548,15.0,0.9913472985305635,0.010772888870214672,0.9913472985305635,0.00863138268822657,56.0,0.8995919578660847,0.10461116234008676,0.8995919578660847,0.0679319463669126,31.8,0.991344729696876,0.011330759222280638,0.991344729696876,0.007979089974576938,66.3,0.9416385473417442,0.07769130121960668,0.9416385473417442,0.12211413302081915
17.6,0.9782480125415087,0.030483705671508265,0.9782480125415087,0.05135278588349065,1866.0,0.9577261213590071,0.05382357871501257,0.9577261213590071,0.047441006353185225,19.0,0.9750893272778196,0.0326302958435458,0.9750893272778196,0.049084143102374564,1.6,0.9718677552276361,0.03508661821996855,0.9718677552276361,0.04902265171562232,4.93,0.9903740587647374,0.012040927423126836,0.9903740587647374,0.010530794691538555,50.0,0.9017122392785812,0.10216160533662086,0.9017122392785812,0.06404250416346119,22.7,0.9907459270611432,0.012031161643130674,0.9907459270611432,0.009242364351496305,63.5,0.9395103419960373,0.07954930406809003,0.9395103419960373,0.1242319423488826
18.0,0.9782480125415087,0.030483705671508265,0.9782480125415087,0.049193141482041444,1547.0,0.9593972213237896,0.05178562155667203,0.9593972213237896,0.04387963343510296,21.0,0.9753441594644964,0.0323034470871146,0.9753441594644964,0.04635193014500169,0.0,0.9708945154618098,0.03630494782604248,0.9708945154618098,0.05095707999359693,4.11,0.9914198959875488,0.010900720812265502,0.9914198959875488,0.009442063462241317,40.0,0.9051271566507207,0.09971115905716968,0.9051271566507207,0.0631187134414767,21.6,0.9907459270611432,0.012031161643130674,0.9907459270611432,0.008794773532995018,63.1,0.9377789335611232,0.08089656302176182,0.9377789335611232,0.12682628420228245
39.2,0.9778272802557416,0.030974423701454982,0.9778272802557416,0.049815267374892176,807.0,0.9592489053241035,0.05191986038249966,0.9592489053241035,0.043680038537933015,98.0,0.9751462256017127,0.032525359317009145,0.9751462256017127,0.04463974351864526,7.0,0.9706396832751331,0.03662917759138736,0.9706396832751331,0.05087604796256935,5.03,0.9911970975645654,0.0111767602830943,0.9911970975645654,0.011717542805881293,26.0,0.906895676747206,0.0988402859308182,0.906895676747206,0.06278595488845853,25.9,0.9907459270611432,0.012031161643130674,0.9907459270611432,0.010519226484342215,52.9,0.9367932470035164,0.08152378676125453,0.9367932470035164,0.12937968040758382
100.0,0.9785028447281855,0.030155184068245865,0.9785028447281855,0.04922368658649165,1504.0,0.9578892615924287,0.053863114529328654,0.9578892615924287,0.04745066189917644,79.0,0.9742357633177519,0.033798135109636,0.9742357633177519,0.04653697261224653,-1.6,0.9721489481948271,0.034691809580859,0.9721489481948271,0.047727357826390086,25.92,0.991972403467608,0.010137234478682531,0.991972403467608,0.010453027625575956,42.0,0.9110202900928707,0.0952617592814088,0.9110202900928707,0.060556030196214,37.6,0.9915995618835529,0.010992705945332127,0.9915995618835529,0.009399905068298882,54.5,0.9374688114759605,0.08077719060528928,0.9374688114759605,0.1302715014480274
92.9,0.9793564795505952,0.029145618859059128,0.9793564795505952,0.04786179321239738,1704.0,0.9565296178607541,0.05580064318872122,0.9565296178607541,0.04813262983229807,67.0,0.9742357633177519,0.03379813510963564,0.9742357633177519,0.04653697261224653,0.0,0.9721489481948271,0.034691809580859,0.9721489481948271,0.047727357826390086,23.58,0.991972403467608,0.010137234478681804,0.991972403467608,0.00886880629375148,33.67243525896414,0.9118739249152805,0.09438652499385557,0.9118739249152805,0.06354463910018217,35.3,0.9910470544034939,0.011755424251045392,0.9910470544034939,0.008947078877301569,63.5,0.939277536833395,0.07939051413847435,0.939277536833395,0.1276409205520939
81.2,0.9799552821863281,0.028463895589875752,0.9799552821863281,0.04485814564814802,1888.0,0.9562656454991182,0.056019788003974225,0.9562656454991182,0.047830543756108145,19.0,0.9749964009985734,0.03296214946750639,0.9749964009985734,0.04432323915531162,-4.7,0.9717909933909253,0.03522500456584502,0.9717909933909253,0.04636694210552681,23.0,0.992647967940052,0.009291346727203543,0.992647967940052,0.008275623259910617,52.0,0.909489480109167,0.09755515251837137,0.909489480109167,0.06839642668318112,34.5,0.9919006892259036,0.010716409393591515,0.9919006892259036,0.00777074751604806,66.7,0.9421422059752538,0.07660691307886244,0.9421422059752538,0.12169179969027678
23.9,0.980153216049112,0.028240003898795808,0.980153216049112,0.04489515756545663,1510.0,0.9573343763106636,0.055029585007297224,0.9573343763106636,0.04806574916643718,35.0,0.9739809311310751,0.034124202169192555,0.9739809311310751,0.04794029697180047,3.9,0.9724466234882095,0.0342823991331144,0.9724466234882095,0.048658918636891625,3.92,0.992647967940052,0.009291346727203543,0.992647967940052,0.007084640121352457,25.0,0.910594291654165,0.09606950498148321,0.910594291654165,0.07056507895624882,20.8,0.9913018865901707,0.011417583401872804,0.9913018865901707,0.0069830521443506955,60.8,0.942797836072538,0.07572331642608765,0.942797836072538,0.1182647940049007
42.4,0.9805739483348791,0.027746882042452542,0.9805739483348791,0.04338664671003723,777.0,0.9550657788984812,0.05789645143385999,0.9550657788984812,0.050592913718804026,38.0,0.9739809311310751,0.034124202169192555,0.9739809311310751,0.04927892833540799,-2.3,0.9733570857721705,0.0330125280139523,0.9733570857721705,0.04845530634879556,4.91,0.9926479679400518,0.009291346727203543,0.9926479679400518,0.007084640121352457,33.67243525896414,0.912103556573859,0.09435759269330501,0.912103556573859,0.07004631034398319,22.4,0.991524685013154,0.011141568349498435,0.991524685013154,0.007520137794412447,54.9,0.942797836072538,0.07572331642608696,0.942797836072538,0.11543243262177152
71.0,0.9805739483348791,0.02774688204245218,0.9805739483348791,0.044052542658687265,1848.0,0.9550657788984812,0.05789645143385999,0.9550657788984812,0.05084631805074121,81.0,0.973560198845308,0.034611091540986356,0.973560198845308,0.0503882659261211,0.8,0.9740127158694549,0.032066837766154155,0.9740127158694549,0.04738790831210304,21.42,0.9924251695170683,0.009568095492510099,0.9924251695170683,0.007806804418480361,44.0,0.9142189243906893,0.09313295270662647,0.9142189243906893,0.06961848146028186,34.5,0.9919454172989212,0.010635192927465476,0.9919454172989212,0.007025522333177938,71.4,0.9439616219397224,0.07451730224766907,0.9439616219397224,0.11491321063373991
100.0,0.9796634860509179,0.029031522896768632,0.9796634860509179,0.04624336118383568,2360.0,0.9546897746857318,0.0582869337181838,0.9546897746857318,0.05202205752793706,63.0,0.9730076913652488,0.03534629789050777,0.9730076913652488,0.04922597590464261,0.0,0.9743706706733566,0.03153120434053178,0.9743706706733566,0.05005942159844241,36.38,0.9911245001075799,0.011048936493832491,0.9911245001075799,0.00823909356957035,55.0,0.9142189243906893,0.09313295270662647,0.9142189243906893,0.06961848146028186,38.4,0.9906142227291933,0.012456389251746003,0.9906142227291933,0.008141350825889923,65.1,0.9443015273347768,0.07419546480393056,0.9443015273347768,0.11434801357877439
63.1,0.978987921578474,0.029852559174862438,0.978987921578474,0.04721031549494474,2738.0,0.9543071991317107,0.0585955968281859,0.9543071991317107,0.05169921375334637,59.0,0.9730076913652488,0.03534629789050777,0.9730076913652488,0.05055486450246154,3.9,0.9733974309075306,0.03275640685927995,0.9733974309075306,0.05140286019898921,26.3,0.9911245001075801,0.011048936493832857,0.9911245001075801,0.00732993282452009,58.0,0.911925486223893,0.09452027901514035,0.911925486223893,0.07359597628955751,34.9,0.9908121565919767,0.012226739960159055,0.9908121565919767,0.007454525280314817,70.2,0.9443015273347768,0.07419546480393056,0.9443015273347768,0.11360413402417538
18.4,0.9801211822854186,0.028300722747871255,0.9801211822854186,0.04422440170195324,2187.0,0.9540844007087269,0.05884997861905906,0.9540844007087269,0.05241541114657807,22.0,0.9730076913652488,0.03534629789050777,0.9730076913652488,0.04840113969691579,-0.8,0.9736951062009129,0.03234585165731972,0.9736951062009129,0.05079329457925147,6.49,0.9913793322942567,0.010710887130380082,0.9913793322942567,0.006313468572681434,57.0,0.911925486223893,0.09452027901514035,0.911925486223893,0.07000562451422361,23.5,0.9908121565919767,0.01222673996015869,0.9908121565919767,0.008170548811553886,60.4,0.9445243257577604,0.0739475946186403,0.9445243257577604,0.11526819910538899
40.4,0.9803191161482022,0.028076758262294176,0.9803191161482022,0.04293268339016753,1903.0,0.9537742496639524,0.05913502919222329,0.9537742496639524,0.051510176380929196,26.0,0.973007691365249,0.03534629789050777,0.973007691365249,0.04840113969691579,3.9,0.9736951062009129,0.03234585165731972,0.9736951062009129,0.05317753376557107,14.9,0.9909586000084896,0.01121693617558593,0.9909586000084896,0.006921715795810691,55.0,0.911925486223893,0.09452027901514035,0.911925486223893,0.07030273258612345,31.4,0.9905893581689934,0.012502309001915676,0.9905893581689934,0.009507205599228208,72.2,0.9461749004938069,0.07261998632267275,0.9461749004938069,0.11255529519002525
41.6,0.9803191161482022,0.028076758262294176,0.9803191161482022,0.043804701074839955,1864.0,0.9530815230651561,0.05972763399236193,0.9530815230651561,0.05109639408797684,48.0,0.9733178424100236,0.035047150424112196,0.9733178424100236,0.04900575337139131,6.2,0.9727131287589806,0.033244642771915064,0.9727131287589806,0.05414650376452362,11.12,0.9912134321951664,0.010878987535553306,0.9912134321951664,0.006748246352871772,56.0,0.914894488863133,0.09241578063242738,0.914894488863133,0.06771689964742392,29.4,0.9910669887786536,0.011889101818426381,0.9910669887786536,0.009351053548989833,74.5,0.9453212656713972,0.07355434185662411,0.9453212656713972,0.11225619616346891
89.4,0.9806951203609517,0.027662993922519315,0.9806951203609517,0.04262568813911031,1888.0,0.9533043214881399,0.05947375359946742,0.9533043214881399,0.04989163355902572,84.0,0.9724642075876136,0.036044995056539166,0.9724642075876136,0.049258568240088285,3.1,0.9723371245462311,0.03365270715546964,0.9723371245462311,0.054124075236584995,26.87,0.9914362306181498,0.010602876502510133,0.9914362306181498,0.006037541029255467,58.0,0.9173335672134069,0.09083909774808267,0.9173335672134069,0.06693157867608981,36.1,0.9906462564928865,0.012394488313949436,0.9906462564928865,0.010022743668940055,65.9,0.9462945054372233,0.07240836239754232,0.9462945054372233,0.11108262800096891
100.0,0.9806951203609517,0.027662993922519315,0.9806951203609517,0.04195925858371433,1944.0,0.9501876173008094,0.06447020736353327,0.9501876173008094,0.053944960876620644,67.0,0.9724642075876136,0.036044995056539166,0.9724642075876136,0.04809440694284124,3.9,0.9723371245462311,0.03365270715546964,0.9723371245462311,0.05386673710157552,25.34,0.9914362306181498,0.01060287650251086,0.9914362306181498,0.006584652102060665,60.0,0.9155806441206572,0.09179674454059343,0.9155806441206572,0.06580781518616541,35.3,0.9900937490128273,0.013155679353707636,0.9900937490128273,0.011180518873224854,62.0,0.9462945054372233,0.07240836239754164,0.9462945054372233,0.10948817482132481
92.5,0.9809179187839351,0.02739367742765358,0.9809179187839351,0.04201775038177265,2050.0,0.9474252638414352,0.06767295718939671,0.9474252638414352,0.05632991675623122,78.0,0.9713004217204294,0.03733898077732256,0.9713004217204294,0.047657273534405124,-3.9,0.9736377939557196,0.03223069073153929,0.9736377939557196,0.051939288268163304,26.88,0.9906609247151074,0.011641467287354908,0.9906609247151074,0.0072557117339774125,66.0,0.9126116414814173,0.09390528419459725,0.9126116414814173,0.06661337687470231,36.1,0.9885844840931333,0.015163665480789316,0.9885844840931333,0.012893638931117385,66.7,0.9462945054372233,0.07240836239754164,0.9462945054372233,0.10948817482132481
86.3,0.9818283810678962,0.026105803927295078,0.9818283810678962,0.03997656813151607,2245.0,0.945917921446495,0.06903705088459379,0.945917921446495,0.05716116603268665,61.0,0.9723158915879277,0.036183679815664414,0.9723158915879277,0.046010730818767394,-7.0,0.9719666939909368,0.03433517413562896,0.9719666939909368,0.057794242531461044,29.71,0.9906609247151074,0.011641467287354908,0.9906609247151074,0.0072557117339774125,71.0,0.9104454745031603,0.09514103174152262,0.9104454745031603,0.06721239656663372,36.5,0.9885844840931333,0.015163665480789316,0.9885844840931333,0.012893638931117385,68.2,0.9449813602763426,0.07387681515966517,0.9449813602763426,0.11073854521204513
26.7,0.9816304472051126,0.026330528072923822,0.9816304472051126,0.04021771780917986,2340.0,0.944534563902126,0.070211528972319,0.944534563902126,0.057492063182839795,18.0,0.9725138254507113,0.03596319464729346,0.9725138254507113,0.04676052105164927,-3.9,0.9719666939909368,0.03433517413562896,0.9719666939909368,0.057794242531461044,14.2,0.9908837231380907,0.011365684332706216,0.9908837231380907,0.007796384748771794,68.0,0.9126116414814173,0.09390528419459725,0.9126116414814173,0.0637615926124,30.2,0.9893597899961758,0.01413005042811378,0.9893597899961758,0.012366394359179024,71.0,0.9457566661793851,0.07293799744739952,0.9457566661793851,0.10817293547081082
24.7,0.9810316445693795,0.027014778215898046,0.9810316445693795,0.04143724178079623,2196.0,0.944534563902126,0.07021152897231935,0.944534563902126,0.05843314035056034,20.0,0.9720667908636328,0.03638316721731564,0.9720667908636328,0.047219070353295776,3.1,0.9719666939909368,0.03433517413562896,0.9719666939909368,0.057794242531461044,7.72,0.9908837231380909,0.011365684332706218,0.9908837231380909,0.007820316443963908,62.0,0.9172895244543269,0.08931139942127453,0.9172895244543269,0.05836974097234157,29.8,0.9895378603461418,0.013936072072426352,0.9895378603461418,0.012012765232595892,74.9,0.946432230651829,0.07217701063644855,0.946432230651829,0.10539675348192819
19.6,0.979718499408499,0.028605223022325658,0.979718499408499,0.04325846353380103,1878.0,0.9434887266793146,0.07123096987504056,0.9434887266793146,0.0586891204239327,45.0,0.9713061531828112,0.03721380722066592,0.9713061531828112,0.04810391521241175,1.6,0.9715196594038583,0.034755640484317146,0.9715196594038583,0.05702202048600437,5.24,0.9899104833722647,0.012632537202327364,0.9899104833722647,0.008388691357813881,27.0,0.9168772360930049,0.08963210174496712,0.9168772360930049,0.057375067330466274,24.7,0.9874175789336455,0.016858589074069445,0.9874175789336455,0.014266454821401573,63.1,0.9483906770192367,0.06965250871154134,0.9483906770192367,0.10363148149201218
19.2,0.9792302780137585,0.02909774260337631,0.9792302780137585,0.042313941413969394,2047.0,0.9425782643953536,0.07242303071585864,0.9425782643953536,0.060197781702669886,21.0,0.9719312581198556,0.03660828918617815,0.9719312581198556,0.04573417315062238,0.0,0.9731907593686409,0.03265290083613581,0.9731907593686409,0.0513729216738713,6.0,0.9895344791595152,0.013056098635033951,0.9895344791595152,0.00922595546352675,58.0,0.9163247286129459,0.09028896426782598,0.9163247286129459,0.058182449361258555,24.3,0.9869293575389048,0.017361012291716292,0.9869293575389048,0.014465860402060632,76.5,0.9472574163122924,0.0711024798360908,0.9472574163122924,0.10610722049180926
18.4,0.9786051730767141,0.02971295778091169,0.9786051730767141,0.04186979023707678,1565.0,0.9429362191992556,0.07192077644117616,0.9429362191992556,0.060306937660955275,28.0,0.9716460585778657,0.03686806356485789,0.9716460585778657,0.045251053159964943,3.9,0.9740443941910507,0.03165128872566472,0.9740443941910507,0.04903050190698647,3.73,0.9895344791595152,0.01305609863503359,0.9895344791595152,0.008805781198755486,50.0,0.9192186343772925,0.08581066650353217,0.9192186343772925,0.05270908159710288,21.6,0.9856286881294167,0.018823232378764574,0.9856286881294167,0.014267812385342155,63.1,0.9470594824495089,0.07130950998391464,0.9470594824495089,0.10649633636322074
18.8,0.977273978506986,0.03148329050491733,0.977273978506986,0.04536031827821783,1678.0,0.9434887266793146,0.07123096987504056,0.9434887266793146,0.05846885491754566,20.0,0.9710935510978066,0.03760046286757516,0.9710935510978066,0.04779248237731618,0.0,0.9740443941910507,0.03165128872566472,0.9740443941910507,0.04903050190698647,4.44,0.9897893113461917,0.012719117471271652,0.9897893113461917,0.007859346606415058,24.0,0.9208010765319509,0.08376092368974014,0.9208010765319509,0.04966457030884628,22.0,0.9852079558436495,0.01932282897268402,0.9852079558436495,0.01583813563730793,62.7,0.948032722215335,0.0701588405388244,0.948032722215335,0.10556299592540903
35.3,0.9780970173068139,0.03064718488070395,0.9780970173068139,0.04449027613105011,1211.0,0.9444619664451407,0.07008510675010807,0.9444619664451407,0.056344570996812865,19.0,0.9710935510978066,0.03760046286757516,0.9710935510978066,0.04779248237731618,6.2,0.9725351292713567,0.03359736120717026,0.9725351292713567,0.0524588445221942,8.61,0.9893116807365318,0.013331118413402862,0.9893116807365318,0.00816864162017703,23.0,0.9201083499331548,0.08431147632803311,0.9201083499331548,0.049286268106985456,26.7,0.9847303252339893,0.019928737373930874,0.9847303252339893,0.016778771375007,70.2,0.9471790873929253,0.07109750557936438,0.9471790873929253,0.10813907212668751
35.7,0.9774982146710808,0.031326211942628975,0.9774982146710808,0.0434947272536055,900.0,0.9413253278826509,0.07410537708619391,0.9413253278826509,0.05868485639188914,41.0,0.9722573369649911,0.03630708482937425,0.9722573369649911,0.047300780869167065,-2.3,0.9718794991740725,0.03454051851128323,0.9718794991740725,0.05244791869196454,4.17,0.9890140054431494,0.013754296415729641,0.9890140054431494,0.008187669231338759,19.0,0.9181531327253964,0.08619685874671001,0.9181531327253964,0.05050791725151253,20.0,0.9844326499406069,0.020347923467186772,0.9844326499406069,0.015703771832617473,49.8,0.9480895496768863,0.06989767670682905,0.9480895496768863,0.10650379426201101
30.6,0.9763649539641363,0.03287020751561907,0.9763649539641363,0.04590847709065187,1569.0,0.9403098580151525,0.07518045822840803,0.9403098580151525,0.06118659344222413,44.0,0.9737666018846851,0.03436580351167563,0.9737666018846851,0.04324843783586241,10.2,0.9727331339964822,0.03354198993191024,0.9727331339964822,0.052521051489676285,4.72,0.9887163301497671,0.01417721726562913,0.9887163301497671,0.009829479452531329,33.67243525896414,0.9199335087428383,0.08395307358823585,0.9199335087428383,0.04911405213429878,21.6,0.9855659106475514,0.01877614168510831,0.9855659106475514,0.013633160435796234,66.7,0.9500532621972326,0.06696420104119062,0.9500532621972326,0.10191008055640326
47.1,0.9758124464840773,0.03360863132344769,0.9758124464840773,0.04622771128667188,813.0,0.9420902340325943,0.07285380873423143,0.9420902340325943,0.059037572394319004,49.0,0.974051801426675,0.03410468231632409,0.974051801426675,0.0418150942345644,-1.6,0.9723751791925802,0.03407594391462856,0.9723751791925802,0.055637318696133184,8.26,0.9882386995401068,0.014787836749077844,0.9882386995401068,0.010823850113211967,10.0,0.9235058478000566,0.08094900079669821,0.9235058478000566,0.048580170984506815,27.5,0.9851451783617843,0.019275725523660137,0.9851451783617843,0.014964596632499926,50.2,0.9556344216612356,0.056491603506966845,0.9556344216612356,0.06163397813068743
52.2,0.9760352449070608,0.03334207563634037,0.9760352449070608,0.046248445564628274,1871.0,0.9420902340325943,0.07285380873423074,0.9420902340325943,0.06371393890002365,65.0,0.9725903402661084,0.035812505054782014,0.9725903402661084,0.04427518291931919,3.1,0.9735084398995247,0.03253996784173869,0.9735084398995247,0.051705453877466945,14.92,0.9872885719209467,0.015758029647060422,0.9872885719209467,0.011373069771756367,15.0,0.9266663532389298,0.0784291001924591,0.9266663532389298,0.04744678905280574,31.4,0.9849671080118185,0.019467855141979983,0.9849671080118185,0.014524670387563578,68.6,0.9550356190255027,0.05713796039483021,0.9550356190255027,0.06258044286455647
90.6,0.9760352449070608,0.03334207563634037,0.9760352449070608,0.046248445564628274,1553.0,0.9438706100500364,0.07051782735130924,0.9438706100500364,0.0614923222146329,70.0,0.9725903402661084,0.035812505054782014,0.9725903402661084,0.04427518291931919,-3.1,0.9725979776155635,0.03381048817032961,0.9725979776155635,0.05280018269431577,22.07,0.9872885719209467,0.015758029647060422,0.9872885719209467,0.011373069771756367,33.67243525896414,0.9289959897072595,0.07682939631693543,0.9289959897072595,0.04709432210594293,34.9,0.9849671080118185,0.019467855141979983,0.9849671080118185,0.014524670387563578,63.1,0.9540623792596764,0.05831146807444979,0.9540623792596764,0.06486704141500829
93.7,0.9754974056492227,0.033912441303169685,0.9754974056492227,0.046299757605208706,2990.0,0.9454530522046943,0.0683797558869206,0.9454530522046943,0.059109497755451976,73.0,0.9706340407593358,0.03816754659877831,0.9706340407593358,0.04735612666583419,3.1,0.9730187099013307,0.033323763054229294,0.9730187099013307,0.052467343673145685,10.17,0.9872885719209467,0.015758029647060422,0.9872885719209467,0.012065455979139723,39.0,0.9289959897072595,0.07682939631693543,0.9289959897072595,0.04709432210594293,27.8,0.9844894774021582,0.020073540440653757,0.9844894774021582,0.01602573093444577,67.5,0.9540623792596764,0.058311468074449445,0.9540623792596764,0.06427931391064767
96.1,0.9748112503916986,0.034621464376193005,0.9748112503916986,0.04524921460920267,2040.0,0.9440418471644071,0.07060408592359843,0.9440418471644071,0.06113532760567952,82.0,0.9696839131401759,0.039097042520454095,0.9696839131401759,0.047668406896119404,2.3,0.9746762518157068,0.031609886479952935,0.9746762518157068,0.0504798858401421,31.18,0.9875862472143291,0.01533620829519482,0.9875862472143291,0.011842056884154576,33.67243525896414,0.9262716395060915,0.0804245610045598,0.9262716395060915,0.04829797247238292,38.0,0.9844894774021582,0.020073540440653397,0.9844894774021582,0.01642998678796779,65.5,0.9567014528373465,0.05384404853028182,0.9567014528373465,0.05417607328314591
27.5,0.9743336197820383,0.03521328092081571,0.9743336197820383,0.045370259790934925,2037.0,0.9458858838789952,0.06870221275341298,0.9458858838789952,0.05912305738782193,23.0,0.970699383007674,0.037945633335904255,0.970699383007674,0.04521878219760643,0.8,0.9762745965185774,0.029769030265601435,0.9762745965185774,0.04630995530888305,13.77,0.9878839225077113,0.014914129790901202,0.9878839225077113,0.010650189879419654,55.0,0.9249404449363634,0.08202276308460403,0.9249404449363634,0.051097482710238354,30.6,0.9837141714991158,0.021097273383898222,0.9837141714991158,0.01700650835559635,77.3,0.956361547442292,0.05417804125484333,0.956361547442292,0.05167849603070008
18.4,0.9743336197820383,0.03521328092081499,0.9743336197820383,0.043543756105227864,1769.0,0.9453549923252877,0.06913274287379735,0.9453549923252877,0.05682516006551388,20.0,0.9708973168704574,0.037725898444412556,0.9708973168704574,0.043619101131085095,3.1,0.9766953288043445,0.02927861398457288,0.9766953288043445,0.046041448704663104,4.75,0.9878839225077113,0.014914129790901202,0.9878839225077113,0.010432570652389827,51.0,0.9255960750336476,0.0811610911001702,0.9255960750336476,0.05005185700034631,22.4,0.9831616640190566,0.021848149917917593,0.9831616640190566,0.018340596929166036,63.1,0.9576746926031728,0.052662424962215036,0.9576746926031728,0.050862184502716026
35.7,0.9772275255463853,0.030253818419573694,0.9772275255463853,0.036060955659230357,720.0,0.9425926388659136,0.07230361792754228,0.9425926388659136,0.05736194386146216,80.0,0.9730838278137873,0.03438458830166398,0.9730838278137873,0.04183708458384732,-0.8,0.9766953288043445,0.02927861398457288,0.9766953288043445,0.046041448704663104,5.09,0.9873460832498733,0.015501899646800524,0.9873460832498733,0.011303290427476981,32.0,0.9267293357405921,0.07976048639971274,0.9267293357405921,0.04832463241773716,24.7,0.982308029196647,0.02286817428294477,0.982308029196647,0.0211134977037045,67.8,0.9592571347578308,0.05046020239521234,0.9592571347578308,0.04618762957245857
100.0,0.9779136808039093,0.029539851781330076,0.9779136808039093,0.03646577448017198,1676.0,0.9421150082562534,0.07285562960694665,0.9421150082562534,0.05783053484159223,94.0,0.9740570675796136,0.03316142965503889,0.9740570675796136,0.03912974869443378,0.8,0.9766953288043445,0.02927861398457288,0.9766953288043445,0.046041448704663104,26.09,0.9882962108690333,0.01453140204675114,0.9882962108690333,0.010920382924428963,33.67243525896414,0.9294792467816864,0.07764548499678116,0.9294792467816864,0.04669898998633519,36.5,0.9824860995466129,0.02267719868461516,0.9824860995466129,0.021733361056446972,60.8,0.9592571347578308,0.050460202395211984,0.9592571347578308,0.04653871023862763
19.2,0.9779136808039093,0.029539851781330076,0.9779136808039093,0.03646577448017198,1875.0,0.9421150082562534,0.07285562960694665,0.9421150082562534,0.05783053484159223,72.0,0.9758764835440822,0.030910170488644997,0.9758764835440822,0.034839572161075395,6.2,0.975888192552729,0.030552077570909268,0.975888192552729,0.048963390713613664,15.09,0.9882962108690333,0.01453140204675114,0.9882962108690333,0.010920382924428963,33.67243525896414,0.9316922586111704,0.07608380792410026,0.9316922586111704,0.04585294518082857,34.9,0.9824860995466129,0.02267719868461516,0.9824860995466129,0.021733361056446972,62.7,0.9606167784895057,0.04850913589437588,0.9606167784895057,0.04251152547429566
100.0,0.9779136808039093,0.029539851781330076,0.9779136808039093,0.03646577448017198,1806.0,0.9434983658006222,0.07168856530457636,0.9434983658006222,0.05646194836742544,64.0,0.9754557512583152,0.03139945085669804,0.9754557512583152,0.03498105351983486,-4.7,0.9770214532596735,0.02900618035441446,0.9770214532596735,0.04708125099429306,29.89,0.9882962108690333,0.01453140204675114,0.9882962108690333,0.010920382924428963,57.0,0.9316922586111704,0.07608380792410026,0.9316922586111704,0.04585294518082857,38.4,0.9824860995466129,0.02267719868461516,0.9824860995466129,0.021733361056446972,61.6,0.9633411286906737,0.044673341518335116,0.9633411286906737,0.03800188557626023
55.3,0.9790469415108538,0.027989429664698813,0.9790469415108538,0.0336616419588848,1924.0,0.9446316265075669,0.07024572133281162,0.9446316265075669,0.05347273532164035,56.0,0.9743224905513707,0.03293997943095232,0.9743224905513707,0.03607431288138182,-7.8,0.9775523448133808,0.02853687497562782,0.9775523448133808,0.0462511843115935,16.1,0.9882962108690333,0.014531402046751503,0.9882962108690333,0.010893007548087634,59.0,0.9316922586111704,0.07608380792410026,0.9316922586111704,0.04585294518082857,31.8,0.9835909110916107,0.020969950773801125,0.9835909110916107,0.020506612479045134,71.8,0.9620279835297929,0.04620968045511937,0.9620279835297929,0.03856261830414977
34.5,0.979584780768692,0.027413600165041317,0.979584780768692,0.03319343547010431,2065.0,0.9429605265427842,0.07221680116429473,0.9429605265427842,0.05781548616728449,20.0,0.9741245566885871,0.033161516107348576,0.9741245566885871,0.0348920958799229,2.3,0.9775523448133808,0.02853687497562782,0.9775523448133808,0.04612019836432829,10.81,0.9882962108690333,0.014531402046751503,0.9882962108690333,0.011301806686701986,55.0,0.9360304682400092,0.07141812977732219,0.9360304682400092,0.042168552682415046,29.4,0.9835909110916107,0.020969950773801125,0.9835909110916107,0.0200449491042658,73.3,0.9629077172383941,0.04554889978249086,0.9629077172383941,0.038884643951370944
18.0,0.9785389435458806,0.028522275097682934,0.9785389435458806,0.034379877009368,1663.0,0.9429605265427842,0.07221680116429473,0.9429605265427842,0.0575899473104121,46.0,0.9741245566885871,0.03316151610734822,0.9741245566885871,0.035240994211678596,1.6,0.9792234447781634,0.026409730378568697,0.9792234447781634,0.04171086314475601,5.77,0.9871449007532413,0.01598496577994134,0.9871449007532413,0.0125813553372715,22.0,0.9392519238176577,0.0684462394271097,0.9392519238176577,0.03905040490103727,23.5,0.9818654775694081,0.022949755720248183,0.9818654775694081,0.021876986664384125,63.5,0.9637613520608037,0.04456990251782468,0.9637613520608037,0.03711496018072217
41.6,0.9795921937822657,0.026689325052243383,0.9795921937822657,0.030746065270507883,813.0,0.9431763397031954,0.0720680726086707,0.9431763397031954,0.05772427563853622,84.0,0.975275866804379,0.031747898038366223,0.975275866804379,0.03171149220668492,5.5,0.9794213786409472,0.02618559923142905,0.9794213786409472,0.04047517074209125,4.8,0.9861294308857429,0.017179827831282607,0.9861294308857429,0.013252116863793423,28.0,0.941497060246266,0.06667873795342388,0.941497060246266,0.037984552306790105,22.4,0.9807967467578624,0.02400338912465488,0.9807967467578624,0.022089182184874705,62.0,0.9633406197750365,0.04504680981507441,0.9633406197750365,0.03383627268330623
88.2,0.9784589330753214,0.028242151782085192,0.9784589330753214,0.032882808780286085,2745.0,0.9459386931625693,0.06889428790300606,0.9459386931625693,0.05547395112281417,82.0,0.9744222319819693,0.032750763151675105,0.9744222319819693,0.03218821960399637,3.9,0.9811468121631498,0.024216615246580912,0.9811468121631498,0.03648652562106202,8.55,0.9857714760818411,0.017727415056593095,0.9857714760818411,0.014641648843057173,39.0,0.9432530733406973,0.06539181489864876,0.9432530733406973,0.03757118702043304,26.7,0.981572052660905,0.02298508587682006,0.981572052660905,0.021663121180382036,65.5,0.9635024548201251,0.04488996873965494,0.9635024548201251,0.03476057940694183
100.0,0.9776982953944998,0.02908496024356783,0.9776982953944998,0.03364522219275215,2104.0,0.9474850545837752,0.06737292772128418,0.9474850545837752,0.05389451184200501,63.0,0.9730625882502947,0.03475385810837727,0.9730625882502947,0.03527896602761637,-4.7,0.9811468121631498,0.024216615246580912,0.9811468121631498,0.03629628177037353,33.18,0.9854738007884587,0.01814772195898541,0.9854738007884587,0.01537228065444976,52.0,0.9432530733406973,0.06539181489864876,0.9432530733406973,0.03757118702043304,38.0,0.981572052660905,0.022985085876820778,0.981572052660905,0.02247703039447926,63.5,0.9630248242104649,0.04546942991667698,0.9630248242104649,0.032189600992368124
77.6,0.9775003615317159,0.029308091389505107,0.9775003615317159,0.0339077988900807,2679.0,0.9489128128125955,0.06593540817116689,0.9489128128125955,0.05313936475391595,58.0,0.9711041418828869,0.03742180519338916,0.9711041418828869,0.037086825091254716,0.0,0.9795643700084916,0.02651526103672476,0.9795643700084916,0.04127312240267017,31.4,0.9849961701787985,0.018754368532057086,0.9849961701787985,0.014784035431300652,61.0,0.9432530733406973,0.06539181489864876,0.9432530733406973,0.03757118702043304,36.5,0.9813492542379216,0.023255590972656816,0.9813492542379216,0.02168289389138843,68.6,0.9613537242456822,0.047526747976398345,0.9613537242456822,0.03331962235850494
19.6,0.9782756674347588,0.028297543020282867,0.9782756674347588,0.031011715625942276,1960.0,0.9493904434222559,0.06537540124675893,0.9493904434222559,0.05076529641036928,20.0,0.9689838604703908,0.04023736047870917,0.9689838604703908,0.03949327806872058,0.6281970010971596,0.9778554896748219,0.029301095760146355,0.9778554896748219,0.045453335926671605,5.57,0.9845185395691382,0.019360418241779025,0.9845185395691382,0.017448271648045507,33.67243525896414,0.9432530733406973,0.06539181489864876,0.9432530733406973,0.03757118702043304,23.9,0.9805739483348791,0.024273440946122177,0.9805739483348791,0.024986246799912827,63.1,0.960698094148398,0.04844903065592915,0.960698094148398,0.03350317869660773
39.6,0.9780975970847929,0.028486641698344955,0.9780975970847929,0.0309302096654822,828.0,0.9474352262144975,0.06737115053268027,0.9474352262144975,0.04896846789255038,38.0,0.9682977052128664,0.04093684744058958,0.9682977052128664,0.03976921703572748,3.1,0.9780782880978053,0.029032968576442626,0.9780782880978053,0.04456981275352413,3.59,0.9830570784085715,0.021109601782118473,0.9830570784085715,0.01775545297036452,9.0,0.9432530733406973,0.06539181489864876,0.9432530733406973,0.03633318486520405,20.4,0.9778115948755048,0.027703967732870136,0.9778115948755048,0.02869094489532561,56.1,0.9598444593259882,0.04942121519001383,0.9598444593259882,0.032190834086261305
46.3,0.9780975970847929,0.028486641698344955,0.9780975970847929,0.0309302096654822,825.0,0.9439641712992106,0.07165156883586998,0.9439641712992106,0.050233784537896356,52.0,0.9676989025771335,0.04160232615299252,0.9676989025771335,0.040724991592279026,7.0,0.9789013268976333,0.02819406988715793,0.9789013268976333,0.04201707969115841,5.26,0.9818932925413872,0.022436315960658045,0.9818932925413872,0.019253501136813903,2.0,0.942166463231524,0.06629695404540928,0.942166463231524,0.0370302436539099,23.1,0.9767961250080065,0.02887503798876402,0.9767961250080065,0.031000324514191057,54.9,0.9586545745726125,0.050365619451205317,0.9586545745726125,0.03262445603905659
73.3,0.9771886434042854,0.02946938625192629,0.9771886434042854,0.03172174664420595,1290.0,0.9426510261383301,0.07311695731918393,0.9426510261383301,0.05469521210029455,19.0,0.9676989025771335,0.04160232615299323,0.9676989025771335,0.03864761227021657,-3.1,0.9803627880582001,0.026463112356245704,0.9803627880582001,0.03944023474952694,11.66,0.9812177280689431,0.023263850995565896,0.9812177280689431,0.02046252840547797,13.0,0.9411132129951386,0.06801328519498283,0.9411132129951386,0.03972285833511591,30.6,0.9756448148922144,0.030294365151658738,0.9756448148922144,0.03372192803795996,59.2,0.9565342931601164,0.0531142612958142,0.9565342931601164,0.03595004187447052
64.7,0.9771886434042854,0.029469386251927007,0.9771886434042854,0.031147013776894883,1133.0,0.9441583685332704,0.07176485183165876,0.9441583685332704,0.05420134527231275,40.0,0.9676989025771335,0.04160232615299323,0.9676989025771335,0.0402062397243792,-1.6,0.981169924309816,0.025180217011888956,0.981169924309816,0.03811512668953435,11.54,0.9817059494636837,0.022767370727322083,0.9817059494636837,0.018701365209070314,33.67243525896414,0.9404575828978544,0.06890048471270789,0.9404575828978544,0.04106439283344757,29.8,0.9759847202872689,0.029944550926488303,0.9759847202872689,0.03170323994270176,65.1,0.9572771433264134,0.05258114765216191,0.9572771433264134,0.03650295669372065
38.4,0.9781618831701114,0.028235888315521675,0.9781618831701114,0.030021057650556286,1914.0,0.9433512322816549,0.07295789614187811,0.9433512322816549,0.05477882776429078,19.0,0.9680749067898831,0.04119942084849311,0.9680749067898831,0.04243236846307436,-7.0,0.9795874821551576,0.027477364770546426,0.9795874821551576,0.040181256198616504,11.21,0.9823815139361276,0.021939066637370448,0.9823815139361276,0.01749233794040625,22.0,0.9397714276403304,0.06955674842959894,0.9397714276403304,0.03961702467189281,27.23618212807402,0.977136030403061,0.028524292321505117,0.977136030403061,0.028981636418932855,71.4,0.9567246358463543,0.053293015979288524,0.9567246358463543,0.0370028808052015
39.6,0.977821977775057,0.02858712338920736,0.977821977775057,0.030196279660741482,872.0,0.9442616945656158,0.07176526027202892,0.9442616945656158,0.05546720299986172,37.0,0.9680749067898831,0.04119942084849311,0.9680749067898831,0.04243236846307436,3.9,0.9795874821551576,0.027477364770546426,0.9795874821551576,0.041116399924903964,4.74,0.9817564089990832,0.022560937464341513,0.9817564089990832,0.01816871451029278,21.0,0.9418770448978198,0.06785811401640057,0.9418770448978198,0.04030955155262903,21.2,0.9760494202938879,0.02950830203556446,0.9760494202938879,0.029346101374008587,48.2,0.958680935353127,0.051004801763394635,0.958680935353127,0.03636674278431348
42.0,0.9768487380092307,0.029819823138456943,0.9768487380092307,0.03384942208395053,810.0,0.9418438898867145,0.07430674145499343,0.9418438898867145,0.05951721240334581,43.0,0.9680749067898831,0.04119942084849311,0.9680749067898831,0.04104553826383109,9.4,0.9782868127456694,0.028914918758658245,0.9782868127456694,0.044166322913957286,6.0,0.981070253741559,0.023282751850345618,0.981070253741559,0.0185667527272594,1.0,0.9406916212162345,0.06882256606350043,0.9406916212162345,0.040519048775841726,24.3,0.9755115810360497,0.030080789075215587,0.9755115810360497,0.03014603811914467,53.3,0.9593365654504112,0.05008634106923685,0.9593365654504112,0.034728892969969394
43.9,0.976563538467241,0.030083002624206826,0.976563538467241,0.03325850563178287,808.0,0.9418438898867145,0.07430674145499343,0.9418438898867145,0.05951721240334581,44.0,0.9648196650350075,0.04551909931807048,0.9648196650350075,0.04573700086728448,7.8,0.9779766617008946,0.029217651804161218,0.9779766617008946,0.043634963733255976,5.1,0.9822340396087434,0.021958197078521344,0.9822340396087434,0.01706870456081001,0.0,0.9384393498553208,0.070981174299576,0.9384393498553208,0.04360795043088794,22.7,0.9765270509035481,0.028912591348633568,0.9765270509035481,0.02783665850027922,52.2,0.9597857468981249,0.04937276911343959,0.9597857468981249,0.034600202688866356
44.7,0.9751357802384204,0.03162059497928189,0.9751357802384204,0.034059131641069794,787.0,0.9410971851725958,0.07487970000498373,0.9410971851725958,0.05693668521443385,35.0,0.9639092027510465,0.04676547553016441,0.9639092027510465,0.0470090668648074,-2.3,0.9775559294151275,0.029708771047079776,0.9775559294151275,0.04459062944053941,4.8,0.982456838031727,0.021687144349683246,0.982456838031727,0.016530751047145683,2.0,0.9384393498553208,0.070981174299576,0.9384393498553208,0.04360795043088794,22.0,0.977202615375992,0.028093070863766452,0.977202615375992,0.025872349669742653,55.7,0.9586219610309404,0.050632570894901745,0.9586219610309404,0.036726771566668426
47.1,0.9735894188172146,0.03324945383476215,0.9735894188172146,0.03559816741667761,804.0,0.9414370905676502,0.07455913277519734,0.9414370905676502,0.05638072360984019,37.0,0.9643583841987603,0.04604673345465119,0.9643583841987603,0.04688093070485239,-1.6,0.9781810343521719,0.029094253102830023,0.9781810343521719,0.04411424670734155,5.19,0.9827116702184037,0.021354859829351806,0.9827116702184037,0.016782462074625637,33.67243525896414,0.9375288875713599,0.07216635356189324,0.9375288875713599,0.04367340247823723,23.1,0.9776802459856523,0.027495930873249717,0.9776802459856523,0.02636501979995374,56.9,0.9570236163280699,0.052403520137629216,0.9570236163280699,0.037208499277185315
44.3,0.9729138543447706,0.03406222015223197,0.9729138543447706,0.036612137415269815,792.0,0.9445537947549806,0.06964584910539785,0.9445537947549806,0.05234167722485722,38.0,0.962238102786264,0.048822584239722466,0.962238102786264,0.051090340397412094,1.6,0.9776285268721129,0.02983625311753731,0.9776285268721129,0.04648159391459118,4.81,0.9827116702184037,0.021354859829351806,0.9827116702184037,0.017522421619904426,0.0,0.9381329563600316,0.07114847314681776,0.9381329563600316,0.0426698623469393,21.6,0.9790114405553804,0.025719398443936118,0.9790114405553804,0.025550243343242948,54.1,0.9567259410346876,0.052800463293406805,0.9567259410346876,0.03567554721806753
45.9,0.9719406145789445,0.035282962836790034,0.9719406145789445,0.03764713078287398,813.0,0.9463159693365976,0.06797800664966364,0.9463159693365976,0.05073354363566983,36.0,0.9639092027510465,0.04676547553016441,0.9639092027510465,0.0470090668648074,-1.6,0.9770034219350685,0.03044992828283156,0.9770034219350685,0.04633821302107434,4.74,0.9822340396087434,0.021958197078521344,0.9822340396087434,0.018404812342357368,1.0,0.9375288875713599,0.07216635356189324,0.9375288875713599,0.04260970869559701,21.2,0.9800980506645535,0.024728001576108466,0.9800980506645535,0.02457088386068053,45.9,0.9554127958738071,0.05431424332367402,0.9554127958738071,0.0374460819813251
94.1,0.9708358030339466,0.0369531348999968,0.9708358030339466,0.039232534394735695,1135.0,0.9435916191354298,0.07167421479633614,0.9435916191354298,0.05535781469450321,20.0,0.9646019293498427,0.046155847299356144,0.9646019293498427,0.046946445800195906,-12.5,0.9768253515851025,0.030638375288892745,0.9768253515851025,0.04613604811854072,13.59,0.9822340396087434,0.021958197078521344,0.9822340396087434,0.018861724686935963,14.0,0.9361976930016316,0.07379852738405535,0.9361976930016316,0.04245930029172717,31.8,0.9805756812742138,0.024127372006495427,0.9805756812742138,0.023699703638062116,58.0,0.9554127958738071,0.05431424332367402,0.9554127958738071,0.036180155644765934
72.9,0.970613004610963,0.037217360270859146,0.970613004610963,0.03883657185378926,1233.0,0.9431793307741078,0.07201409377392119,0.9431793307741078,0.05417794335994864,28.0,0.9635560921270311,0.047226323422376176,0.9635560921270311,0.049609027313199223,-1.6,0.9760500456820601,0.031645499820139165,0.9760500456820601,0.04799671153511463,11.93,0.983832384311614,0.02008658406010816,0.983832384311614,0.017886836827836778,33.67243525896414,0.9340920757441422,0.07547169865150165,0.9340920757441422,0.04280351565345037,30.2,0.98154892104004,0.022884097832189768,0.98154892104004,0.02267441637963355,64.7,0.9546606021174306,0.05499969125340985,0.9546606021174306,0.037890083626187634
29.0,0.9712885690834069,0.036408822733625626,0.9712885690834069,0.03848699256492605,1689.0,0.9418878015395786,0.07321594149684606,0.9418878015395786,0.05399498539121041,21.0,0.9602414540769171,0.05253466015272713,0.9602414540769171,0.059611397815847386,3.9,0.9760500456820601,0.031645499820139165,0.9760500456820601,0.04887553362763786,11.83,0.9833547537019537,0.020691249095702826,0.9833547537019537,0.019197218926388183,23.0,0.9351518557788204,0.07480357397185418,0.9351518557788204,0.04148740425395169,29.8,0.98154892104004,0.022884097832189768,0.98154892104004,0.02267441637963355,70.2,0.9553467573749547,0.05432097880387716,0.9553467573749547,0.036341617022238426
43.9,0.9699754239225263,0.03797002820988398,0.9699754239225263,0.040670529760012966,872.0,0.9430677128442942,0.07218368223589056,0.9430677128442942,0.05434977662742989,37.0,0.9600186556539336,0.05279220006748047,0.9600186556539336,0.058125875098252816,-5.5,0.9749167849751156,0.03318672683228539,0.9749167849751156,0.05231399565599111,4.71,0.9816293201797511,0.022671049200352216,0.9816293201797511,0.021539779815790118,14.0,0.9369605811362549,0.07340953477476127,0.9369605811362549,0.04224916831107505,20.8,0.9780778661247532,0.02749402308043452,0.9780778661247532,0.028420530166656476,63.5,0.9544362950909937,0.05554586972747609,0.9544362950909937,0.03585684967555336
57.6,0.9695994197097768,0.03837503943457789,0.9695994197097768,0.04051967984695465,776.0,0.9422638057523279,0.07283727277960683,0.9422638057523279,0.05253607187467156,45.0,0.9600186556539336,0.05279220006748047,0.9600186556539336,0.05690725685022585,7.0,0.974718851112332,0.0334083567293669,0.974718851112332,0.05405406284180954,5.99,0.9801678590191845,0.02440999390424365,0.9801678590191845,0.023397033476253555,33.67243525896414,0.9398252502781135,0.0706156871871684,0.9398252502781135,0.041337877803398634,24.7,0.9764067661599707,0.029616716730790568,0.9764067661599707,0.03257897426534031,44.3,0.9542879790913076,0.05567874696972454,0.9542879790913076,0.03468813258973148
48.2,0.9682682251400487,0.04011641789944483,0.9682682251400487,0.04219460301187239,830.0,0.9414101709299183,0.07376702272650214,0.9414101709299183,0.05456958052003269,42.0,0.960465690241012,0.05238548855959831,0.960465690241012,0.054280253274753366,-0.8,0.9751395833980989,0.03292033342402342,0.9751395833980989,0.05321770630094749,5.41,0.9792573967352233,0.02569718047942859,0.9792573967352233,0.02624584999131918,0.0,0.941781549784886,0.06840774759058099,0.941781549784886,0.04250784946600725,23.1,0.9754963038760097,0.03089393003392469,0.9754963038760097,0.03386304456071656,54.1,0.9554212397982522,0.054198453311735166,0.9554212397982522,0.03496015236759328
45.5,0.9678474928542815,0.04059767307203264,0.9678474928542815,0.04139035358785103,789.0,0.943119051263588,0.07116944037259904,0.943119051263588,0.054274939715592926,38.0,0.9608864225267792,0.051913336178758124,0.9608864225267792,0.052415179297526544,0.8,0.9760500456820601,0.031645499820139165,0.9760500456820601,0.04982292006554877,4.91,0.9779262021654952,0.02747420761752247,0.9779262021654952,0.02814614249153731,33.67243525896414,0.9431127443546143,0.06675698571297847,0.9431127443546143,0.042778703502807026,22.7,0.9739138617213515,0.033168032915245026,0.9739138617213515,0.03690600520922211,53.3,0.9560768698955365,0.053285542504455836,0.9560768698955365,0.03674110902706692
44.7,0.9664197346254609,0.042105221644292985,0.9664197346254609,0.04289224064135524,787.0,0.944628316183282,0.06934546625467766,0.944628316183282,0.0504087042359094,42.0,0.9624688646814374,0.04970192440867872,0.9624688646814374,0.05251487019726584,1.6,0.9749167849751156,0.03318672683228503,0.9749167849751156,0.05286426035670837,4.85,0.975724210647005,0.030064655640692856,0.975724210647005,0.030177276036995132,0.0,0.9428579121679377,0.0670631536497633,0.9428579121679377,0.043861328672342235,24.7,0.9730033994373906,0.03443852106111332,0.9730033994373906,0.038551036988503894,51.4,0.9580314659630678,0.05143639152208099,0.9580314659630678,0.034441970735363835
43.9,0.9648733732042553,0.04370182063528223,0.9648733732042553,0.04418681034380707,804.0,0.9442523119705325,0.06972662119352133,0.9442523119705325,0.05201723233387966,43.0,0.9627665399748199,0.04930144433526269,0.9627665399748199,0.05156397287948622,-4.7,0.9756920908781581,0.032182054761525844,0.9756920908781581,0.04997998102573683,4.82,0.9737689934392467,0.0321940101682951,0.9737689934392467,0.03161889532859434,1.0,0.9439911728748821,0.06561584530842758,0.9439911728748821,0.04245931919681765,22.0,0.9730033994373903,0.034438521061113316,0.9730033994373903,0.03965275209808794,54.5,0.9598924541170969,0.049640370672875474,0.9598924541170969,0.03357633204885209
65.5,0.9650961716272388,0.04344075602761636,0.9650961716272388,0.044139530037279835,1514.0,0.9422938656031247,0.07223867147227399,0.9422938656031247,0.05797300341237811,19.0,0.961406896243145,0.05125607157142764,0.961406896243145,0.05268249117713857,-5.5,0.9747188511123318,0.033408356729366886,0.9747188511123318,0.05341524388045346,13.97,0.9744445579116906,0.031379192329622045,0.9744445579116906,0.030719270678738923,13.0,0.942481907955188,0.06744440053682504,0.942481907955188,0.04239488620883578,31.0,0.9741366601443348,0.03290192482430393,0.9741366601443348,0.038342250931126476,51.8,0.9615635540818794,0.047590105117764445,0.9615635540818794,0.03257873923338123
68.2,0.9644405415299546,0.04436965924451539,0.9644405415299546,0.04727903490440326,1189.0,0.9418731333173576,0.07269172025376984,0.9418731333173576,0.056047562962405754,55.0,0.9650614396883134,0.045596316747955085,0.9650614396883134,0.04551793035003233,-1.6,0.9745209172495484,0.03362989387827418,0.9745209172495484,0.05290114802005555,11.51,0.9763997751194489,0.02924663899734744,0.9763997751194489,0.02927765138713971,24.0,0.9396172388133293,0.07025702593221565,0.9396172388133293,0.04446192134910054,29.8,0.9761965100193344,0.03069530355540252,0.9761965100193344,0.03670210533421373,63.9,0.9605480842143813,0.04871973006467981,0.9605480842143813,0.03285262073947265
47.8,0.9649783807877926,0.04381201272206993,0.9649783807877926,0.045982367097362135,2103.0,0.9418731333173576,0.07269172025377053,0.9418731333173576,0.05502056090094831,69.0,0.966225225555498,0.044321166708711675,0.966225225555498,0.04331016658037708,1.6,0.9727954837273456,0.03556831316841348,0.9727954837273456,0.05679080426082009,8.33,0.9768879965141893,0.028755700774570823,0.9768879965141893,0.02853763708945802,34.0,0.9378085134558948,0.07166189714129295,0.9378085134558948,0.04358923020983043,25.9,0.9767343492771723,0.030122730075646937,0.9767343492771723,0.034614272632351145,71.0,0.958346092695891,0.05121311599124794,0.958346092695891,0.03457402284579918
20.0,0.9649783807877925,0.043812012722069575,0.9649783807877925,0.04336802282344199,1823.0,0.9435306752317337,0.07110558252657338,0.9435306752317337,0.053417923190621136,50.0,0.9670005314585404,0.04333485121245409,0.9670005314585404,0.03921015872810509,5.5,0.9714642891576176,0.0373196273737139,0.9714642891576176,0.05982691077680602,18.06,0.9755283527825147,0.03076966314344337,0.9755283527825147,0.03073474015686364,41.0,0.9374026600792599,0.07188296023250701,0.9374026600792599,0.04296194778342807,32.5,0.9745478383338424,0.03348672319606911,0.9745478383338424,0.040187966315289585,62.7,0.9594148235074368,0.05021512882928184,0.9594148235074368,0.03377020394959412
70.2,0.9651763146505761,0.043594867377830936,0.9651763146505761,0.043799917202006204,2089.0,0.9450380176266739,0.06974878610273529,0.9450380176266739,0.053685510425598354,25.0,0.9662398937777189,0.0441553928489203,0.9662398937777189,0.04125177455765767,-2.3,0.9717619644509999,0.036911325354170424,0.9717619644509999,0.058432950652192006,11.24,0.9750507221728544,0.03136382610450226,0.9750507221728544,0.03160716124434988,46.0,0.9368320706664136,0.07219533689405985,0.9368320706664136,0.042413594284973474,31.4,0.9752234028062863,0.03267211451508668,0.9752234028062863,0.03919481578742572,68.2,0.9594148235074366,0.050215128829282536,0.9594148235074366,0.0328664336676736
30.2,0.9659516205536187,0.04260911554751605,0.9659516205536187,0.04213353618245355,2185.0,0.9466955595410501,0.06815130874259133,0.9466955595410501,0.05342508047806368,20.0,0.9652244239102203,0.045294614893803625,0.9652244239102203,0.04139289057322993,-0.8,0.9724175945482841,0.035969887208833776,0.9724175945482841,0.054918548905754004,7.39,0.9746299898870875,0.03185247395890613,0.9746299898870875,0.03236357528221843,43.0,0.9357862334436022,0.07320296675445256,0.9357862334436022,0.04116902254710219,27.8,0.9750254689435027,0.032893922815368445,0.9750254689435027,0.03884674937985251,74.5,0.9608762846680032,0.04855381317391038,0.9608762846680032,0.03309879361829754
18.0,0.9656967883669421,0.04292993378346601,0.9656967883669421,0.043085477889663805,1346.0,0.9470715637537996,0.06776839881324236,0.9470715637537996,0.051582895945699786,35.0,0.9667336888299144,0.04338222524116252,0.9667336888299144,0.04150034913958947,10.2,0.9729701020283431,0.03523550514006689,0.9729701020283431,0.05459722210004158,2.83,0.9723168178754271,0.03450947467737189,0.9723168178754271,0.03531957874992835,33.67243525896414,0.9369375435593942,0.0718973282820689,0.9369375435593942,0.03999526963357106,18.4,0.9732632943618857,0.03468344161199913,0.9732632943618857,0.04043594536862759,65.1,0.9619628947771766,0.04760764986837195,0.9619628947771766,0.03378733253411832
40.4,0.9674771643843838,0.0404735514041702,0.9674771643843838,0.04103130073842244,800.0,0.9462676566618335,0.0684290360230201,0.9462676566618335,0.051217728852104086,36.0,0.9669885210165914,0.04306115753617593,0.9669885210165914,0.040906705431879284,-4.7,0.9726724267349609,0.03564485574434119,0.9726724267349609,0.055002742664327725,4.52,0.9708553567148601,0.036213459845488065,0.9708553567148601,0.03853028209883203,29.0,0.9363772248148534,0.07229293159007313,0.9363772248148534,0.0419295334025807,20.8,0.9722478244943875,0.03584150839280011,0.9722478244943875,0.043834594766683874,54.1,0.9607991089099919,0.04887271971862623,0.9607991089099919,0.034691789079214566
65.1,0.9663723528393859,0.042129747976261935,0.9663723528393859,0.04265074339957531,1882.0,0.9460895863118673,0.06860405168460769,0.9460895863118673,0.054567107928433375,39.0,0.9664576294628838,0.043517077729118704,0.9664576294628838,0.03961237141035497,3.1,0.9720167966376765,0.036586772570901725,0.9720167966376765,0.05736920697137774,13.23,0.9697220960079159,0.037740750210178774,0.9697220960079159,0.03961031454887395,19.0,0.9349002593569823,0.07350557156019111,0.9349002593569823,0.0433366393696879,26.7,0.9711430129493894,0.037511599624950584,0.9711430129493894,0.045228969264838895,68.6,0.9600384712291704,0.04968317207730402,0.9600384712291704,0.03750967776194932
72.5,0.9647148109250098,0.04381003348576607,0.9647148109250098,0.043634541379609246,1071.0,0.9480532988322138,0.06567467704472901,0.9480532988322138,0.05196455843700293,52.0,0.9645024122551252,0.045597802667281445,0.9645024122551252,0.040853489223935904,5.5,0.9717939982146931,0.036851424035097585,0.9717939982146931,0.05819189163661783,11.21,0.9695241621451323,0.03796019740584061,0.9695241621451323,0.03917500089716708,26.0,0.9349002593569823,0.07350557156019179,0.9349002593569823,0.04307662470341189,30.2,0.9704674484769455,0.03831924118418891,0.9704674484769455,0.04592608850800053,63.1,0.9613516163900511,0.04815501805437011,0.9613516163900511,0.03747097239271316
75.3,0.9626549610500106,0.04596110961090183,0.9626549610500106,0.04619320037946334,2424.0,0.947798466645537,0.0659829287331135,0.947798466645537,0.05099197140217815,85.0,0.9637557075410068,0.04620958460308243,0.9637557075410068,0.040642414973369095,0.0,0.9713732659289259,0.03733597267593264,0.9713732659289259,0.05871475460893661,29.46,0.9692264868517498,0.03836718470591078,0.9692264868517498,0.041113010655612695,34.0,0.9346774609339987,0.07375066352115738,0.9346774609339987,0.0441015723262348,36.1,0.9689581835572515,0.04024742498842584,0.9689581835572515,0.048877631685529575,69.0,0.9617639047513731,0.04779715989694245,0.9617639047513731,0.03703432255672238
100.0,0.9596891613509835,0.0494056871818418,0.9596891613509835,0.04944636732732126,1810.0,0.9493809088001954,0.06382742213769965,0.9493809088001954,0.04924758227762334,88.0,0.9615970440935954,0.048420732699549496,0.9615970440935954,0.04139020657172229,-3.1,0.9719473893353368,0.036809672310375754,0.9719473893353368,0.05804020374923519,32.17,0.9687773054040362,0.03909333177736418,0.9687773054040362,0.042794845514158616,46.0,0.9315218622214294,0.07665833191929353,0.9315218622214294,0.044451170860486416,40.0,0.9684203442994134,0.04080955231839037,0.9684203442994134,0.04903657108739441,58.8,0.9622415353610333,0.047219672125590806,0.9622415353610333,0.03866363777591767
42.4,0.9588820250993678,0.05063918088715358,0.9588820250993678,0.04945308918842348,1664.0,0.947969703759908,0.06606862064032655,0.947969703759908,0.05439233068401601,50.0,0.9608217381905528,0.049397042226444664,0.9608217381905528,0.042876681385602924,-4.7,0.9737277653527785,0.034325188732843674,0.9737277653527785,0.05632502572904673,4.72,0.9693298128840953,0.03836363194500892,0.9693298128840953,0.04064970805041997,33.67243525896414,0.9319710436691431,0.07597963229585553,0.9319710436691431,0.042434067059818704,24.7,0.9693308065833746,0.039551336737086114,0.9693308065833746,0.04516230007708196,69.4,0.9611882851246479,0.04899662343128137,0.9611882851246479,0.041041404491017223
90.6,0.9563195099432884,0.05428507701909881,0.9563195099432884,0.053347951736080784,1701.0,0.9466565585990272,0.06754881418553224,0.9466565585990272,0.056459072314785724,84.0,0.9627801845579604,0.04678330178443943,0.9627801845579604,0.03891394856813152,-3.1,0.9735496950028124,0.03451225783797028,0.9735496950028124,0.05611228374078882,22.37,0.9711101889015371,0.03588904466507131,0.9711101889015371,0.037214699043469385,50.0,0.9333022382388713,0.07435888117336624,0.9333022382388713,0.043056625377504314,34.5,0.9710396869170441,0.03680871240396469,0.9710396869170441,0.04004316685145875,67.8,0.9622037549921463,0.047866470322959286,0.9622037549921463,0.040701216013521065
95.7,0.95530404007579,0.05540087581500102,0.95530404007579,0.05481022236998949,1852.0,0.9479480878335563,0.06633214483510459,0.9479480878335563,0.05639839237463162,55.0,0.96315618877071,0.04638463170677152,0.96315618877071,0.03965559797377277,2.3,0.972975571596402,0.035040852836943616,0.972975571596402,0.057020491034883866,24.39,0.9708553567148601,0.036213459845488426,0.9708553567148601,0.03724188964095628,55.0,0.9358022068541563,0.0723168502589675,0.9358022068541563,0.042506246871909736,35.3,0.9710396869170441,0.03680871240396469,0.9710396869170441,0.03942043754894605,63.5,0.9619489228054695,0.04818456368478141,0.9619489228054695,0.03762340825860039
39.6,0.95530404007579,0.05540087581500102,0.95530404007579,0.05481022236998949,1826.0,0.9487002815899329,0.06566111629738122,0.9487002815899329,0.05542551066086004,54.0,0.9633789871936934,0.046124688145702995,0.9633789871936934,0.03929084364125348,0.0,0.9725285370093235,0.035461464368790066,0.9725285370093235,0.05655916174800875,6.83,0.9700482204632447,0.037473246956738135,0.9700482204632447,0.037884590516239644,33.67243525896414,0.9367126691381172,0.07113425634910588,0.9367126691381172,0.041198804174028186,29.4,0.9684006133393741,0.04139399474431412,0.9684006133393741,0.0455493102962602,67.1,0.9632620679663503,0.0466510570846664,0.9632620679663503,0.03702006699120757
96.1,0.9535951597421204,0.05806360084049325,0.9535951597421204,0.0587591511073536,1710.0,0.9489551137766096,0.06535245120934949,0.9489551137766096,0.05423780401178269,77.0,0.9633789871936934,0.046124688145702995,0.9633789871936934,0.03858451835539245,5.5,0.973701463051467,0.03425979647597859,0.973701463051467,0.05377635811162845,24.7,0.9704061752671467,0.036941884019792134,0.9704061752671467,0.03850482100288993,54.0,0.9362634876904036,0.07181910595658032,0.9362634876904036,0.04290106000858947,35.7,0.9689531208194332,0.04066590842927107,0.9689531208194332,0.045461165677667864,58.8,0.962964392672968,0.04705257808011783,0.962964392672968,0.03448989230526004
98.8,0.9535951597421204,0.05806360084049291,0.9535951597421204,0.05791208615370229,1819.0,0.9451522543317551,0.0709645224968286,0.9451522543317551,0.05953563151467133,50.0,0.9649614293483516,0.04389759833067013,0.9649614293483516,0.03588696024068616,-7.0,0.9752998077543377,0.03242523183220351,0.9752998077543377,0.05106892149103018,23.66,0.9708943966618873,0.03645800950454141,0.9708943966618873,0.03687429976684795,55.0,0.9360655538276201,0.0720232343688347,0.9360655538276201,0.04394689011768535,34.5,0.9694909600772711,0.040103367359576966,0.9694909600772711,0.04346108107256439,62.4,0.964473657592662,0.04514774628536995,0.964473657592662,0.031215854390049418
22.7,0.9544487945645302,0.05710605072415302,0.9544487945645302,0.05587189522528721,1812.0,0.9456014357794688,0.07027211698640166,0.9456014357794688,0.0595626712445558,20.0,0.9646215239532971,0.04423830830052453,0.9646215239532971,0.03580899913316734,-9.4,0.9747010051186045,0.033101116623331275,0.9747010051186045,0.05280304724218218,4.5,0.970295594026154,0.037128171919003215,0.970295594026154,0.03867508493414892,51.0,0.9387948066878774,0.06961658920400876,0.9387948066878774,0.04268218078740217,22.4,0.9692681616542876,0.04036647916237928,0.9692681616542876,0.044177819463405606,69.8,0.964473657592662,0.04514774628536995,0.964473657592662,0.033796576283065226
17.6,0.9544487945645302,0.05710605072415302,0.9544487945645302,0.05346034985485344,1656.0,0.9486109855226267,0.06631905466757376,0.9486109855226267,0.05605296119363442,21.0,0.9638608862724756,0.045055949256163706,0.9638608862724756,0.035309638339600644,0.0,0.9751480397056831,0.032678410675682786,0.9751480397056831,0.05218038490922704,4.38,0.9690110500541973,0.03831445472411073,0.9690110500541973,0.04020950456165273,33.67243525896414,0.9402562678484443,0.06802444935653063,0.9402562678484443,0.04169468824964089,22.0,0.9678848041099187,0.04161583941328049,0.9678848041099187,0.045537675958193566,63.1,0.9642508591696785,0.04540823519348028,0.9642508591696785,0.03494856643017083
18.8,0.9541088891694757,0.05743800484774933,0.9541088891694757,0.05509642973985393,1207.0,0.9469534436082505,0.06792345418395422,0.9469534436082505,0.05627888581594406,22.0,0.963484882059726,0.045455455951434035,0.963484882059726,0.036197473228270174,13.3,0.974325000905855,0.033510123114983775,0.974325000905855,0.0528003666117871,3.33,0.9680036967225781,0.03916271754229302,0.9680036967225781,0.0395623148407695,34.0,0.9394809619454018,0.06896115629314556,0.9394809619454018,0.04305283711454968,19.6,0.9664078386520477,0.04292371455594191,0.9664078386520477,0.045562069397222946,60.4,0.9676172814177242,0.04100650648374922,0.9676172814177242,0.03193879720355549
24.3,0.9551243590369741,0.05632591601708503,0.9551243590369741,0.05328307843977616,1094.0,0.9468488109410097,0.06799464508920752,0.9468488109410097,0.055460491024419835,39.0,0.9615302859921947,0.047328480327107354,0.9615302859921947,0.037506475031453164,0.0,0.9738779663187765,0.033932065223032784,0.9738779663187765,0.05251018088327492,3.83,0.9680036967225781,0.03916271754229302,0.9680036967225781,0.0395623148407695,28.0,0.9416674728887314,0.06580600131571925,0.9416674728887314,0.039306501150781714,20.4,0.9664078386520477,0.04292371455594191,0.9664078386520477,0.045562069397222946,66.3,0.9663041362568436,0.04255519036372943,0.9663041362568436,0.033142514326135464
43.5,0.9551243590369741,0.05632591601708503,0.9551243590369741,0.05328307843977616,753.0,0.9458414576093902,0.06879006613218012,0.9458414576093902,0.05247476551008167,33.0,0.9609314833564618,0.04798496947019524,0.9609314833564618,0.03666232756998313,-5.5,0.9717576849062802,0.03676374465574077,0.9717576849062802,0.05587684626837621,4.63,0.9680036967225781,0.03916271754229302,0.9680036967225781,0.0395623148407695,33.67243525896414,0.9393260746044436,0.06978130325195499,0.9393260746044436,0.045338504587361474,20.8,0.9661530064653708,0.04324461201443745,0.9661530064653708,0.04558754977624867,48.2,0.9660493040701669,0.04287614813561468,0.9660493040701669,0.032908491195545904
37.6,0.9563097827185592,0.05532853598162933,0.9563097827185592,0.05289208238182694,785.0,0.9452163526723459,0.06935676886693193,0.9452163526723459,0.054355099025187543,34.0,0.9593490412018035,0.05019540902932105,0.9593490412018035,0.040675530231015146,-3.9,0.9693732401001668,0.04031385675551434,0.9693732401001668,0.06012084608514649,4.29,0.9686898519801022,0.03846220286479836,0.9686898519801022,0.038915242432285196,8.0,0.9404308861494416,0.06820666280138366,0.9404308861494416,0.04492317713206062,20.4,0.9666908457232092,0.04268526182413363,0.9666908457232092,0.04498950141704315,59.2,0.9668246099732094,0.04188886531670684,0.9668246099732094,0.0320087140169697
38.4,0.9574145942635572,0.05370582137944205,0.9574145942635572,0.05318697842526819,803.0,0.9470357686368147,0.06724543442134247,0.9470357686368147,0.05326733673730111,35.0,0.9593490412018035,0.05019540902932105,0.9593490412018035,0.040675530231015146,-1.6,0.9684000003343405,0.041523627332193426,0.9684000003343405,0.06281861955812922,4.39,0.96839217668672,0.03886866549470381,0.96839217668672,0.04048630683365176,0.0,0.9393260746044438,0.069781303251955,0.9393260746044438,0.04653913826087251,20.8,0.9664360135365322,0.04300632276869638,0.9664360135365322,0.04558771779230493,57.3,0.9677978497390355,0.040681564295587634,0.9677978497390355,0.031259579921056546
46.3,0.9576373926865408,0.053449259039195604,0.9576373926865408,0.05300619748892087,815.0,0.9455743074762479,0.06885179450931672,0.9455743074762479,0.054295691142546475,36.0,0.9593490412018035,0.05019540902932105,0.9593490412018035,0.040675530231015146,3.9,0.969025105271385,0.04092284533099574,0.969025105271385,0.05982069489024616,4.99,0.9670325329550451,0.040850189883233086,0.9670325329550451,0.042429424221480785,33.67243525896414,0.9393260746044438,0.069781303251955,0.9393260746044438,0.04776252954265442,21.2,0.9647271332028626,0.0457243464514789,0.9647271332028626,0.048514741006031745,55.3,0.9672453422589765,0.04140871774640343,0.9672453422589765,0.031599374255599846
43.1,0.9550748775304615,0.05708253868243,0.9550748775304615,0.05722279726783628,812.0,0.9440650425565539,0.07067860810084198,0.9440650425565539,0.05268630035577615,35.0,0.9583335713343053,0.05131944006932315,0.9583335713343053,0.04050649978102512,-4.7,0.969025105271385,0.04092284533099467,0.969025105271385,0.057110096183166856,4.41,0.9666118006692782,0.04133046684092123,0.9666118006692782,0.043190515195238775,0.0,0.9390712424177668,0.07008527593484389,0.9390712424177668,0.04886809740127143,20.8,0.9643064009170954,0.046201267378273125,0.9643064009170954,0.04850505358522125,60.8,0.9665897121616921,0.042341199658390755,0.9665897121616921,0.03349763527428358
48.2,0.9570385900508077,0.05409902214271158,0.9570385900508077,0.0522679542289927,784.0,0.9451698541015519,0.0690962573139535,0.9451698541015519,0.05205581923078957,34.0,0.9577295025456334,0.052373704089615225,0.9577295025456334,0.044389677199702285,10.9,0.9687702730847082,0.041245199503276264,0.9687702730847082,0.058535567169304636,5.45,0.9663141253758958,0.04173512317613925,0.9663141253758958,0.044740349589899975,33.67243525896414,0.9393689177111493,0.06970174640286858,0.9393689177111493,0.0476106143190394,23.5,0.963531095014053,0.04718233416878824,0.963531095014053,0.049831868483061315,60.0,0.9668873874550745,0.04193660727219525,0.9668873874550745,0.03316665867312381
40.8,0.9579490523347689,0.05286912986317857,0.9579490523347689,0.050740246024724114,777.0,0.9432152580340204,0.07088117255536691,0.9432152580340204,0.05247780153054419,43.0,0.9588808126614254,0.05100827515354294,0.9588808126614254,0.04261999342905351,-0.8,0.968472597791326,0.04165084271601941,0.968472597791326,0.05997022881359227,4.64,0.964804860456202,0.04364919527749614,0.964804860456202,0.04604915789619927,1.0,0.9382356570042046,0.07113625644613808,0.9382356570042046,0.0485002178076988,20.8,0.9625578552482267,0.048377379196104735,0.9625578552482267,0.04992867637571981,55.3,0.9675735427125987,0.04123893240279375,0.9675735427125987,0.03162852390942197
42.4,0.9593602573750563,0.05058286987259923,0.9593602573750563,0.04663272550316742,805.0,0.9436622926210989,0.07049101773149764,0.9436622926210989,0.05298240052756412,38.0,0.9588808126614254,0.05100827515354223,0.9588808126614254,0.04350404916652432,2.3,0.9704288972980986,0.03930841376049689,0.9704288972980986,0.05737900799838996,4.95,0.9628411479358554,0.046680037721179554,0.9628411479358554,0.04979949443000649,0.0,0.9382356570042046,0.07113625644613808,0.9382356570042046,0.04746249042546337,21.6,0.9632334197206706,0.04758381125767016,0.9632334197206706,0.04914165917241688,53.3,0.9669314706657209,0.041780416884165804,0.9669314706657209,0.030639707952289128
58.8,0.9577778152203978,0.05278514514954221,0.9577778152203978,0.04864267234217398,920.0,0.942986728148655,0.07125068063652952,0.942986728148655,0.05540559574249637,55.0,0.9579703503774645,0.05224122947963452,0.9579703503774645,0.041985753136251226,4.7,0.9695752624756887,0.04029936282282002,0.9695752624756887,0.05959929364024311,9.27,0.9617078872289109,0.04818168556901967,0.9617078872289109,0.05298408782592381,12.0,0.9378777022003028,0.07163603238880428,0.9378777022003028,0.04895435716620012,29.0,0.9634882519073473,0.047265100259281344,0.9634882519073473,0.048327749958319656,54.1,0.9674839781457799,0.041053726999454226,0.9674839781457799,0.02959026369784308
55.3,0.9576159801753094,0.05293963028394037,0.9576159801753094,0.04823048892466267,2326.0,0.9432324201603725,0.07106381371125804,0.9432324201603725,0.05499739705350011,59.0,0.9574178428974055,0.05295385359668644,0.9574178428974055,0.043305106510137845,7.0,0.9684239523598966,0.041694114351159994,0.9684239523598966,0.060997424177090365,8.52,0.9618697222739995,0.0480256634782188,0.9618697222739995,0.05118569002852143,19.0,0.9367728906553049,0.07320191710722929,0.9367728906553049,0.05074026450718766,22.4,0.9645892131524691,0.04636787139337465,0.9645892131524691,0.0473370384479744,69.4,0.9684994480132783,0.03990716692353345,0.9684994480132783,0.03078240508466184
63.9,0.9591984223299675,0.05073801124423318,0.9591984223299675,0.044951317837026744,1785.0,0.9430705851152841,0.07121254317030619,0.9430705851152841,0.05198962534353955,52.0,0.9574178428974055,0.05295385359668644,0.9574178428974055,0.043305106510137845,-7.8,0.967648646456854,0.042683298667361834,0.967648646456854,0.06068085095790325,17.22,0.9616148900873227,0.048343595403270344,0.9616148900873227,0.051847601491196826,31.0,0.9332365015434317,0.07676766715296625,0.9332365015434317,0.05119944153493496,32.2,0.963913648680025,0.04716350261392416,0.963913648680025,0.04672480040642862,64.7,0.9688754522260278,0.039503243591157054,0.9688754522260278,0.02940951572166542
55.3,0.9597509298100266,0.050022672700340706,0.9597509298100266,0.04489429360864839,2667.0,0.9422952792122415,0.07214977056956477,0.9422952792122415,0.05329053922241903,34.0,0.9551492454852232,0.05582591177031145,0.9551492454852232,0.04459883039561565,3.1,0.969157911376548,0.04076168545484342,0.969157911376548,0.056296858863937004,8.44,0.9643392402884907,0.044503072457617435,0.9643392402884907,0.04864718011157623,30.0,0.9320727156762474,0.07795505468653416,0.9320727156762474,0.05041404968407039,25.9,0.9632380842075814,0.047957973069171225,0.9632380842075814,0.047928401555729236,70.6,0.9695005571630723,0.03890083698860465,0.9695005571630723,0.02901584655031961
41.2,0.9588404675260654,0.05125776979595441,0.9588404675260654,0.0463076951079757,1514.0,0.9422952792122415,0.07214977056956477,0.9422952792122415,0.05443464374267837,62.0,0.9551492454852232,0.05582591177031145,0.9551492454852232,0.043748001028127495,3.9,0.969157911376548,0.04076168545484342,0.969157911376548,0.05800878934319386,9.75,0.9647884217362044,0.04378293662714745,0.9647884217362044,0.050255293591112915,32.0,0.931775040382865,0.07833262398432304,0.931775040382865,0.050227352181316194,30.2,0.9623276219236202,0.0491998579723515,0.9623276219236202,0.050346855682721035,65.1,0.9704737969288983,0.037686965268296506,0.9704737969288983,0.028941213335201995
24.3,0.9571829256116894,0.0529080253311699,0.9571829256116894,0.04628096689328057,1571.0,0.9459587556134424,0.06775715227445284,0.9459587556134424,0.04758434405170066,19.0,0.9560597077691843,0.05460029458936826,0.9560597077691843,0.04476966782058982,2.3,0.9700668650570557,0.039798052812774966,0.9700668650570557,0.058121531876397216,9.65,0.963205979581546,0.046009788722948475,0.963205979581546,0.052670871897489493,30.0,0.9295885294395351,0.08142192997090446,0.9295885294395351,0.05599381719857895,29.8,0.9611943612166757,0.050697677922002096,0.9611943612166757,0.0510013459948847,70.6,0.9704737969288983,0.03768696526829687,0.9704737969288983,0.030312544307281485
16.5,0.9543159394850744,0.05624370248724065,0.9543159394850744,0.05034861998602364,1399.0,0.9466343200858863,0.06699228077191816,0.9466343200858863,0.043458411488779776,34.0,0.9560597077691843,0.05460029458936826,0.9560597077691843,0.04711884428723284,6.2,0.9706047043148939,0.03923433248328742,0.9706047043148939,0.058945878658229645,3.46,0.9620546694657539,0.04738791025837527,0.9620546694657539,0.05572996533840146,19.0,0.930141036919594,0.0807487305696122,0.930141036919594,0.05698862584370938,20.8,0.9616150935024429,0.05022439390936441,0.9616150935024429,0.05134169200362668,61.2,0.9708945292146655,0.03720304723682132,0.9708945292146655,0.030668349243632435
43.9,0.954538737908058,0.05598864383671029,0.954538737908058,0.05086022525705967,798.0,0.9447902833712982,0.06889920476190989,0.9447902833712982,0.04403353696645036,36.0,0.9556837035564347,0.05499252716205278,0.9556837035564347,0.048390708835774905,-1.6,0.97157794408072,0.0380193252395833,0.97157794408072,0.056557155647058474,4.83,0.9617147640706997,0.04772626706006859,0.9617147640706997,0.056497312567795756,11.0,0.9277998420504265,0.08290087459198915,0.9277998420504265,0.05887690973130362,22.0,0.9612751881073883,0.05056157812877111,0.9612751881073883,0.05211484017097647,59.6,0.9702957265789324,0.03787275024431897,0.9702957265789324,0.02925255878874539
60.8,0.9552993755888796,0.05518830733806926,0.9552993755888796,0.04963757726837011,927.0,0.9417807336281403,0.07282637488841309,0.9417807336281403,0.052924026165731344,73.0,0.9544938188030591,0.05592536325418188,0.9544938188030591,0.04686468208525897,-3.9,0.97157794408072,0.03801932523958258,0.97157794408072,0.05727382723127507,7.76,0.962730233938198,0.04659409755437057,0.962730233938198,0.05282610698321395,33.67243525896414,0.9277998420504265,0.08290087459198915,0.9277998420504265,0.060446610882044595,26.7,0.96203582578821,0.04975067632936356,0.96203582578821,0.04959429409294518,63.9,0.9704737969288983,0.03768696526829687,0.9704737969288983,0.030312544307281485
89.8,0.9539160180445108,0.05639649926554518,0.9539160180445108,0.04928166536895669,1878.0,0.9413031030184802,0.07337758257069737,0.9413031030184802,0.05550370558295385,47.0,0.95537355251166,0.055279371676610164,0.95537355251166,0.04616271454589551,0.0,0.9712380386856655,0.038364640073348735,0.9712380386856655,0.059548459401058774,26.32,0.9617147640706997,0.0477262670600693,0.9617147640706997,0.054241843675441874,26.0,0.9295802180678684,0.08062374509951721,0.9295802180678684,0.056210639745047836,35.7,0.9612751881073883,0.05056157812877111,0.9612751881073883,0.04983280777383006,65.1,0.9688754522260278,0.039503243591157054,0.9688754522260278,0.03148717197960593
80.4,0.9539160180445108,0.05639649926554518,0.9539160180445108,0.04928166536895669,1399.0,0.9390345056062978,0.07614769758521561,0.9390345056062978,0.054657617616277826,23.0,0.9571929684761288,0.05311573239618183,0.9571929684761288,0.04560176879188128,3.9,0.9709528391436756,0.03862369804088459,0.9709528391436756,0.060831615922457456,17.17,0.9617147640706997,0.0477262670600693,0.9617147640706997,0.054241843675441874,34.0,0.930489171748376,0.07974159258083012,0.930489171748376,0.056760560614359065,32.9,0.9612751881073883,0.05056157812877111,0.9612751881073883,0.04983280777383006,63.1,0.9679022124602015,0.04071316497225584,0.9679022124602015,0.03390621997404495
18.8,0.9523335758898526,0.058575661654196864,0.9523335758898526,0.05260590398577379,1205.0,0.9400077453721241,0.0750130294035138,0.9400077453721241,0.05244426670006531,36.0,0.95537355251166,0.055279371676610164,0.95537355251166,0.04876329768662716,10.9,0.9711309094936414,0.03843791558083746,0.9711309094936414,0.0597180509063381,3.46,0.9609541263898781,0.04853847289406678,0.9609541263898781,0.05747439370753324,17.0,0.9313996340323368,0.07857377210217306,0.9313996340323368,0.0568228848405131,19.2,0.961473121970172,0.05034672481514839,0.961473121970172,0.050924841876424806,68.6,0.9679022124602015,0.04071316497225584,0.9679022124602015,0.03390621997404495
43.1,0.9515729382090309,0.05937053257618499,0.9515729382090309,0.053828551974463346,772.0,0.9392169351717772,0.07557660050600913,0.9392169351717772,0.05244797913825402,35.0,0.9563890223791585,0.05416335406357951,0.9563890223791585,0.05110366194777212,3.1,0.968014205306311,0.04360283713257095,0.968014205306311,0.06619825772440475,4.59,0.9592830264250954,0.05058568257876119,0.9592830264250954,0.06112501900906075,0.0,0.9318772646419972,0.07803181282270723,0.9318772646419972,0.05335505170154602,21.2,0.9601599768092914,0.051872095529907784,0.9601599768092914,0.053762298268941404,54.9,0.9673497049801425,0.04144038385208053,0.9673497049801425,0.03751261947704783
43.9,0.9504216280932389,0.06071448754036696,0.9504216280932389,0.05702035228974626,813.0,0.9377891769429566,0.07698271399788495,0.9377891769429566,0.055387156366368435,42.0,0.9561341901924817,0.0544776931086028,0.9561341901924817,0.04954304628278644,-3.1,0.968014205306311,0.04360283713257095,0.968014205306311,0.06688680339297215,4.97,0.9597606570347557,0.05001119470612296,0.9597606570347557,0.05845601639168687,0.0,0.9286442477512925,0.08140711758562186,0.9286442477512925,0.05630850674649962,22.4,0.9603827752322749,0.051614300602089484,0.9603827752322749,0.05224856682255137,57.6,0.9682033398025521,0.040452877297091225,0.9682033398025521,0.035886901228241196
44.7,0.9481693567323253,0.06291808647538565,0.9481693567323253,0.05687470458347197,771.0,0.9382668075526168,0.07643567753808182,0.9382668075526168,0.05280747694914593,37.0,0.9561341901924817,0.0544776931086028,0.9561341901924817,0.04954304628278644,-1.6,0.9686393102433556,0.043003658343220764,0.9686393102433556,0.06534362757258155,4.95,0.9587451871672573,0.05113594904559643,0.9587451871672573,0.05829896625342238,1.0,0.9288670461742761,0.08116567186470137,0.9288670461742761,0.05497356017728648,22.4,0.9610799775191196,0.0510765408354845,0.9610799775191196,0.05133588311816511,54.9,0.9675477097052679,0.04138698625139688,0.9675477097052679,0.03921044781754906
44.3,0.9467078955717585,0.06453329075681764,0.9467078955717585,0.05762094052891741,789.0,0.9419213509977853,0.07101918277044868,0.9419213509977853,0.051061786849319495,39.0,0.9559113917694981,0.05473357390946313,0.9559113917694981,0.04986073429006372,-3.1,0.9712018253994348,0.039277355717037256,0.9712018253994348,0.06009916514406967,4.89,0.9571627450125991,0.05333579007121412,0.9571627450125991,0.06189050841026028,2.0,0.9288670461742761,0.08116567186470137,0.9288670461742761,0.05497356017728648,22.0,0.9617356076164038,0.05015565795719275,0.9617356076164038,0.04807539909757353,54.5,0.9691301518599263,0.0391418728617682,0.9691301518599263,0.038593243511228
49.0,0.9480675393034332,0.06262980637671783,0.9480675393034332,0.05519039720876298,799.0,0.9419213509977853,0.07101918277044868,0.9419213509977853,0.051553309054948315,38.0,0.956510194405231,0.05408505286979136,0.956510194405231,0.05258254269838826,-0.8,0.9718773898718787,0.03846972953962265,0.9718773898718787,0.0591095756728638,4.9,0.9564765897550751,0.054016648072944345,0.9564765897550751,0.0630289184838212,1.0,0.9301348378739668,0.08036615949875035,0.9301348378739668,0.05362624227377219,22.0,0.9592189893650904,0.05287224521391637,0.9592189893650904,0.050308352860888604,53.7,0.9691301518599263,0.0391418728617682,0.9691301518599263,0.038593243511228
44.7,0.9509345254300481,0.05933743262120844,0.9509345254300481,0.05138247752487496,801.0,0.9401959174755827,0.0728200965491356,0.9401959174755827,0.05208965090710229,41.0,0.9567081282680149,0.053872096938864446,0.9567081282680149,0.05244715244165058,2.3,0.9714303552848002,0.038888252563424,0.9714303552848002,0.05975198590336249,4.95,0.9576620134366601,0.05301479802541202,0.9576620134366601,0.06315376045190463,0.0,0.9294792077766825,0.08123318274296322,0.9294792077766825,0.055968444622466564,22.4,0.959441787788074,0.05261495878142958,0.959441787788074,0.049866984253099454,52.5,0.9673679772783091,0.04090846964166935,0.9673679772783091,0.039618580948405605
37.6,0.9512744308251027,0.05900739783155429,0.9512744308251027,0.050588566790688135,1835.0,0.9379939259570925,0.07519929711159697,0.9379939259570925,0.053133964758680007,20.0,0.9567081282680147,0.05387209693886444,0.9567081282680147,0.05270449057666006,0.0,0.9718773898718789,0.03846972953962266,0.9718773898718789,0.057944653337877884,7.56,0.9576620134366601,0.05301479802541202,0.9576620134366601,0.06075716522313706,55.0,0.9289267002966234,0.08190554657993615,0.9289267002966234,0.05641127053837233,25.1,0.9591565882460841,0.052866358049619665,0.9591565882460841,0.047798016207289754,74.1,0.9662631657333112,0.04256397193555261,0.9662631657333112,0.0433022714644479
18.0,0.9484074446984875,0.06230207471651108,0.9484074446984875,0.053202643062937,1434.0,0.9352695757559246,0.0788384702736226,0.9352695757559246,0.05343241933324645,56.0,0.9567081282680149,0.053872096938864446,0.9567081282680149,0.05479158170468558,13.3,0.9724761925076117,0.037799227237187795,0.9724761925076117,0.057437904308823284,3.98,0.956608763200275,0.05477641618201561,0.956608763200275,0.05821850885776834,43.0,0.9298371625805846,0.08074206825331079,0.9298371625805846,0.054598918014980104,21.2,0.9599318941491265,0.051894681689399216,0.9599318941491265,0.045235171850171126,65.1,0.9676228094649859,0.040586524678170206,0.9676228094649859,0.04075809604067241
65.1,0.947274183991543,0.06376085755281784,0.947274183991543,0.05411418422812973,1561.0,0.9360448816589673,0.07791465793256737,0.9360448816589673,0.05194544636047637,62.0,0.9567081282680149,0.053872096938864446,0.9567081282680149,0.054928090632392505,-3.1,0.9729538231172721,0.03720987429955742,0.9729538231172721,0.05665041153464781,18.55,0.956608763200275,0.05477641618201561,0.956608763200275,0.05821850885776834,50.0,0.9333024235697487,0.0772402972061483,0.9333024235697487,0.052091319759040834,33.3,0.961065154856071,0.050400396879862516,0.961065154856071,0.04553332224221261,69.4,0.9700406141438871,0.03788111301301604,0.9700406141438871,0.037283395879858884
43.9,0.947274183991543,0.06376085755281784,0.947274183991543,0.05411418422812973,1852.0,0.9352695757559246,0.0788384702736226,0.9352695757559246,0.05469191669325777,50.0,0.9563501734641129,0.054389234488361166,0.9563501734641129,0.05640318928555003,0.8,0.9739270628830982,0.03598971420595713,0.9739270628830982,0.05513745102035073,14.03,0.9560046944116033,0.05582648198591237,0.9560046944116033,0.05880623712409356,56.0,0.9319427798380739,0.07908998782612532,0.9319427798380739,0.05515143799299623,31.4,0.961423109659973,0.04987902483135781,0.961423109659973,0.043110285603186936,72.5,0.973407036391933,0.033425029637642115,0.973407036391933,0.03315818000171397
38.0,0.947274183991543,0.06376085755281784,0.947274183991543,0.05411418422812973,1864.0,0.9351583952627543,0.07891522571530392,0.9351583952627543,0.05456558802700708,21.0,0.9563501734641129,0.054389234488361166,0.9563501734641129,0.05640318928555003,3.9,0.9739270628830982,0.03598971420595713,0.9739270628830982,0.05513745102035073,11.69,0.9544222522569451,0.058011776873836816,0.9544222522569451,0.06303478121181574,55.0,0.9306421104285858,0.08038185441893171,0.9306421104285858,0.056471208564417015,29.8,0.9609454790503128,0.05045466012979962,0.9609454790503128,0.044510462443211,73.7,0.9742778333406948,0.03261175111565012,0.9742778333406948,0.03267698760766024
70.2,0.9483607941007163,0.06284708162246933,0.9483607941007163,0.05433394837822829,1815.0,0.9372417835888588,0.07663953705711557,0.9372417835888588,0.0507400769900325,83.0,0.9578116346246793,0.05274008529669589,0.9578116346246793,0.05412579699515788,0.0,0.9739270628830982,0.03598971420595713,0.9739270628830982,0.05513745102035073,19.19,0.9561844268385621,0.05630236294616529,0.9561844268385621,0.06209566801879878,59.0,0.9300896029485267,0.08105568618125863,0.9300896029485267,0.05566109517401152,32.9,0.9628064672043418,0.048650679420385916,0.9628064672043418,0.04430762459221458,67.8,0.9763612216667995,0.03012766536826354,0.9763612216667995,0.032198395221878645
37.6,0.9495121042165083,0.06150894535403093,0.9495121042165083,0.05189277055481206,2027.0,0.9382950338252444,0.07494057960006067,0.9382950338252444,0.0512777925511862,51.0,0.9571560045273951,0.05365515958063819,0.9571560045273951,0.056066196653954264,3.9,0.9739270628830982,0.03598971420595713,0.9739270628830982,0.05513745102035073,11.7,0.9551689569710637,0.05741584530836236,0.9551689569710637,0.06232530846006467,33.67243525896414,0.9306421104285858,0.08038185441893171,0.9306421104285858,0.054333653275218344,28.6,0.963104142497724,0.04824972311648247,0.963104142497724,0.04432799764883761,68.2,0.9774070588896111,0.029023310527087738,0.9774070588896111,0.031883469421383204
63.1,0.947548391696162,0.06445187090519114,0.947548391696162,0.05536200711945307,2073.0,0.9394749451299602,0.07391512224670073,0.9394749451299602,0.05197008512914125,39.0,0.9588557684082498,0.05212037754342623,0.9588557684082498,0.055483001972461164,3.1,0.9748360165636059,0.03501651527325835,0.9748360165636059,0.05347143373937483,19.81,0.9559295946518853,0.05661605848599993,0.9559295946518853,0.06053505235381311,63.0,0.9306421104285858,0.08038185441893138,0.9306421104285858,0.05710159435711043,33.3,0.9638794484007668,0.047269983594897154,0.9638794484007668,0.0446957427537473,68.6,0.978511870434609,0.027332315974105847,0.978511870434609,0.030155910412080746
20.0,0.9481524604848337,0.06341721293331018,0.9481524604848337,0.052987622949543324,1924.0,0.9413189818445481,0.0720302669673557,0.9413189818445481,0.051373756008551444,19.0,0.9591956738033043,0.05178468435184549,0.9591956738033043,0.055483943359400094,0.0,0.9761672111333339,0.033255631821942216,0.9761672111333339,0.050342564590316954,5.61,0.9578933071722316,0.05362870938933759,0.9578933071722316,0.05826941704565676,54.0,0.9306421104285858,0.08038185441893138,0.9306421104285858,0.058377299009966604,23.5,0.9641342805874434,0.046950959048897276,0.9641342805874434,0.04679280064726746,63.1,0.9801102151374795,0.025476833326361862,0.9801102151374795,0.028620577301593026
17.6,0.9478547851914513,0.06380671404507353,0.9478547851914513,0.05239674180463392,1476.0,0.9407880902908408,0.07245646690970804,0.9407880902908408,0.05199248786206763,37.0,0.9585095185457803,0.052468261347270256,0.9585095185457803,0.058352896498056625,5.5,0.9758092563294319,0.03379166355588117,0.9758092563294319,0.051349523335209896,3.87,0.9598517535396393,0.05103218486173598,0.9598517535396393,0.05481001200586549,28.0,0.9326736342090038,0.07876359546469561,0.9326736342090038,0.05906700529481878,21.2,0.9643891127741202,0.04663175925253107,0.9643891127741202,0.046817894261472315,62.4,0.9799321447875138,0.02566681846345545,0.9799321447875138,0.029101909579361002
44.7,0.9487652474754122,0.06259892946379983,0.9487652474754122,0.05092036447508895,768.0,0.9392222013247158,0.07372773180272246,0.9392222013247158,0.05226113130652144,50.0,0.9588674733496821,0.05194914739273462,0.9588674733496821,0.055429718015765114,-2.3,0.9755544241427551,0.034118287613580336,0.9755544241427551,0.05267710276428043,4.92,0.9589427998591317,0.05197423229448664,0.9589427998591317,0.05646311897902277,14.0,0.9326736342090038,0.07876359546469561,0.9326736342090038,0.059836580654973825,25.1,0.964643944960797,0.046312384205797814,0.964643944960797,0.04721967168825542,55.3,0.9791091059876855,0.026508773827765245,0.9791091059876855,0.029700027056072588
84.7,0.9458713417110656,0.06730955261907672,0.9458713417110656,0.055411789429731934,1982.0,0.9402754515611011,0.07202155972906227,0.9402754515611011,0.05053068858109483,61.0,0.9580766631493349,0.05254556515353639,0.9580766631493349,0.05460846232169823,0.0,0.9765698940102536,0.03295423858120034,0.9765698940102536,0.04950870949384465,25.6,0.9585667956463821,0.05236880717661826,0.9585667956463821,0.05715620160738914,46.0,0.9342719789118744,0.07708731208638052,0.9342719789118744,0.06050261795249444,35.3,0.9648987771474739,0.045992833908699286,0.9648987771474739,0.04667243096804831,66.7,0.9791091059876857,0.026508773827765255,0.9791091059876857,0.031218540840217534
64.7,0.9445706723015771,0.06864023087694428,0.9445706723015771,0.05670741558702251,2331.0,0.941146248509863,0.07127375282561874,0.941146248509863,0.05142196861155738,48.0,0.9592404490165196,0.05128887276596091,0.9592404490165196,0.05142369640966973,-7.8,0.9772454584826973,0.03213747631354083,0.9772454584826973,0.046990764959397587,9.22,0.9578806403888579,0.053051468946468054,0.9578806403888579,0.0564954818156617,48.0,0.9347496095215349,0.07654267431119481,0.9347496095215349,0.0594288826921346,27.1,0.9643609378896356,0.04654921477336795,0.9643609378896356,0.04608256101586796,70.2,0.9791091059876857,0.026508773827765255,0.9791091059876857,0.03317227053900692
62.0,0.9462282142159533,0.06704171774303631,0.9462282142159533,0.055099979337489204,2415.0,0.9416434066644424,0.07095150566674001,0.9416434066644424,0.05145849228869639,24.0,0.958752227621779,0.05175894494600273,0.958752227621779,0.050644920848685965,-3.9,0.978558603643578,0.030555980830247628,0.978558603643578,0.043482323258482405,15.17,0.9592833501165573,0.051716330506830374,0.9592833501165573,0.05567300125323399,51.0,0.9347496095215349,0.07654267431119549,0.9347496095215349,0.05874036795141061,32.2,0.965868280284576,0.04511917195003464,0.965868280284576,0.04565583635429217,71.0,0.9795973273824261,0.026015027792215088,0.9795973273824261,0.03322958643880778
18.8,0.9452462367740212,0.06787725458236957,0.9452462367740212,0.05491073267723914,2431.0,0.9412865341595545,0.07121631486080163,0.9412865341595545,0.049133805598430044,32.0,0.959543037822126,0.05116139703401756,0.959543037822126,0.05250393304797783,0.0,0.9793339095466206,0.02954527771865662,0.9793339095466206,0.04278016500505602,6.82,0.9606945551568448,0.04942497819739624,0.9606945551568448,0.054336465704684436,33.67243525896414,0.9361092532532095,0.07468302219783986,0.9361092532532095,0.05370050757139485,25.5,0.9682096785688638,0.040962353585177774,0.9682096785688638,0.038168111602082666,69.8,0.9794192570324604,0.02620481081415552,0.9794192570324604,0.03416254960522732
40.4,0.9437369718543271,0.06970491304590629,0.9437369718543271,0.05797811389691046,2267.0,0.9404793979079388,0.07240582361582665,0.9404793979079388,0.04994397121176078,22.0,0.959900992626028,0.050641193803740187,0.959900992626028,0.051471884495577165,-1.6,0.9782006488396763,0.031094373417683265,0.9782006488396763,0.045397737853302825,13.85,0.9620257497265728,0.04771096596269048,0.9620257497265728,0.05377832472927543,45.0,0.9361092532532095,0.07468302219783916,0.9361092532532095,0.053348082508115936,31.0,0.9699185589025335,0.038225547463347394,0.9699185589025335,0.03582419118877163,73.7,0.9810176017353309,0.024345687653421114,0.9810176017353309,0.03169766969474049
30.6,0.9463760454319972,0.06532107541335282,0.9463760454319972,0.05393896753983646,2184.0,0.9386353611933509,0.07428800600835227,0.9386353611933509,0.051595137460279224,20.0,0.9574955116715418,0.05364377635327952,0.9574955116715418,0.05365093862741202,3.9,0.9782006488396763,0.031094373417683265,0.9782006488396763,0.04583344546667235,9.91,0.9618029513035893,0.04797014693904357,0.9618029513035893,0.05422973008454842,33.67243525896414,0.9380926967335954,0.07123480844980556,0.9380926967335954,0.0484884046880253,28.2,0.9699185589025335,0.038225547463347394,0.9699185589025335,0.035806480720126016,75.7,0.9799717645125193,0.025459342181177146,0.9799717645125193,0.03480354846939062
33.7,0.9477356891636719,0.0634194540441428,0.9477356891636719,0.052116626358083167,2068.0,0.9348829612838958,0.0786682215166526,0.9348829612838958,0.05240533674474081,38.0,0.9577503438582184,0.053328726626169894,0.9577503438582184,0.05226150754036207,4.7,0.9771851789721778,0.03226241342902085,0.9771851789721778,0.04911771479517322,10.39,0.9624017539393221,0.04731299937474606,0.9624017539393221,0.053242544048618376,43.0,0.9391975082785932,0.06966416052003489,0.9391975082785932,0.04643720908690746,29.0,0.9699185589025335,0.03822554746334633,0.9699185589025335,0.03599501435235333,74.9,0.9790613022285584,0.026745287004118583,0.9790613022285584,0.03691721009988085
46.7,0.9477356891636719,0.06341945404414245,0.9477356891636719,0.0514242401506998,2192.0,0.933102585266454,0.08096384816512597,0.933102585266454,0.05517048691295932,28.0,0.9577503438582184,0.053328726626169894,0.9577503438582184,0.05250725342577484,-4.7,0.9773632493221436,0.03207418884981387,0.9773632493221436,0.046939397116568526,15.44,0.9608924890196283,0.04921003303703571,0.9608924890196283,0.05673601161507798,44.0,0.9376150661239351,0.0717843769269354,0.9376150661239351,0.049608137441634975,31.4,0.9690080966185723,0.03948581625554009,0.9690080966185723,0.03831276225065557,71.8,0.9790613022285584,0.026745287004119305,0.9790613022285584,0.038073723189708863
19.2,0.9477356891636719,0.06341945404414245,0.9477356891636719,0.04931793415449855,1970.0,0.933460540070356,0.08047047319790347,0.933460540070356,0.055338335607406065,30.0,0.9568398815742575,0.054557905782219474,0.9568398815742575,0.05463101050681297,3.9,0.9773632493221436,0.03207418884981387,0.9773632493221436,0.047106878492916573,5.79,0.9605345342157263,0.049731345933642944,0.9605345342157263,0.05378861060209455,40.0,0.9368079298723194,0.0729682755203638,0.9368079298723194,0.04895471555643571,26.3,0.9672992162849028,0.04221769966328052,0.9672992162849028,0.03991280310936762,63.5,0.9775998410679917,0.028473417065050962,0.9775998410679917,0.038484746016457815
44.7,0.9463244841233844,0.06565704102031755,0.9463244841233844,0.0519544887410038,1926.0,0.9322806287656401,0.08147987818332181,0.9322806287656401,0.0541573967998225,20.0,0.9571375568676397,0.054161458200091106,0.9571375568676397,0.053695679359480546,0.0,0.9791436253395854,0.02956651174335371,0.9791436253395854,0.04312250368278378,13.06,0.9616677949226708,0.048233494918971595,0.9616677949226708,0.052798575248121316,34.0,0.936152299775035,0.0738475111274131,0.936152299775035,0.04898137728471116,25.1,0.9672992162849028,0.04221769966328052,0.9672992162849028,0.03925399393114362,71.0,0.9791981857708623,0.026621609873555854,0.9791981857708623,0.03554226246457447
18.0,0.9463244841233844,0.06565704102031755,0.9463244841233844,0.05358307503580704,1565.0,0.9310060582423432,0.08239893691969916,0.9310060582423432,0.05488232986364856,38.0,0.9571375568676397,0.054161458200091106,0.9571375568676397,0.053695679359480546,1.6,0.9802768860465301,0.0280140867326584,0.9802768860465301,0.041093530978086996,3.94,0.9630274386543457,0.04627402525456349,0.9630274386543457,0.05194358316287319,18.0,0.9341980929171373,0.0754439847835551,0.9341980929171373,0.049839419154523966,21.6,0.9657918738899625,0.04365459441792832,0.9657918738899625,0.03931371252211358,63.1,0.9805293803405906,0.02484101826266836,0.9805293803405906,0.03276452550712445
37.3,0.9436854105457144,0.0700396823357812,0.9436854105457144,0.05762222139288104,803.0,0.9281413891004844,0.08512616574266986,0.9281413891004844,0.05664112552951417,44.0,0.9538229188175256,0.05940812020227998,0.9538229188175256,0.06172147422562437,-1.6,0.9807545166561902,0.027414944339035446,0.9807545166561902,0.03936011216567392,4.32,0.9639379009383067,0.04502840431514987,0.9639379009383067,0.04903630626617445,33.67243525896414,0.9341980929171373,0.0754439847835551,0.9341980929171373,0.0508564054709636,20.4,0.9641857179226101,0.04515487182698646,0.9641857179226101,0.04007823089715207,60.0,0.9797687426597689,0.02568834277298824,0.9797687426597689,0.034257156166382266
42.7,0.9415651291332181,0.07269759552150615,0.9415651291332181,0.06043538328683902,806.0,0.9251318393573267,0.08892347741086672,0.9251318393573267,0.06202340867756263,38.0,0.9530622811367041,0.06020371762973013,0.9530622811367041,0.062227286544532606,0.0,0.9812923559140284,0.02683774245752133,0.9812923559140284,0.03760721516594752,4.75,0.9646985386191282,0.044210670664537224,0.9646985386191282,0.046001197507784884,33.67243525896414,0.9337773606313704,0.07589113910623957,0.9337773606313704,0.05074073461253747,21.6,0.9639308857359333,0.04547438942391883,0.9639308857359333,0.04279663879647906,52.5,0.9773632617052826,0.028819697691916064,0.9773632617052826,0.03857654192592432
43.5,0.9378127292237631,0.07709973091042843,0.9378127292237631,0.0636182371273629,805.0,0.9251318393573265,0.08892347741086738,0.9251318393573265,0.0654849294702214,36.0,0.9530622811367041,0.06020371762973013,0.9530622811367041,0.06251193086365624,-1.6,0.9826235504837564,0.02505348660773641,0.9826235504837564,0.03525176619655114,4.79,0.9631001939162578,0.04600457228304921,0.9631001939162578,0.04579618952400681,0.0,0.935137004363045,0.07403270131543724,0.935137004363045,0.04796248101099659,22.0,0.9633783782558742,0.04619570259777356,0.9633783782558742,0.04246513657381443,53.3,0.9773632617052826,0.028819697691915704,0.9773632617052826,0.03715955905273458
67.8,0.9356845238780565,0.078950078822785,0.9356845238780565,0.0646536177635653,1991.0,0.9263117506620423,0.0879328829872201,0.9263117506620423,0.065656646359476,66.0,0.9541081183595155,0.05916024981725877,0.9541081183595155,0.06251153265073828,0.0,0.9828214843465402,0.024828267181608653,0.9828214843465402,0.035361409594892326,20.81,0.9599635553537678,0.0501919827797877,0.9599635553537678,0.04984318893965237,0.0,0.9328506483959501,0.0759665275986572,0.9328506483959501,0.04867030862792262,34.1,0.961950620027054,0.047687428416390835,0.961950620027054,0.04177440689429772,62.4,0.9770655864119004,0.02923294836981664,0.9770655864119004,0.038610633726374445
96.9,0.9339531154431422,0.08029175274160717,0.9339531154431422,0.0643324770950138,2406.0,0.9276671548842071,0.08698537545598341,0.9276671548842071,0.06677789306289886,20.0,0.9544660731634176,0.05864620968289551,0.9544660731634176,0.06137798310510212,1.6,0.9822836450887019,0.025407514484113648,0.9822836450887019,0.037114306594618736,37.17,0.9577615638352777,0.05268033467958656,0.9577615638352777,0.049723305990404164,25.0,0.9308922020285424,0.07843156468317332,0.9308922020285424,0.05211167756113255,38.4,0.9577651850281781,0.053765517854439955,0.9577651850281781,0.04692932649760223,65.9,0.9766448541261333,0.029723579870709352,0.9766448541261333,0.039186881649796466
67.5,0.9325934717114674,0.08213844950456778,0.9325934717114674,0.06674235598252629,1845.0,0.9289678242936952,0.08570761036809658,0.9289678242936952,0.06446959643117915,64.0,0.9549152546111315,0.05794052582869742,0.9549152546111315,0.06072337155381369,0.0,0.9811503843817576,0.026966260937457506,0.9811503843817576,0.03907175152016047,22.37,0.9553560828807914,0.05567051978471528,0.9553560828807914,0.04978154553358631,39.0,0.9294594808838572,0.07943490005465928,0.9294594808838572,0.05145765585252884,34.9,0.9539623255833235,0.05948075789931754,0.9539623255833235,0.05396969645266252,70.6,0.9746864077587255,0.03241197034260447,0.9746864077587255,0.04176824664171197
81.6,0.9325934717114674,0.08213844950456778,0.9325934717114674,0.06674235598252629,2330.0,0.9306767046273648,0.08316982263100121,0.9306767046273648,0.06573457090108653,58.0,0.9535556108794566,0.05986574900634838,0.9535556108794566,0.0648075341231451,-3.9,0.9811503843817576,0.026966260937457506,0.9811503843817576,0.03907175152016047,28.9,0.9544456205968305,0.056894137563731434,0.9544456205968305,0.05277788927064796,53.0,0.9259942198946929,0.08291164551878173,0.9259942198946929,0.05513853089878756,36.1,0.9539623255833235,0.05948075789931788,0.9539623255833235,0.05470571240767764,68.2,0.9737759454747645,0.03368422267129467,0.9737759454747645,0.04159255415051262
18.4,0.9353178219126355,0.07852061321141802,0.9353178219126355,0.06345335218369393,2632.0,0.9317454354389104,0.0822406594202104,0.9317454354389104,0.06731986811043368,49.0,0.9535556108794566,0.05986574900634804,0.9535556108794566,0.06227584800552604,4.7,0.9811503843817576,0.026966260937457145,0.9811503843817576,0.038651577255389216,11.75,0.9558052643285051,0.0549627276913447,0.9558052643285051,0.054128503996491335,56.0,0.9235626423278177,0.0848691935988791,0.9235626423278177,0.057296820361621564,31.8,0.9568562313476705,0.05470271101456364,0.9568562313476705,0.04687724562679476,78.8,0.9729223106523548,0.034683761077182615,0.9729223106523548,0.04387587237255958
18.0,0.9375268609572098,0.07662682349241093,0.9375268609572098,0.06201429843246187,2655.0,0.9306588253297373,0.08311324344521388,0.9306588253297373,0.06524396622134826,19.0,0.9537174459245451,0.059713170298538516,0.9537174459245451,0.06214317617586547,0.0,0.9811503843817576,0.026966260937457145,0.9811503843817576,0.03809197620469107,7.41,0.9580072558469952,0.05248519969375513,0.9580072558469952,0.05163610250444381,45.0,0.9258489982949126,0.08298033555637077,0.9258489982949126,0.05669493090456267,25.9,0.9568562313476705,0.05470271101456364,0.9568562313476705,0.04614590517027524,72.9,0.9718690604159694,0.03649517062238536,0.9718690604159694,0.044687878145567614
38.0,0.9375268609572098,0.07662682349241093,0.9375268609572098,0.06471072178376995,808.0,0.9306588253297373,0.08311324344521354,0.9306588253297373,0.06370210685476484,67.0,0.9534946475015618,0.059967116854601474,0.9534946475015618,0.06355535558893126,3.9,0.9819256902848,0.025949918407568683,0.9819256902848,0.035973426942613476,4.1,0.9560520386392367,0.05452784347289312,0.9560520386392367,0.05560260243820577,23.0,0.9280580373394872,0.0811200830803176,0.9280580373394872,0.054209680660741694,20.8,0.9537968237351412,0.05815750123234183,0.9537968237351412,0.05007509665680904,55.3,0.9730203705317614,0.03508895255729042,0.9730203705317614,0.04251226991507025
90.2,0.9379028651699594,0.07625154650575643,0.9379028651699594,0.06339052726343396,2383.0,0.9337954638922273,0.07917435545811846,0.9337954638922273,0.05713806572482814,19.0,0.9563885532659087,0.055193058133089515,0.9563885532659087,0.053564398828077904,-1.6,0.9823464225705673,0.025454880148268928,0.9823464225705673,0.033300609568706396,33.77,0.9552449023876212,0.055752018418199004,0.9552449023876212,0.059338128176642524,38.0,0.9297086120755335,0.07983287731725769,0.9297086120755335,0.05528861918462963,37.6,0.9523856186948537,0.060418410121442494,0.9523856186948537,0.05638573233084783,67.8,0.9737810082125831,0.03425508394653106,0.9737810082125831,0.04290075464339334
18.4,0.9382788693827089,0.07587594398205962,0.9382788693827089,0.06356328538824596,1099.0,0.9362213445313163,0.07694917950341675,0.9362213445313163,0.05844890911138607,65.0,0.9561337210792319,0.05550712264243393,0.9561337210792319,0.05511954131741691,-3.1,0.9821484887077836,0.025679859596856855,0.9821484887077836,0.034729631951706086,2.22,0.9569537827212907,0.053080200368357,0.9569537827212907,0.056795129930847246,33.67243525896414,0.9314174924092031,0.07728202022628596,0.9314174924092031,0.052713559895207776,19.2,0.9523856186948537,0.060418410121442494,0.9523856186948537,0.057533669770235815,60.4,0.9748268454353947,0.0331582479763827,0.9748268454353947,0.04344016048398468
78.8,0.9393247066055205,0.07486817748492235,0.9393247066055205,0.06400123711171347,1681.0,0.937354605238261,0.07552515095354792,0.937354605238261,0.05427695872048634,52.0,0.9561337210792319,0.05550712264243393,0.9561337210792319,0.05720020158964871,0.6281970010971596,0.9826863279656217,0.02510084491951847,0.9826863279656217,0.03349794529321686,19.72,0.9590371710473954,0.05068725275003894,0.9590371710473954,0.05681913516042053,38.0,0.9308649849291442,0.0779583320387017,0.9308649849291442,0.052320458546515666,33.3,0.9565710536937297,0.0544061899679969,0.9565710536937297,0.051980808205624805,66.3,0.9770954428475769,0.030169007626758476,0.9770954428475769,0.039107498170806554
32.5,0.9426393446556345,0.06976185743026225,0.9426393446556345,0.058353149054245934,1905.0,0.9399171203943402,0.07201524935619441,0.9399171203943402,0.0498655485207527,18.0,0.9561337210792319,0.05550712264243393,0.9561337210792319,0.05950200227812673,0.0,0.9831639585752819,0.024498747629433524,0.9831639585752819,0.033073868654557616,7.48,0.960083008270207,0.04962604737786675,0.960083008270207,0.05763739055653716,33.67243525896414,0.9297601733841462,0.0795037233135612,0.9297601733841462,0.05322368924042724,24.3,0.9577439797358732,0.0532488595560518,0.9577439797358732,0.05264501391993049,68.6,0.9768406106609001,0.030497030371453245,0.9768406106609001,0.0411460335517613
17.6,0.9422186123698674,0.07021620152936786,0.9422186123698674,0.06016224920457718,1441.0,0.9414244627892807,0.07066597084029277,0.9414244627892807,0.04999020945571682,36.0,0.9548330516697437,0.05687031256915012,0.9548330516697437,0.06241912704598066,1.6,0.9829660247124984,0.02472411537589116,0.9829660247124984,0.03239071218004466,3.74,0.9607691635277311,0.04893919457103068,0.9607691635277311,0.05934621430651507,31.0,0.9299581072469301,0.07930276797550173,0.9299581072469301,0.05404867368624304,21.2,0.9585670185357014,0.05244922311648175,0.9585670185357014,0.053998830114539965,61.6,0.9771507617056747,0.030195076624019015,0.9771507617056747,0.04101046618101455
21.6,0.9402601660024595,0.07272118830936783,0.9402601660024595,0.0658024292111611,1349.0,0.9406722690329041,0.07132704822040907,0.9406722690329041,0.05130336297914844,42.0,0.9546102532467601,0.057125252212465935,0.9546102532467601,0.06394540744981052,-0.8,0.9831639585752819,0.024498747629433885,0.9831639585752819,0.030417296628925044,3.61,0.9603076583556023,0.049293094863639225,0.9603076583556023,0.05970949000848615,28.0,0.9302614794680981,0.07915116808947241,0.9302614794680981,0.05445376939540448,21.6,0.9587153345353875,0.05231517302304048,0.9587153345353875,0.055775315606717606,60.8,0.9763901240248531,0.031035178426055878,0.9763901240248531,0.04310702749325387
50.6,0.9404580998652432,0.07251615612330961,0.9404580998652432,0.06469623160700788,1389.0,0.9387159695261317,0.07352597526719763,0.9387159695261317,0.056025508664414435,21.0,0.9543125779533779,0.05751963937235636,0.9543125779533779,0.06444429243376361,-2.3,0.9829660247124984,0.02472411537589116,0.9829660247124984,0.03184631901192474,10.51,0.9611612931780119,0.04832028531190856,0.9611612931780119,0.058210955153235565,26.0,0.9292162262907082,0.07984385399304088,0.9292162262907082,0.0563092748373557,29.0,0.9584925361124038,0.052572315759389955,0.9584925361124038,0.05649205399755883,67.8,0.9765681943748191,0.03084689271297947,0.9765681943748191,0.04266670802599291
19.6,0.9397825353927993,0.07327143961819985,0.9397825353927993,0.06653483475496393,1234.0,0.9384182942327493,0.07390799470725842,0.9384182942327493,0.05330709269754414,33.0,0.9571852441542317,0.0536028681803892,0.9571852441542317,0.05814758477043785,14.8,0.9827111925258216,0.025055615316597987,0.9827111925258216,0.032165018096104864,3.33,0.9616104746257256,0.047604442284051834,0.9616104746257256,0.05623485776279915,33.67243525896414,0.9296938569003685,0.07930400646270647,0.9296938569003685,0.05551913835746006,19.6,0.9581948608190216,0.05296986594988364,0.9581948608190216,0.05461270683943663,60.8,0.9768230265614958,0.030519057154553768,0.9768230265614958,0.04279818121354224
40.4,0.9386492746858548,0.07470235153367728,0.9386492746858548,0.06858525335234587,802.0,0.9357671212665454,0.07696146910628317,0.9357671212665454,0.054532703346307596,42.0,0.9583185048611762,0.05211522722190513,0.9583185048611762,0.05472595498127521,-0.8,0.9833867569982655,0.02422800464085886,0.9833867569982655,0.031004285066536057,4.26,0.9623857805287681,0.04662582126757278,0.9623857805287681,0.05607231039609001,22.0,0.930469162803411,0.07838686645204887,0.930469162803411,0.05376136439911218,20.4,0.959606065859309,0.050683128596968885,0.959606065859309,0.05000526905566005,53.7,0.9761673964642116,0.031468641101641395,0.9761673964642116,0.04389607780298156
43.5,0.9366908283184469,0.07718735993514328,0.9366908283184469,0.07230542576326245,800.0,0.934939585330327,0.07750838507029521,0.934939585330327,0.05232210988631499,36.0,0.9570053597002957,0.05363271073633681,0.9570053597002957,0.055740190430661134,-3.9,0.9829091263886053,0.024830375335422636,0.9829091263886053,0.0315115177829435,4.82,0.962640612715445,0.046307159153241496,0.962640612715445,0.054053264491471624,6.0,0.929916655323352,0.0790617397863782,0.929916655323352,0.0533810468137442,22.0,0.9598608980459857,0.050366535518468335,0.9598608980459857,0.04871758346959342,58.4,0.9750341357572669,0.033010267791462135,0.9750341357572669,0.04773183415624775
44.3,0.9333769777288745,0.08062860984073572,0.9333769777288745,0.07449493071034136,797.0,0.9332081768954129,0.07885142578145493,0.9332081768954129,0.050961423419341685,56.0,0.9577806656033383,0.0526640245991585,0.9577806656033383,0.0540030414646718,-4.7,0.9844433884212774,0.021840445784247542,0.9844433884212774,0.03058893814038754,4.99,0.9617316590349373,0.04725668836798692,0.9617316590349373,0.05305374479576219,33.67243525896414,0.9320222725808417,0.07740568243408955,0.9320222725808417,0.05386736887438525,22.4,0.9588150608231741,0.05142666327477502,0.9588150608231741,0.047844508184030486,58.0,0.9734516936026087,0.03527980923303238,0.9734516936026087,0.05009287164455698
69.4,0.9315682523714399,0.08200223045529785,0.9315682523714399,0.07341536168456606,1588.0,0.9359705303547867,0.07573564391345357,0.9359705303547867,0.04896899685317899,54.0,0.9589319757191304,0.05129886506802719,0.9589319757191304,0.05333948037637642,-7.8,0.9864071009416238,0.018687972580724393,0.9864071009416238,0.027923858100004223,15.68,0.9604309896254489,0.04863991061222355,0.9604309896254489,0.05260767064278436,1.0,0.9330377424483398,0.07634392769361488,0.9330377424483398,0.055601527494625436,31.8,0.9573873025943538,0.05290287264933386,0.9573873025943538,0.04730364853005126,59.6,0.9728528909668757,0.035952581001468385,0.9728528909668757,0.04980902852612644
81.2,0.9308653448416498,0.08240218329715024,0.9308653448416498,0.07319769064339712,1450.0,0.9367458362578295,0.07480847168468374,0.9367458362578295,0.04853093660622171,41.0,0.9597550145189582,0.05049645054551479,0.9597550145189582,0.05076086448315493,3.9,0.9864071009416238,0.018687972580724032,0.9864071009416238,0.027245940673471813,13.73,0.9591303202159607,0.050019213278490966,0.9591303202159607,0.05275276212243838,15.0,0.9341425539933378,0.07478868908931592,0.9341425539933378,0.05456504288513674,32.2,0.9558409411731481,0.05446581890222469,0.9558409411731481,0.046951726612218664,61.2,0.9725427399221012,0.03625128618990806,0.9725427399221012,0.05119656284295341
11.4,0.9308653448416498,0.08240218329714956,0.9308653448416498,0.07044690280406755,1287.0,0.9367458362578295,0.07480847168468374,0.9367458362578295,0.04853093660622171,36.0,0.9582457495992641,0.05238284377162268,0.9582457495992641,0.05220281518465871,-2.3,0.986884731551284,0.018080399276557056,0.986884731551284,0.026738707957064373,2.88,0.9591303202159607,0.050019213278490966,0.9591303202159607,0.05275276212243838,12.0,0.9374564045829102,0.07132344101279643,0.9374564045829102,0.052447146063203644,18.4,0.9555861089864711,0.054779880573062364,0.9555861089864711,0.04671584237547063,51.4,0.9740520048417952,0.034309316247706445,0.9740520048417952,0.04754675990015885
56.1,0.9308653448416498,0.08240218329714956,0.9308653448416498,0.06866519190027966,1066.0,0.9367458362578295,0.07480847168468374,0.9367458362578295,0.04853093660622171,50.0,0.9595588947601449,0.05086149283315021,0.9595588947601449,0.05113373999703243,-3.9,0.9876918678028995,0.016781831673385143,0.9876918678028995,0.023800067486941738,8.3,0.9595918253880895,0.04966615415421835,0.9595918253880895,0.054036396620520774,18.0,0.9391069793189566,0.07000306920497947,0.9391069793189566,0.05210139451544241,27.8,0.9586455165990005,0.051307118092113885,0.9586455165990005,0.04210088462002834,60.8,0.9761722862542914,0.03146524514717782,0.9761722862542914,0.04500629068687874
43.9,0.9330518557849797,0.07931042141600687,0.9330518557849797,0.06649806433406867,1515.0,0.939610505399688,0.07201964331125861,0.939610505399688,0.047655683792905995,39.0,0.9609700998004324,0.048568182460617906,0.9609700998004324,0.04616658762243874,-5.5,0.9890515115345742,0.01472247529783646,0.9890515115345742,0.022547916867834982,10.13,0.9609945351157889,0.04832340837872841,0.9609945351157889,0.052074363787678254,20.0,0.9408956667080655,0.06847770091985084,0.9408956667080655,0.05209888941324668,29.0,0.9602516725663529,0.04982662086599251,0.9602516725663529,0.04137955709266117,71.0,0.9769329239351131,0.030625676525417242,0.9769329239351131,0.04682723499542595
47.8,0.9350103021523872,0.07684075824859257,0.9350103021523872,0.06321527959748437,1730.0,0.9408850759229852,0.071075948610976,0.9408850759229852,0.048645609414533705,25.0,0.961645664272876,0.047776168809445727,0.961645664272876,0.04646575767870799,3.1,0.988276205631532,0.015755296730579616,0.988276205631532,0.02317114136790996,7.8,0.9605453536680753,0.04903842811754187,0.9605453536680753,0.051433564467488535,17.0,0.9425954305889198,0.06699898578923172,0.9425954305889198,0.052417625640689615,25.1,0.9613564841113509,0.04819036942043683,0.9613564841113509,0.03782696369644842,70.6,0.9771557223580964,0.03035811693524935,0.9771557223580964,0.044682465692168855
60.4,0.9350103021523872,0.07684075824859188,0.9350103021523872,0.06298737835818409,1340.0,0.9406622775000016,0.07132340883180935,0.9406622775000016,0.048427912122251296,42.0,0.9638043277202876,0.04556345129306862,0.9638043277202876,0.04606702978600637,-4.7,0.987365743347571,0.017061488361527093,0.987365743347571,0.025540644334360846,12.6,0.9609945351157889,0.04832340837872841,0.9609945351157889,0.050685893792939425,33.67243525896414,0.9439550743205944,0.06510812124136538,0.9439550743205944,0.05095444705033005,30.2,0.9616541594047331,0.0477899195700691,0.9616541594047331,0.03897408535167145,58.0,0.9771557223580964,0.03035811693524935,0.9771557223580964,0.04341143653780827
43.9,0.932625857346274,0.08014712267029647,0.932625857346274,0.06869896547835298,781.0,0.9398583704080353,0.07197575164892386,0.9398583704080353,0.047672520631839306,61.0,0.9648909378294607,0.044610702712205116,0.9648909378294607,0.046235115407717846,-2.3,0.9876205755342476,0.01672629407554347,0.9876205755342476,0.024999012655989018,4.82,0.9629508346225615,0.04601391642040892,0.9629508346225615,0.04950292198638385,5.0,0.9439550743205944,0.06510812124136538,0.9439550743205944,0.05116792908170108,21.6,0.9629456886392622,0.0465245691015468,0.9629456886392622,0.04029721219042045,56.9,0.9763950846772748,0.03119809633039214,0.9763950846772748,0.04450981780242456
67.8,0.9344062333637158,0.07785126525522205,0.9344062333637158,0.0662823767369751,844.0,0.9401040624197529,0.07178981739856063,0.9401040624197529,0.04947575301505836,47.0,0.9648909378294607,0.044610702712205116,0.9648909378294607,0.046235115407717846,4.7,0.9885310378182086,0.01541944851300471,0.9885310378182086,0.022263901398595107,6.83,0.9652194320347439,0.043093184493041704,0.9652194320347439,0.04703162524140386,10.0,0.9473462418326876,0.061525430455074144,0.9473462418326876,0.047935666518491814,25.5,0.9660823272017522,0.04231123105127903,0.9660823272017522,0.037278464790208306,42.7,0.9749336235167083,0.03291463041247466,0.9749336235167083,0.047194939545663624
54.5,0.9366748307758982,0.07510072229538682,0.9366748307758982,0.0642530826104594,1732.0,0.9398812639967693,0.07203687501940081,0.9398812639967693,0.052515803240901424,70.0,0.9648909378294609,0.04461070271220513,0.9648909378294609,0.04415742064695812,-4.7,0.9876205755342476,0.01672629407554347,0.9876205755342476,0.02422378114398334,13.85,0.9635483320699613,0.04515967260916256,0.9635483320699613,0.050276647393573994,16.0,0.9475243121826533,0.0613488175430712,0.9475243121826533,0.05025800556669372,31.0,0.965661594915985,0.04279036464289487,0.965661594915985,0.03873844048490879,69.4,0.975609187989152,0.03209928469244673,0.975609187989152,0.04614232421641806
92.2,0.937779642320896,0.07353725901082606,0.937779642320896,0.06281419369877805,1702.0,0.937917551476423,0.07492529616505207,0.937917551476423,0.05302909336091317,19.0,0.9667103537939293,0.04240334815926696,0.9667103537939293,0.041394183414174106,-2.3,0.986487314827303,0.018303798519279085,0.986487314827303,0.025937588160632744,24.24,0.9617289161054924,0.04735406544847681,0.9617289161054924,0.05246394512567805,32.0,0.9449402809221761,0.06373190293218473,0.9449402809221761,0.05219092267697862,35.7,0.9644886688738414,0.043971052080221826,0.9644886688738414,0.039181626839265946,62.7,0.9770706491497189,0.030380273255310026,0.9770706491497189,0.04234914068328502
26.7,0.9410348840757714,0.0694442119884154,0.9410348840757714,0.059348457741238994,1450.0,0.9399610710522085,0.07310827905920032,0.9399610710522085,0.05159370598992589,63.0,0.9680699975256041,0.040424705725761505,0.9680699975256041,0.038065546138226394,3.9,0.9860665825415359,0.018804066053126026,0.9860665825415359,0.02630550084319622,11.96,0.9639309076239827,0.04484223433578864,0.9639309076239827,0.04945594108952263,36.0,0.9444408196320391,0.06401707799889686,0.9444408196320391,0.05224387798729345,31.8,0.9650870575882741,0.04349346583965783,0.9650870575882741,0.0385838146508938,66.3,0.9777262792470031,0.029429041848404336,0.9777262792470031,0.04089206812830481
55.7,0.940259578172729,0.07038061841535193,0.940259578172729,0.061348904759997075,1837.0,0.9422133424131219,0.07095072437801499,0.9422133424131219,0.051777716739949804,35.0,0.9678151653389273,0.04074685199123484,0.9678151653389273,0.04126510396898468,-1.6,0.9860665825415359,0.018804066053126026,0.9860665825415359,0.025388677904391817,15.35,0.9639309076239827,0.04484223433578864,0.9639309076239827,0.0491588330176228,40.0,0.9437714166467809,0.06440162733047153,0.9437714166467809,0.05238494586613071,31.4,0.9637558630185458,0.04521917708133482,0.9637558630185458,0.04008141372520403,69.8,0.9777262792470031,0.029429041848403982,0.9777262792470031,0.041942831776278354
36.1,0.9396555093840573,0.07140150855858635,0.9396555093840573,0.06606769968344456,1938.0,0.9432206957447414,0.07016122409022012,0.9432206957447414,0.05286759943375225,41.0,0.965851452818581,0.04379361330192341,0.965851452818581,0.046472527221742714,2.3,0.9862893809645193,0.018531204499772358,0.9862893809645193,0.025211603245676104,11.75,0.9648413699079437,0.043594011536243336,0.9648413699079437,0.04895627797988136,41.0,0.9429289899458719,0.06488945016438476,0.9429289899458719,0.052616776725723687,29.8,0.9613380583396446,0.047887378794555215,0.9613380583396446,0.04250902454239936,72.9,0.9780364302917776,0.029126458085162562,0.9780364302917776,0.042457316170652445
27.5,0.9385506978390593,0.07297096056306303,0.9385506978390593,0.06704967625054728,1973.0,0.9413766590301531,0.07205411894068071,0.9413766590301531,0.05329167235656962,19.0,0.966209407622483,0.04326701066017982,0.966209407622483,0.04445918371167513,0.0,0.9869450110618037,0.01756274482188357,0.9869450110618037,0.023333321415027735,5.15,0.9651993247118454,0.04306791931585156,0.9651993247118454,0.04669489436366629,35.0,0.9437361261974875,0.06369008877584606,0.9437361261974875,0.04965494010438456,23.5,0.9591793948922333,0.05008867964662708,0.9591793948922333,0.043548086754410936,72.5,0.9785140609014379,0.02852929006819074,0.9785140609014379,0.04004123251080832
20.0,0.9376799008902974,0.07371476411021492,0.9376799008902974,0.06691031931576272,2104.0,0.939421441822395,0.07401683088825106,0.939421441822395,0.056116022202245444,20.0,0.9675690513541576,0.041290669234970864,0.9675690513541576,0.040099139251269865,0.0,0.9867222126388201,0.017836011988957047,0.9867222126388201,0.023876004364686478,6.26,0.9647870363505234,0.043429222551640285,0.9647870363505234,0.04757498142400517,27.0,0.9432584955878272,0.06424721867752359,0.9432584955878272,0.0491037827963408,24.7,0.9582704412117257,0.051030892908176056,0.9582704412117257,0.045163246794588094,63.1,0.9792746985822595,0.027685309262384244,0.9792746985822595,0.03890688711045102
24.3,0.9376799008902974,0.07371476411021492,0.9376799008902974,0.06952348924870591,1255.0,0.9401967477254375,0.07308436291104305,0.9401967477254375,0.05457959307911488,22.0,0.9665958115883313,0.04249705251900671,0.9665958115883313,0.043261655117680146,6.2,0.9867222126388201,0.017836011988957408,0.9867222126388201,0.022831249815703065,3.24,0.9662484975110903,0.041747485666102986,0.9662484975110903,0.04799760863481307,22.0,0.9441009222887363,0.0637586114556835,0.9441009222887363,0.04875262094156624,20.4,0.9611431074125796,0.04707704348773125,0.9611431074125796,0.04054276662102721,52.2,0.978964547537485,0.027988756051735186,0.978964547537485,0.038563546274439864
52.2,0.9370043364178535,0.07446664294191765,0.9370043364178535,0.07230930862376087,829.0,0.93928820796623,0.07380467137218298,0.93928820796623,0.05418462379172136,91.0,0.9653112676163746,0.04367129526750307,0.9653112676163746,0.043727297098123646,-0.8,0.9869201465016039,0.017608363514862297,0.9869201465016039,0.02297119052176626,5.61,0.9670091351919118,0.040925040588580285,0.9670091351919118,0.04934785491500524,19.0,0.943014312179563,0.06466658030061201,0.943014312179563,0.05132711106483748,23.1,0.9617987375098639,0.04615336738519913,0.9617987375098639,0.03878752897619776,62.7,0.9784869169278247,0.028586475671620773,0.9784869169278247,0.04120560811311471
37.6,0.937535227971561,0.07404362456139717,0.937535227971561,0.07120036345326528,861.0,0.93833808034707,0.0746656176478598,0.93833808034707,0.055585415235046454,36.0,0.9650011165715999,0.043965025709666,0.9650011165715999,0.04409629112145653,-3.9,0.9862445820291598,0.01844360060488118,0.9862445820291598,0.02504312227567688,4.3,0.9663535050946276,0.0418576088453939,0.9663535050946276,0.053579591631408095,7.0,0.9416309546351943,0.0658432379344335,0.9416309546351943,0.05111873136787442,20.4,0.9620535696965405,0.04583478948538703,0.9620535696965405,0.038169463933867144,53.3,0.9771557223580964,0.03035811693524899,0.9771557223580964,0.04537086905323048
100.0,0.9396186162976654,0.07175044755892218,0.9396186162976654,0.06905805066308984,1533.0,0.9359536355409565,0.07799070127512796,0.9359536355409565,0.05850212934301866,19.0,0.9663142617324805,0.042420501753315965,0.9663142617324805,0.0422334137473354,-1.6,0.9875757765988881,0.016638656078566638,0.9875757765988881,0.023370752541617495,29.05,0.9654430428106666,0.04310955463066591,0.9654430428106666,0.05584257236604663,28.0,0.9402713109035195,0.06772791610610966,0.9402713109035195,0.053839998275438776,41.6,0.9620535696965408,0.04583478948538704,0.9620535696965408,0.03860276973474271,53.3,0.9786171835186633,0.028633628247788454,0.9786171835186633,0.04303412697377107
61.2,0.9423429664988335,0.06807172237530006,0.9423429664988335,0.06121175314730514,1517.0,0.9354760049312963,0.07853540271032358,0.9354760049312963,0.058685722507258405,47.0,0.9656586316351963,0.04335134487713805,0.9656586316351963,0.04428196797543807,-5.5,0.9873209444122112,0.016973857378402988,0.9873209444122112,0.023663805219500397,13.38,0.9675264311367712,0.04067186964410628,0.9675264311367712,0.053060465346173785,45.0,0.9396156808062353,0.06861443553900795,0.9396156808062353,0.056741066162050664,30.6,0.9642122331439519,0.04361668854995518,0.9642122331439519,0.036270001944462206,68.2,0.9791550227765015,0.028058418916638517,0.9791550227765015,0.04487716995615947
60.8,0.9430185309712774,0.06731036841089662,0.9430185309712774,0.05871733424945209,1503.0,0.9369833473262364,0.07720408843524794,0.9369833473262364,0.057022374210110166,61.0,0.9665671713944036,0.04257822957410775,0.9665671713944036,0.045125468023923726,2.3,0.9869002121264442,0.017475127768736592,0.9869002121264442,0.024878583793656733,13.8,0.966115226096484,0.042993337374698466,0.966115226096484,0.054943742619522284,48.0,0.9389767003449793,0.0689619632625519,0.9389767003449793,0.05706522459099205,31.0,0.9642122331439519,0.04361668854995518,0.9642122331439519,0.035776016971261176,67.8,0.9800086575989111,0.027046318396146674,0.9800086575989111,0.043410231891845355
70.6,0.9456766557088261,0.06490449159592424,0.9456766557088261,0.05911787547651759,1619.0,0.9387087808484392,0.07541830396726003,0.9387087808484392,0.055229492596592364,35.0,0.9674761250749112,0.04161908332258668,0.9674761250749112,0.044539710563007616,0.0,0.9873778427361043,0.016866654857868413,0.9873778427361043,0.023837720412348704,15.0,0.9645327839418258,0.04522474779482676,0.9645327839418258,0.05709073795862003,47.0,0.9376455057752512,0.07060152056429098,0.9376455057752512,0.056147863195784596,27.8,0.9650193693955676,0.04236999303254643,0.9650193693955676,0.034829167140059396,67.5,0.9811419183058555,0.02548954876919529,0.9811419183058555,0.0393110974981903
15.7,0.9477969371213223,0.06221610045350317,0.9477969371213223,0.05815899279550409,1547.0,0.9396820206142655,0.07428332747027927,0.9396820206142655,0.05143724884129073,20.0,0.9667154873940896,0.04244141132375076,0.9667154873940896,0.04638389974371878,11.7,0.9871799088733209,0.017094560888995247,0.9871799088733209,0.023966727582640186,3.92,0.9664890834485982,0.04289976274825646,0.9664890834485982,0.052432993794800715,42.0,0.937167875165591,0.07115111492386006,0.937167875165591,0.057191533166081526,21.6,0.966034839263066,0.041227955471668604,0.966034839263066,0.03333861254899601,74.9,0.9813647167288391,0.025219610331462954,0.9813647167288391,0.038073073946653546
19.2,0.9495058174549917,0.05957829191216204,0.9495058174549917,0.054637706462589,1255.0,0.943048442862311,0.07010497892227806,0.943048442862311,0.04835873649371947,33.0,0.9663755819990353,0.04278330901891347,0.9663755819990353,0.04885522431889492,16.4,0.9864192711924993,0.017953866307973142,0.9864192711924993,0.026278683622336527,3.48,0.9676223441555428,0.041383901994859806,0.9676223441555428,0.048022202653697374,20.0,0.9355617191982387,0.07255535592198731,0.9355617191982387,0.05744746913221009,19.6,0.9648494155814807,0.0422541824256831,0.9648494155814807,0.032659679019921964,60.0,0.9817854490146062,0.02472455437261596,0.9817854490146062,0.03834035913496805
85.5,0.9501309223920362,0.05900216627098972,0.9501309223920362,0.05515859227949319,1618.0,0.943048442862311,0.07010497892227806,0.943048442862311,0.049026366614268346,66.0,0.9680466819638179,0.04070620003167313,0.9680466819638179,0.04518485888587088,0.0,0.9868400034782664,0.017453051550195418,0.9868400034782664,0.025761595185718997,22.09,0.968923013565031,0.039979601133447375,0.968923013565031,0.047862175547107796,40.0,0.935338920775255,0.07280087240154949,0.935338920775255,0.05812587903760906,34.5,0.9673660338327943,0.039492374362209905,0.9673660338327943,0.03192998782375749,63.1,0.9824610134870501,0.023897527449213488,0.9824610134870501,0.03636373911737854
91.0,0.9486241077702796,0.06009918196524159,0.9486241077702796,0.054087189122444694,2072.0,0.9438523499542775,0.06944841202183924,0.9438523499542775,0.04907838684827569,84.0,0.9669600718546446,0.04166677913683101,0.9669600718546446,0.043367217912046195,-1.6,0.9862412008425333,0.0181464920852101,0.9862412008425333,0.02711438951259207,27.22,0.9714555833388493,0.03679712400218321,0.9714555833388493,0.04333832424005919,51.0,0.9345317845236395,0.07398071680942532,0.9345317845236395,0.05953388427674489,36.1,0.9688274949933608,0.03779985015796404,0.9688274949933608,0.029260450870893018,66.7,0.9850235286431295,0.020065140435531127,0.9850235286431295,0.03103540549210906
19.6,0.9482481035575303,0.06048584784140355,0.9482481035575303,0.055444805152422685,1990.0,0.9434316176685102,0.06990356086382439,0.9434316176685102,0.04713355716490878,77.0,0.9675584605690772,0.04118640433954631,0.9675584605690772,0.043279027049285095,5.5,0.9862412008425335,0.018146492085210103,0.9862412008425335,0.028418104397287213,5.63,0.9722308892418917,0.0357990850029415,0.9722308892418917,0.042753915630896144,50.0,0.9343537141736735,0.07415218217875912,0.9343537141736735,0.05718710230849703,23.1,0.9701586895630891,0.03605422058167563,0.9701586895630891,0.026663805527546176,59.6,0.9855760361231887,0.019311796175929267,0.9855760361231887,0.02919778421492158
45.5,0.9517133645466945,0.05682919643897851,0.9517133645466945,0.051667283111591675,770.0,0.9453900640359181,0.06738327438681363,0.9453900640359181,0.04500019071609246,58.0,0.9687222464362618,0.0399023706482891,0.9687222464362618,0.04357271612400924,3.9,0.9853307385585723,0.01944772426646076,0.9853307385585723,0.03006498561204218,4.98,0.973382199357684,0.03439148755219206,0.973382199357684,0.041421875795485875,21.0,0.9361781183165148,0.07285913747175513,0.9361781183165148,0.05757270548274889,22.4,0.9713316156052327,0.03485640258334676,0.9713316156052327,0.02550662736728006,57.3,0.9844247260073965,0.020755676838827262,0.9844247260073965,0.032105722550534524
98.4,0.9517133645466945,0.05682919643897851,0.9517133645466945,0.05133684301313645,1196.0,0.9455086672283035,0.06729467415317135,0.9455086672283035,0.04699181276170071,81.0,0.968467414249585,0.04022488576285589,0.968467414249585,0.04559176202862762,5.5,0.9853307385585723,0.01944772426646076,0.9853307385585723,0.03006498561204218,17.87,0.9762548655585379,0.03032158618100751,0.9762548655585379,0.03786701906309859,33.67243525896414,0.9379341314109461,0.07159247188911376,0.9379341314109461,0.0585856994535808,34.1,0.9724829257210248,0.033449066623574636,0.9724829257210248,0.025684181331910957,60.4,0.9836494201043537,0.021778803084231555,0.9836494201043537,0.0345928801443124
100.0,0.9493529151025282,0.05888388739663572,0.9493529151025282,0.05253751540394485,1928.0,0.9466134787733013,0.06570569983639273,0.9466134787733013,0.04518212624985934,56.0,0.9692427201526275,0.0392328392192463,0.9692427201526275,0.045888142728744266,1.6,0.9853307385585723,0.01944772426646076,0.9853307385585723,0.03006498561204218,29.58,0.977586060128266,0.028551602429183708,0.977586060128266,0.03521257071782974,45.0,0.9381122017609118,0.07141975553382363,0.9381122017609118,0.06076143304033714,37.3,0.9721852504276424,0.033858748224844235,0.9721852504276424,0.026022014254873615,62.0,0.9815291386918574,0.024666629691024785,0.9815291386918574,0.040169294197761274
20.8,0.950028479574972,0.05810961268079006,0.950028479574972,0.05015421899877788,2172.0,0.9466134787733015,0.0657056998363924,0.9466134787733015,0.04489031883286558,34.0,0.9689325691078529,0.03952930068542335,0.9689325691078529,0.04553477450087791,-1.6,0.9847928993007341,0.02003145752162548,0.9847928993007341,0.03087451370617733,6.17,0.9788867295377545,0.027114648470902197,0.9788867295377545,0.03261766957648439,53.0,0.9345758126490387,0.07499813217951169,0.9345758126490387,0.06445450928521941,23.9,0.9734983955885229,0.03228820381213482,0.9734983955885229,0.023518711921767545,63.1,0.9801979441221293,0.02644934457844305,0.9801979441221293,0.041803769420254565
44.7,0.950938941858933,0.05689332048829922,0.950938941858933,0.04837325141478501,784.0,0.9483756533549185,0.06402632694811695,0.9483756533549185,0.043818659965444026,40.0,0.9685565648951034,0.03993323953512242,0.9685565648951034,0.04537920593408508,1.6,0.9851328046957886,0.019674625168381636,0.9851328046957886,0.03063823940429497,4.87,0.9788867295377545,0.02711464847090292,0.9788867295377545,0.03105501755335159,18.0,0.935907007218767,0.07337085427771867,0.935907007218767,0.059903064181521276,21.6,0.9730207649788629,0.03288032196096655,0.9730207649788629,0.022401175329141612,59.2,0.9812134139896277,0.02527147855966399,0.9812134139896277,0.0392575170140037
45.5,0.9530445591164227,0.05514282791892502,0.9530445591164227,0.04760392024465587,771.0,0.9482570501625331,0.06411565572545627,0.9482570501625331,0.04235024184687079,20.0,0.9705117821028617,0.03783157658218866,0.9705117821028617,0.0433123858976842,-3.9,0.9849100062728052,0.01994689825568305,0.9849100062728052,0.03068248627489046,5.63,0.9778408923149429,0.028222810167373328,0.9778408923149429,0.03390086712073336,19.0,0.936264962022669,0.07287290659028466,0.936264962022669,0.059135924825375955,26.7,0.9730207649788629,0.03288032196096655,0.9730207649788629,0.023664824228790612,54.5,0.9806755747317898,0.025849490141195097,0.9806755747317898,0.03951456335559377
21.2,0.954477280261108,0.05407142109733554,0.954477280261108,0.04871518750441611,1870.0,0.9484798485855165,0.06386423285549435,0.9484798485855165,0.042347673632766154,69.0,0.9726320635153579,0.03500605827168904,0.9726320635153579,0.041376663411490745,-0.8,0.9849100062728052,0.01994689825568305,0.9849100062728052,0.03068248627489046,5.21,0.9771852622176584,0.02917496654750891,0.9771852622176584,0.036155276800000705,33.67243525896414,0.9378429047671344,0.07177878576094757,0.9378429047671344,0.05964397458980471,22.7,0.9733787197827647,0.0323455571088777,0.9733787197827647,0.023676705362703995,63.1,0.9814362124126115,0.0250014700966427,0.9814362124126115,0.03843219586099367
87.8,0.9559865451808021,0.05219575453357943,0.9559865451808021,0.04817854129094156,2680.0,0.9491725751843128,0.0632779284458639,0.9491725751843128,0.042839371965471246,20.0,0.9745957760357045,0.03191896471837454,0.9745957760357045,0.036665865598988226,-7.0,0.9849100062728052,0.01994689825568305,0.9849100062728052,0.03068248627489046,38.82,0.9771852622176584,0.02917496654750891,0.9771852622176584,0.036155276800000705,58.0,0.9378429047671344,0.07177878576094757,0.9378429047671344,0.05964397458980471,38.0,0.9733787197827647,0.0323455571088777,0.9733787197827647,0.023676705362703995,67.8,0.9808983731547731,0.025579767255581372,0.9808983731547731,0.04001233215051975
79.6,0.9573461889124767,0.050254287355036086,0.9573461889124767,0.04341092484712768,1955.0,0.9497466985907231,0.06278036117150726,0.9497466985907231,0.04228126720997596,72.0,0.9742981007423223,0.03233004847531154,0.9742981007423223,0.037355652370905365,0.0,0.9854478455306431,0.0193630468464662,0.9854478455306431,0.02987295818075531,24.6,0.9771852622176584,0.02917496654750891,0.9771852622176584,0.035504159085082705,33.67243525896414,0.9393497193888909,0.07071516402168312,0.9393497193888909,0.05769452470007933,34.9,0.9736763950761471,0.031934884536816394,0.9736763950761471,0.02291172904684913,67.1,0.9816590108355948,0.024731336437645694,0.9816590108355948,0.03705186680433445
56.5,0.958509974779661,0.048995863899569295,0.958509974779661,0.04118927967474845,2067.0,0.9517029980974958,0.06052993811493437,0.9517029980974958,0.04061723185720632,65.0,0.9765666981545047,0.029340580939918832,0.9765666981545047,0.03283939013409477,5.5,0.9851079401355888,0.01972010516536844,0.9851079401355888,0.030109232482637673,16.42,0.976052001510714,0.03072093879537371,0.976052001510714,0.03999232018191171,62.0,0.9399485220246239,0.07008925778085351,0.9399485220246239,0.05922238973524713,31.8,0.9730008306037032,0.03274863972288077,0.9730008306037032,0.024577182508281434,66.7,0.9826322506014211,0.023487235996649713,0.9826322506014211,0.035060356681631294
76.5,0.9588498801747155,0.04865919704244895,0.9588498801747155,0.04157929525717512,2019.0,0.9517029980974957,0.06052993811493437,0.9517029980974957,0.04293018207816207,20.0,0.9774203329769143,0.028332403703595237,0.9774203329769143,0.029719544990454615,-3.9,0.9858685778164102,0.01886334181068132,0.9858685778164102,0.029149030489616475,23.19,0.9746242432818936,0.032256745271254814,0.9746242432818936,0.04373846712267763,56.0,0.9406240864970677,0.06933153527073459,0.9406240864970677,0.057802960877586684,34.5,0.9724629913458651,0.033317444771332784,0.9724629913458651,0.026724395146381395,67.5,0.9826322506014211,0.023487235996649352,0.9826322506014211,0.03532058741809519
16.1,0.9608083265421231,0.046049715997549534,0.9608083265421231,0.03980434909283506,1476.0,0.9539049896159858,0.05807698818077211,0.9539049896159858,0.04145061119938745,21.0,0.9768215303411812,0.029012352840713275,0.9768215303411812,0.030397523685347913,-1.6,0.987001838523355,0.017287495229644578,0.987001838523355,0.02760529654091712,6.87,0.9757880291490781,0.030951962670399603,0.9757880291490781,0.04332538568557854,44.0,0.9435898861960947,0.06602412137751548,0.9435898861960947,0.054311283353094035,27.8,0.9748807960247665,0.030579450325928282,0.9748807960247665,0.024158395024881877,61.6,0.9821546199917607,0.02408948629459985,0.9821546199917607,0.037172388407733056
30.6,0.9617815663079493,0.044854660973423076,0.9617815663079493,0.03810844038417744,1456.0,0.9534434844438571,0.05842360071942314,0.9534434844438571,0.03937653391107106,72.0,0.9779728404569733,0.027589718712429597,0.9779728404569733,0.030306372004215387,6.2,0.9861947022717392,0.018584722184193502,0.9861947022717392,0.02988014677995599,5.23,0.9772157873778985,0.02941230315213178,0.9772157873778985,0.03951846207240709,46.0,0.9435898861960947,0.06602412137751548,0.9435898861960947,0.054311283353094035,21.6,0.9760607073294822,0.02945316143633941,0.9760607073294822,0.02290559941769538,72.2,0.9821546199917607,0.02408948629459985,0.9821546199917607,0.037172388407733056
44.3,0.9617815663079493,0.04485466097342343,0.9617815663079493,0.038154075390658036,1559.0,0.9526681785408144,0.05938282612976706,0.9526681785408144,0.04240468949306669,55.0,0.9771192056345634,0.028599142580234417,0.9771192056345634,0.030581051111927618,-3.9,0.985717071662079,0.019191613971741923,0.985717071662079,0.03192219162028235,14.95,0.9783205989228965,0.027722091758618506,0.9783205989228965,0.03789862138090713,50.0,0.9414696047835984,0.06869075612873073,0.9414696047835984,0.05727665117341526,31.8,0.9773522365640114,0.028142709284905948,0.9773522365640114,0.02326774002166976,67.1,0.9821546199917607,0.02408948629459985,0.9821546199917607,0.037172388407733056
23.1,0.9614416609128948,0.04519380746281822,0.9614416609128948,0.03917791403602952,1626.0,0.9499438283396466,0.0631311189970671,0.9499438283396466,0.049868643161453674,20.0,0.9762087433506025,0.029878277139991333,0.9762087433506025,0.03363230242559902,0.0,0.9852394410524187,0.01979790889594025,0.9852394410524187,0.032183904713907245,3.98,0.9775134626712807,0.02899904086263892,0.9775134626712807,0.0400197103029623,42.0,0.9422449106866411,0.06775160480508656,0.9422449106866411,0.054981027252621946,22.0,0.9786653817248921,0.02655566453683189,0.9786653817248921,0.021028055471755625,72.5,0.9813939823109392,0.024938862229453348,0.9813939823109392,0.03857687606935691
28.6,0.9622952957353047,0.04421610715397483,0.9622952957353047,0.03749548605683745,1252.0,0.9490333660556854,0.06434004451463955,0.9490333660556854,0.05167260220199535,38.0,0.9762087433506027,0.02987827713999062,0.9762087433506027,0.03412585748868762,10.2,0.9859150055248626,0.01896447684876673,0.9859150055248626,0.030907547783989537,3.85,0.9781122653070136,0.0283185770441861,0.9781122653070136,0.03833281861815555,15.0,0.9433315207958143,0.06684805517959637,0.9433315207958143,0.05475516275020536,19.6,0.9794406876279346,0.025541676866035073,0.9794406876279346,0.01982336517493829,56.1,0.9811960484481553,0.025163717626240915,0.9811960484481553,0.03986953736535944
89.4,0.9636506999574694,0.04316046878204799,0.9636506999574694,0.037843611836366677,1200.0,0.9490333660556854,0.06434004451463955,0.9490333660556854,0.05167260220199535,76.0,0.9762087433506025,0.029878277139990615,0.9762087433506025,0.03406665506041137,7.0,0.9859150055248626,0.018964476848767453,0.9859150055248626,0.030564160969777446,14.54,0.978767895404298,0.027364906862346494,0.978767895404298,0.03853658421822335,27.0,0.9443134982377465,0.06601342352177987,0.9443134982377465,0.05548359679710013,31.4,0.9786653817248919,0.02655566453683117,0.9786653817248919,0.02244097601201973,58.4,0.9816167807339226,0.024668726466367377,0.9816167807339226,0.03804495562291751
19.2,0.9644113376382911,0.04234152533106111,0.9644113376382911,0.03566441489506074,1719.0,0.9495109966653458,0.06377915513424308,0.9495109966653458,0.05071350259908433,83.0,0.9754048362586362,0.030593947175258304,0.9754048362586362,0.03319207668485098,-1.6,0.986392636134523,0.018357349484330484,0.986392636134523,0.028948161693802522,4.68,0.979320402884357,0.026620608252107686,0.979320402884357,0.03710677625096316,31.0,0.9434045445572388,0.06692420795998266,0.9434045445572388,0.0554340133950223,22.0,0.9780097516276077,0.027509773055207208,0.9780097516276077,0.025013295770234416,62.4,0.9816167807339226,0.024668726466367738,0.9816167807339226,0.0370673932369791
100.0,0.9644113376382911,0.04234152533106111,0.9644113376382911,0.03566441489506074,1681.0,0.9484061851203478,0.06537570954290561,0.9484061851203478,0.050148923134163005,69.0,0.976584747563352,0.029467031370310277,0.976584747563352,0.033384675622906514,5.5,0.986392636134523,0.018357349484329762,0.986392636134523,0.02866351737467888,27.97,0.979320402884357,0.02662060825210733,0.979320402884357,0.036997828822249064,41.0,0.9410440951130726,0.06893318285163513,0.9410440951130726,0.055508659716470496,38.4,0.9782645838142845,0.027180560419724033,0.9782645838142845,0.024252026141771042,58.4,0.9818147145967063,0.024443670509800033,0.9818147145967063,0.03522713563225944
48.2,0.9655445983452355,0.04082847995002036,0.9655445983452355,0.0334991325371769,2020.0,0.9452894809330175,0.07032500513942713,0.9452894809330175,0.053808283848284635,65.0,0.9771156391170596,0.028998200263395234,0.9771156391170596,0.034566514502600905,4.7,0.9873030984184838,0.017053671116765146,0.9873030984184838,0.028101312664197506,20.22,0.9799959673568011,0.02579704984664927,0.9799959673568011,0.037274606196267775,44.0,0.9379568874489131,0.0718483048297645,0.9379568874489131,0.05779974022931282,33.3,0.979310421037096,0.026070778697025794,0.979310421037096,0.024249924502179634,69.4,0.9818147145967063,0.024443670509800033,0.9818147145967063,0.03522713563225944
20.0,0.9674179715042656,0.039146346957469,0.9674179715042656,0.03190855552754432,2101.0,0.9424168147321633,0.07413810562537333,0.9424168147321633,0.0574234978712364,20.0,0.9780657667362197,0.028051183002882406,0.9780657667362197,0.033669413137593675,0.0,0.9884079099634819,0.015331520058311721,0.9884079099634819,0.02535274212500201,6.28,0.9797980334940172,0.02602139719432929,0.9797980334940172,0.03937795698654176,22.0,0.9373012573516287,0.072729527627865,0.9373012573516287,0.05827596515723338,24.3,0.9796205720818705,0.025766611038464223,0.9796205720818705,0.02532992267418983,63.8636053593179,0.9821123898900885,0.024026873384055694,0.9821123898900885,0.03336171198213523
40.0,0.968785926607607,0.03799300251488104,0.968785926607607,0.031687675609752886,878.0,0.9424168147321633,0.07413810562537333,0.9424168147321633,0.05714343036961461,81.0,0.979366436145708,0.026612822136134227,0.979366436145708,0.0336907590305556,3.1,0.9886627421501587,0.014995516753809498,0.9886627421501587,0.02495084418935087,4.53,0.9783365723334507,0.027751969450879044,0.9783365723334507,0.04105927478001542,21.0,0.9388792000960942,0.07163368494320171,0.9388792000960942,0.058148614141319666,20.8,0.9777765353672824,0.027826666760539586,0.9777765353672824,0.027304862680466026,51.4,0.9812019276061273,0.025317061038877247,0.9812019276061273,0.03612992983564515
100.0,0.9697250528076401,0.037239000175879396,0.9697250528076401,0.03236961203760008,2192.0,0.9450558883098337,0.06977334261690624,0.9450558883098337,0.055235771505956426,58.0,0.9811858521101767,0.02433647627505102,0.9811858521101767,0.03186509359671677,1.6,0.9883047873462567,0.0155453340667106,0.9883047873462567,0.02633255905728742,36.86,0.976976928601776,0.029770436006385573,0.976976928601776,0.044031385195618,32.0,0.9402103946658225,0.06999317353007983,0.9402103946658225,0.059129776404779955,40.0,0.9777765353672824,0.027826666760539586,0.9777765353672824,0.02664107244938226,63.5,0.9812019276061276,0.025317061038877254,0.9812019276061276,0.035326903712871414
79.2,0.9691262501719071,0.03790781847724991,0.9691262501719071,0.03261295780181116,1722.0,0.94701960083018,0.06684990263995191,0.94701960083018,0.053274805335787837,20.0,0.9802753898262155,0.025625116267091536,0.9802753898262155,0.03389766674519418,-2.3,0.986945143614582,0.017601970881010162,0.986945143614582,0.02987957512491015,20.76,0.9767220964150991,0.030098521007364917,0.9767220964150991,0.04457090684060488,38.0,0.9402103946658225,0.06999317353007914,0.9402103946658225,0.060161843148743795,33.7,0.97700122946424,0.028837049593834905,0.97700122946424,0.0278457627461996,66.3,0.9817397668639657,0.024738432336960645,0.9817397668639657,0.03517985498592299
37.6,0.968573742691848,0.038637615658134596,0.968573742691848,0.03364021791251424,1936.0,0.9490794507051794,0.06478234205795144,0.9490794507051794,0.05260861221428083,21.0,0.9801270738265294,0.025766579662674573,0.9801270738265294,0.034867076251447485,0.0,0.9863926361345229,0.01835734948432976,0.9863926361345229,0.03171023960749992,11.15,0.9763460922023498,0.03050958472776345,0.9763460922023498,0.04519004137720045,40.0,0.9360699367652776,0.07460073662038545,0.9360699367652776,0.06432904899721592,29.4,0.9756880843033593,0.030418204383149055,0.9756880843033593,0.029828109161104253,72.5,0.9817397668639657,0.024738432336960645,0.9817397668639657,0.033867627221049634
18.4,0.9677984367888055,0.03962941003690584,0.9677984367888055,0.03453421722436337,1240.0,0.9513926227168398,0.062266441196174846,0.9513926227168398,0.05065164589418156,39.0,0.9801270738265294,0.025766579662674212,0.9801270738265294,0.03462343834255515,8.6,0.9863926361345229,0.018357349484330484,0.9863926361345229,0.031142076278815458,3.63,0.9763460922023496,0.030509584727763443,0.9763460922023496,0.04306003406396075,9.0,0.9360699367652776,0.07460073662038545,0.9360699367652776,0.06359340429218341,18.0,0.9748841772113929,0.031133021272092918,0.9748841772113929,0.02861064056647853,74.9,0.979355322057852,0.02835615473613851,0.979355322057852,0.03696266109366423
43.9,0.9683509442688645,0.03890079819276292,0.9683509442688645,0.033631111933151,791.0,0.9510100471628181,0.06257227597394606,0.9510100471628181,0.04970421381327776,76.0,0.979638852431789,0.02626073061915873,0.979638852431789,0.03379134210018992,-0.8,0.9861947022717392,0.018584722184194224,0.9861947022717392,0.0318605411789086,9.19,0.9757209872653053,0.031121973170260633,0.9757209872653053,0.0452090846022557,15.0,0.9374011313350057,0.07296995466419291,0.9374011313350057,0.06103678213736735,29.0,0.9740305423889832,0.03213599933046205,0.9740305423889832,0.031176850006208182,51.4,0.9776464417241826,0.031138161954053504,0.9776464417241826,0.04153458269911251
100.0,0.9689497469045976,0.0382331661310104,0.9689497469045976,0.03262467027958462,1487.0,0.9507872487398347,0.06282475232131515,0.9507872487398347,0.05036090484415727,22.0,0.979638852431789,0.02626073061915873,0.979638852431789,0.03379134210018992,0.0,0.9859719038487557,0.018857544643936627,0.9859719038487557,0.03314373267997311,26.86,0.9760608926603597,0.03077241830384608,0.9760608926603597,0.044903536777759295,18.0,0.9374011313350057,0.07296995466419291,0.9374011313350057,0.06103678213736735,59.2,0.9747061068614271,0.03132091056068179,0.9747061068614271,0.030518367692087645,52.2,0.9776464417241826,0.031138161954053504,0.9776464417241826,0.04153458269911251
45.5,0.9672786469398148,0.040316612425781835,0.9672786469398148,0.033798314948732866,838.0,0.9527456951072426,0.06026802398064161,0.9527456951072426,0.049235644496408125,33.0,0.981148117351483,0.024288403999362,0.981148117351483,0.029813959572472952,3.9,0.9857739699859721,0.01908471678401988,0.9857739699859721,0.034367806668636376,5.15,0.9766134001404188,0.030032191448279046,0.9766134001404188,0.0439019284254076,5.0,0.9393550782922206,0.07149651782041491,0.9393550782922206,0.0600672948795766,22.7,0.9750037821548093,0.030909338246318096,0.9750037821548093,0.029430437163726193,50.2,0.9796101542445289,0.028026689803808805,0.9796101542445289,0.03509214081747347
40.8,0.9661453862328703,0.04183315009304017,0.9661453862328703,0.035963597306616704,787.0,0.9532982025873015,0.05956341588600174,0.9532982025873015,0.0493215853990297,36.0,0.981148117351483,0.024288403999362,0.981148117351483,0.030972000808051937,-2.3,0.9861499741987216,0.01866510166263977,0.9861499741987216,0.03276443505348398,4.59,0.9758380942373763,0.031039567954259425,0.9758380942373763,0.04428096185184264,6.0,0.9420132030297694,0.069113281747728,0.9420132030297694,0.05829085800047549,20.8,0.9743282176823657,0.03172497455080773,0.9743282176823657,0.028559005543260022,56.1,0.981119419164223,0.026057144018858083,0.981119419164223,0.03403738349850442
65.9,0.966400218419547,0.04151188305510918,0.966400218419547,0.036733333812099325,1051.0,0.9537864239820419,0.05910031406004018,0.9537864239820419,0.04967118153642957,43.0,0.9801022801286716,0.02540227481669504,0.9801022801286716,0.03168532703273524,3.1,0.9859520403359382,0.01889235483250452,0.9859520403359382,0.03262368371343953,10.14,0.9763906017174352,0.030299669177086486,0.9763906017174352,0.04337423252065749,17.0,0.9409673658069578,0.07013080177021237,0.9409673658069578,0.05857018157624727,29.0,0.9743282176823657,0.03172497455080773,0.9743282176823657,0.03030984751227903,63.9,0.981119419164223,0.026057144018858083,0.981119419164223,0.03403738349850442
14.5,0.9675334791264917,0.03999454324775644,0.9675334791264917,0.03505711191754375,1373.0,0.9531002687245179,0.059774351343113506,0.9531002687245179,0.05133158693760201,24.0,0.9819216960931402,0.023121900401928255,0.9819216960931402,0.02667812840873796,10.2,0.9859520403359382,0.01889235483250416,0.9859520403359382,0.0327829802535318,2.71,0.9776912711269236,0.028866891626036045,0.9776912711269236,0.0428562570061369,15.0,0.9411454361569236,0.0699571625930051,0.9411454361569236,0.05637428928977465,20.0,0.9759857595967416,0.030005922882784707,0.9759857595967416,0.030262437686047795,74.1,0.9805206165284901,0.026741187850517278,0.9805206165284901,0.03318864207855972
18.4,0.9672786469398148,0.040316612425781835,0.9672786469398148,0.03467846408202986,1367.0,0.953792995323314,0.0591817671435839,0.953792995323314,0.05035539413061738,19.0,0.9810680612707304,0.02413948195264556,0.9810680612707304,0.02843282067126217,15.6,0.9864296709455983,0.018285169044492736,0.9864296709455983,0.03210429709287125,3.69,0.979959868539106,0.02585847831102147,0.979959868539106,0.038706178516823966,19.0,0.9413682345799073,0.06970923451723732,0.9413682345799073,0.056605414648907615,20.8,0.9786369325629454,0.026675702589761572,0.9786369325629454,0.028146949291350146,62.7,0.981119419164223,0.026057144018858083,0.981119419164223,0.0328644126658876
18.8,0.9668579146540476,0.04079725280411685,0.9668579146540476,0.03446357581018955,1566.0,0.9535381631366372,0.05949383344443787,0.9535381631366372,0.04947889515005084,20.0,0.9807579102259559,0.024444637680485652,0.9807579102259559,0.030428843779033692,1.6,0.9857541064731544,0.019119515254194683,0.9857541064731544,0.03373173468895802,7.01,0.9794073610590468,0.02660371250555197,0.9794073610590468,0.038956711051343636,22.0,0.9421912733797352,0.06893922778999671,0.9421912733797352,0.056868288702213866,27.5,0.9790576648487125,0.02618270826601131,0.9790576648487125,0.02718798021574016,63.5,0.9808966207412394,0.02632682191356495,0.9808966207412394,0.03323002095683063
22.7,0.9668579146540476,0.04079725280411685,0.9668579146540476,0.03446357581018955,996.0,0.9543452993882527,0.058275179618686994,0.9543452993882527,0.04992337326360061,42.0,0.9810127424126325,0.024113663573197486,0.9810127424126325,0.030815374678454053,10.2,0.9851553038374216,0.0198111566486134,0.9851553038374216,0.035468975485142946,2.74,0.978302549514049,0.02829713471526849,0.978302549514049,0.041865722446455346,11.0,0.943802064874386,0.06772825596499396,0.943802064874386,0.056517134062773165,20.4,0.9787599895553303,0.026597507763211823,0.9787599895553303,0.028425094699316044,58.8,0.9817037569928552,0.025043092715963885,0.9817037569928552,0.03177748256236363
42.4,0.9655788830589602,0.04188726032854084,0.9655788830589602,0.033436202760493756,819.0,0.9525012626736649,0.060216630278850616,0.9525012626736649,0.051554949521596685,63.0,0.9795849841838122,0.025667359301368427,0.9795849841838122,0.03214665623234955,-1.6,0.9854101360240981,0.019477443574794254,0.9854101360240981,0.03460035575281235,5.42,0.9789013521497819,0.027615663651759638,0.9789013521497819,0.04193258524101147,15.0,0.9460111039189606,0.06578872254456263,0.9460111039189606,0.05560972255199038,25.9,0.9798932502622748,0.025042279434594212,0.9798932502622748,0.027908155365241754,52.2,0.9815256866428892,0.025233480518771046,0.9815256866428892,0.0318599998435294
69.4,0.9628797333858907,0.044755580265115835,0.9628797333858907,0.03488966346267501,1424.0,0.9509919977539708,0.06207213610386311,0.9509919977539708,0.056188036233199866,32.0,0.9786117444179859,0.026905287226199056,0.9786117444179859,0.034299176691829865,-9.4,0.9852320656741324,0.019669590298530625,0.9852320656741324,0.03497599119728659,8.9,0.9780477173273722,0.028626069830432314,0.9780477173273722,0.04215102150575476,13.0,0.9477914799364024,0.06342859848899217,0.9477914799364024,0.053595663545617414,27.5,0.9789827879783136,0.02632850485265108,0.9789827879783136,0.028403796825546498,63.5,0.9813028882199057,0.025503461973575926,0.9813028882199057,0.03290777954437765
40.4,0.9628797333858905,0.04475558026511689,0.9628797333858905,0.03589484641982507,793.0,0.9531939892724608,0.05962479449971415,0.9531939892724608,0.05455932368105645,37.0,0.9800732055785527,0.025172941208658796,0.9800732055785527,0.030505993158696815,3.1,0.984754435064472,0.020275345886838398,0.984754435064472,0.036792304646546564,4.56,0.9788083550081937,0.027782587341225427,0.9788083550081937,0.04152447241097894,7.0,0.9482122122221696,0.06296818552389741,0.9482122122221696,0.0529353016000884,21.2,0.9801557140204573,0.02510736389485444,0.9801557140204573,0.02735129832391794,47.5,0.9819016908556387,0.024818091421727077,0.9819016908556387,0.032426117896130424
42.0,0.9630776672486742,0.04453914016544707,0.9630776672486742,0.03562206111582147,790.0,0.9531939892724608,0.05962479449971415,0.9531939892724608,0.05594896601108375,33.0,0.9800732055785527,0.025172941208659153,0.9800732055785527,0.031131944622754832,-4.7,0.9851123898683741,0.01972926286485008,0.9851123898683741,0.03596640223900696,4.44,0.9794334599452382,0.027166003824452247,0.9794334599452382,0.0393138106626128,0.0,0.9482122122221696,0.06296818552389741,0.9482122122221696,0.0529353016000884,20.8,0.9803337843704232,0.024917231653970563,0.9803337843704232,0.025564708777933275,56.9,0.9842861356617523,0.021182035702559575,0.9842861356617523,0.028747867036630306
73.7,0.9639574009572752,0.043876021068650094,0.9639574009572752,0.036612604505237865,2625.0,0.9540476240948705,0.058669088709960564,0.9540476240948705,0.05424366755053498,68.0,0.9791627432945917,0.02645929022699437,0.9791627432945917,0.03373268109991671,-2.3,0.9855331221541412,0.019229889896233074,0.9855331221541412,0.03463496604230327,8.45,0.9805847700610303,0.02573721731054026,0.9805847700610303,0.0384247020682053,21.0,0.9473017499382084,0.06417484077028085,0.9473017499382084,0.05614094512532656,27.1,0.9799130520846561,0.02541144125655848,0.9799130520846561,0.02750064032084208,69.4,0.9836105711893084,0.02201252484957016,0.9836105711893084,0.03151707726253771
78.0,0.962929351248988,0.044675071322578815,0.962929351248988,0.03730761827121625,1723.0,0.9540476240948705,0.058669088709960564,0.9540476240948705,0.05424366755053498,42.0,0.978355607042976,0.027738419762457008,0.978355607042976,0.033958099748940304,-3.1,0.984877492056857,0.02019582071763156,0.984877492056857,0.03675173205264061,19.59,0.982365146078472,0.023209399835171382,0.982365146078472,0.034140945965430027,37.0,0.9473017499382084,0.06417484077028085,0.9473017499382084,0.05614094512532656,33.3,0.980465559564715,0.024665134765585017,0.980465559564715,0.02580962413674479,66.7,0.9837886415392743,0.02182113017303567,0.9837886415392743,0.029811739953559516
65.5,0.9625533470362387,0.04507430648717129,0.9625533470362387,0.038222231707774244,1857.0,0.9546001315749297,0.057962496924656125,0.9546001315749297,0.05408805274337099,57.0,0.9788332376526363,0.027140370041393438,0.9788332376526363,0.031421654813753495,3.1,0.9843998614471967,0.02080109612629295,0.9843998614471967,0.03771323083426943,18.39,0.9825432164284378,0.023018474505359803,0.9825432164284378,0.03333256744630103,44.0,0.9457682753660779,0.06535595680731564,0.9457682753660779,0.05842282614235343,32.9,0.9812261972455366,0.02381638595790877,0.9812261972455366,0.024103976159342434,68.6,0.9852979064589683,0.019833308825027183,0.9852979064589683,0.027620686158970634
67.8,0.9623554131734551,0.04529050870871248,0.9623554131734551,0.038855959309929224,2263.0,0.9546001315749297,0.057962496924656125,0.9546001315749297,0.0538262952773533,42.0,0.978355607042976,0.027738419762457008,0.978355607042976,0.033958099748940304,7.0,0.9833843915796984,0.021987572333764426,0.9833843915796984,0.04084037750818875,6.92,0.9833968512508476,0.021998327205333963,0.9833968512508476,0.03376367503695951,48.0,0.9423771078539852,0.06891818813137089,0.9423771078539852,0.062396445451425746,24.7,0.9831824967523092,0.02140541593151949,0.9831824967523092,0.022849536098534504,69.4,0.9844442716365586,0.02085737943995573,0.9844442716365586,0.03038945063644172
47.8,0.9634886738803996,0.043784369970655795,0.9634886738803996,0.03863991721791803,1632.0,0.9556688623864751,0.056976409757427945,0.9556688623864751,0.05230852589916267,36.0,0.9778779764333159,0.02833587262017265,0.9778779764333159,0.035497311574356066,2.3,0.983546226624787,0.021823361967975834,0.983546226624787,0.04034762972248545,7.2,0.9833968512508476,0.021998327205333963,0.9833968512508476,0.03376367503695951,53.0,0.9415630198310245,0.06941250365283733,0.9415630198310245,0.0628370579829332,25.9,0.9831824967523092,0.02140541593151949,0.9831824967523092,0.022849536098534504,70.6,0.984068267423809,0.021275406517690717,0.984068267423809,0.030089428840588274
41.2,0.9661878235534693,0.04091136193954708,0.9661878235534693,0.0367795898932544,1785.0,0.9588055009489651,0.05283140767428783,0.9588055009489651,0.04610803504789056,37.0,0.9781419487949518,0.02810361204865952,0.9781419487949518,0.037112624201332975,-1.6,0.9830083873669486,0.0224046998762664,0.9830083873669486,0.04171582530868161,14.37,0.9829192206411873,0.022601787270195017,0.9829192206411873,0.03293079104382912,56.0,0.9405592004929697,0.07002830559410274,0.9405592004929697,0.06338462486158897,32.2,0.9824071908492668,0.022426696432697346,0.9824071908492668,0.023509781173646493,72.5,0.9830527975563106,0.022460978737754312,0.9830527975563106,0.02982520419682561
38.4,0.9676647890113402,0.03960073775930199,0.9676647890113402,0.036733917956688046,1835.0,0.9604038456518357,0.0510575545566421,0.9604038456518357,0.04630934723176331,33.0,0.9776927673472381,0.028841480636909837,0.9776927673472381,0.03942198654004924,2.3,0.982332822894505,0.02323323213654404,0.982332822894505,0.044092236646159085,10.32,0.9827411502912216,0.02279286435909351,0.9827411502912216,0.03258402338506234,54.0,0.9387788244755279,0.07235606686638128,0.9387788244755279,0.06440357514136315,29.0,0.9827831950620161,0.022009842805603703,0.9827831950620161,0.02237994755508294,73.7,0.9823666422987865,0.023183858330249007,0.9823666422987865,0.029706032342478334
51.4,0.9698234524587518,0.037354626846580315,0.9698234524587518,0.03516637724783024,1453.0,0.9607437510468901,0.05072088382422195,0.9607437510468901,0.044965597249325015,31.0,0.9763796221863575,0.030423805034576347,0.9763796221863575,0.043233442035524934,3.9,0.9813173530270064,0.02441460997989739,0.9813173530270064,0.046152279122670274,10.69,0.9824434749978391,0.023210311512559662,0.9824434749978391,0.03233611714574604,33.67243525896414,0.9387788244755281,0.07235606686638131,0.9387788244755281,0.06217097062398522,29.4,0.9834587595344602,0.021180075348130406,0.9834587595344602,0.020607069265375727,68.2,0.9830422067712303,0.02235526251149002,0.9830422067712303,0.027539168474200338
14.9,0.9709747625745438,0.03595256748396273,0.9709747625745438,0.032877268256572174,1457.0,0.9615508872985057,0.04948490058293033,0.9615508872985057,0.0392743588655865,20.0,0.9769321296664165,0.029683127954866634,0.9769321296664165,0.04106747247214108,10.2,0.9820926589300493,0.023396071406260616,0.9820926589300493,0.04482618915918118,3.64,0.9817878449005547,0.024170475440724936,0.9817878449005547,0.03316412362860825,53.0,0.9383011938658679,0.07290552008359551,0.9383011938658679,0.060539401303452964,20.8,0.9837564348278424,0.020761567882106546,0.9837564348278424,0.018799358025817604,74.1,0.9835947142512894,0.021604765159832697,0.9835947142512894,0.027332989396486124
17.6,0.9705987583617943,0.03635880771098922,0.9705987583617943,0.03258789213630561,1463.0,0.9615508872985059,0.04948490058293034,0.9615508872985059,0.04051664272439474,19.0,0.9776076941388604,0.028863784008688245,0.9776076941388604,0.03907297405710815,18.8,0.9823474911167258,0.023064357626771472,0.9823474911167258,0.04469189916664054,3.76,0.9824434749978391,0.023210311512559662,0.9824434749978391,0.0305243676725855,54.0,0.938956823963152,0.07202337235509061,0.938956823963152,0.059091457687001164,21.6,0.9850876293975704,0.018964433121611984,0.9850876293975704,0.01613202166783244,63.1,0.9837926481140731,0.021378619212010577,0.9837926481140731,0.027236724854653956
26.7,0.9712849136193183,0.03565428561241238,0.9712849136193183,0.031149969830752817,1497.0,0.961414003756202,0.049602958339759674,0.961414003756202,0.03904273751112939,30.0,0.978368331819682,0.02802088569165057,0.978368331819682,0.03810215426645111,4.7,0.9810343459558452,0.024662316233714676,0.9810343459558452,0.04769959072715231,3.71,0.9826983071845159,0.02287842675207907,0.9826983071845159,0.03161308303580516,49.0,0.9401206098303365,0.07081844232369905,0.9401206098303365,0.0591516930794779,20.4,0.984789954104188,0.019384067126871376,0.984789954104188,0.016403013010486273,71.0,0.9853750902687313,0.01906143630387867,0.9853750902687313,0.023300145040197492
41.2,0.970277560287699,0.03650748678331022,0.970277560287699,0.03189759244437007,774.0,0.9618610383432805,0.049194101655315195,0.9618610383432805,0.03938979780700423,35.0,0.9788565532144226,0.027528287600096034,0.9788565532144226,0.03660184499000948,-4.7,0.9805461245611048,0.025157498141952225,0.9805461245611048,0.048027502517893096,4.4,0.9826983071845159,0.02287842675207979,0.9826983071845159,0.030787328042692068,45.0,0.9418766229247677,0.06954149317288302,0.9418766229247677,0.059018611282853614,21.2,0.9855652600072308,0.018357830411080203,0.9855652600072308,0.015949645821879445,58.8,0.9865083509756757,0.01748662715021665,0.9865083509756757,0.019839731171485044
36.9,0.9696787576519659,0.037177164038018976,0.9696787576519659,0.031405293503548634,798.0,0.9636804543077493,0.047002863865484176,0.9636804543077493,0.03622411448560175,33.0,0.978480549001673,0.027941287865124086,0.978480549001673,0.034978797946116295,-0.8,0.981561594428603,0.023977856850532126,0.981561594428603,0.045967460041381906,4.14,0.9829211056074995,0.022607449863849795,0.9829211056074995,0.030139892182379002,32.0,0.9411244291683912,0.0702038405843498,0.9411244291683912,0.06102476771723682,20.4,0.9865384997730569,0.017102295857842016,0.9865384997730569,0.015396181696018231,55.7,0.9869965723704162,0.016984487644986893,0.9869965723704162,0.02039117886084557
19.2,0.9696787576519659,0.037177164038018976,0.9696787576519659,0.032300234748673426,1920.0,0.9642792569434822,0.046343716813909565,0.9642792569434822,0.03621390499257681,61.0,0.978480549001673,0.027941287865124086,0.978480549001673,0.034978797946116295,-0.8,0.982099433686441,0.023398272188309213,0.982099433686441,0.0448580522365607,19.2,0.983119039470283,0.022381666629563167,0.983119039470283,0.030084440252602915,46.0,0.9405203603797195,0.0712258669804294,0.9405203603797195,0.06286479162331118,34.1,0.9877022856402413,0.01576276936808434,0.9877022856402413,0.014358356693432509,63.1,0.9869965723704164,0.016984487644986897,0.9869965723704164,0.019314183493111495
76.1,0.9701563882616262,0.03658930613635268,0.9701563882616262,0.03174452504871827,2376.0,0.9645432293051183,0.04611982914705298,0.9645432293051183,0.0348976278704215,40.0,0.9791561134741167,0.027119378572847797,0.9791561134741167,0.033607715420467615,-3.9,0.9807862885255605,0.024995364693325278,0.9807862885255605,0.048247521320745536,27.1,0.9849384554347518,0.020088406532320437,0.9849384554347518,0.02592505174891607,49.0,0.9402975619567362,0.07147318268940384,0.9402975619567362,0.06397481446927245,35.3,0.9883778501126852,0.014924427684554951,0.9883778501126852,0.01199582285510257,69.0,0.9871945062331999,0.016756603130326526,0.9871945062331999,0.01957284027070815
56.1,0.9716656531813203,0.03465289593083691,0.9716656531813203,0.029346635753979097,1706.0,0.9656945394209102,0.04473634061261867,0.9656945394209102,0.0334613782471171,49.0,0.9800097482965265,0.026106458209842854,0.9800097482965265,0.03287425463698011,-5.5,0.9807862885255605,0.024995364693325278,0.9807862885255605,0.048143712824131026,14.72,0.9844608248250916,0.020693772726991983,0.9844608248250916,0.02475690265578003,33.67243525896414,0.939745054476677,0.07216022969957318,0.939745054476677,0.06605019778556039,31.4,0.9876025442096427,0.015956370942678808,0.9876025442096427,0.011915559378808805,69.4,0.9865083509756759,0.017486627150216656,0.9865083509756759,0.01952717605034884
41.2,0.9716656531813203,0.03465289593083691,0.9716656531813203,0.029346635753979097,781.0,0.9636111510948054,0.04716029918522698,0.9636111510948054,0.03385590983478895,33.0,0.980307423589909,0.025690959428012573,0.980307423589909,0.0325745657511035,0.8,0.9813387960056197,0.02424813360964194,0.9813387960056197,0.04719868349574328,4.28,0.9838620221893585,0.021383518102293168,0.9838620221893585,0.02523767929798066,31.0,0.9377866081092693,0.07465380707372546,0.9377866081092693,0.06708938609305706,20.8,0.9874046103468589,0.016184512826363566,0.9874046103468589,0.01178654891875387,57.3,0.9859558434956168,0.018241727131528686,0.9859558434956168,0.019595980553131005
26.3,0.9716656531813203,0.03465289593083691,0.9716656531813203,0.029346635753979097,767.0,0.9623104816853173,0.04854660812319603,0.9623104816853173,0.03461000029614755,75.0,0.9812178858738699,0.024402336961646367,0.9812178858738699,0.03153054037749325,3.1,0.9808009567477816,0.024826783493842926,0.9808009567477816,0.04839499310976366,3.64,0.9838620221893585,0.021383518102293168,0.9838620221893585,0.02523767929798066,32.0,0.9371110436368254,0.0754051071519478,0.9371110436368254,0.06815188726630846,20.0,0.9855851943823903,0.018490904746014548,0.9855851943823903,0.013702633218734755,51.8,0.9849826037297905,0.01949537474469352,0.9849826037297905,0.02136627920243756
92.2,0.9718884516043037,0.03438777753046313,0.9718884516043037,0.02889183831806296,2888.0,0.9627312139710845,0.04807178281723832,0.9627312139710845,0.03453000118452174,88.0,0.9812178858738699,0.024402336961646367,0.9812178858738699,0.03153054037749325,0.0,0.9801148014902573,0.02554627904137729,0.9801148014902573,0.049628604121923686,40.87,0.9840848206123421,0.021111869592212385,0.9840848206123421,0.026050572448998065,33.0,0.9342383774359713,0.07916582441264317,0.9342383774359713,0.07456538118246508,38.4,0.9859431491862924,0.017943700685541034,0.9859431491862924,0.012320918350798208,67.5,0.9849826037297905,0.01949537474469352,0.9849826037297905,0.020511287117189435
100.0,0.9718884516043037,0.03438777753046313,0.9718884516043037,0.02930063745667732,1725.0,0.9640443591319651,0.04653677011753798,0.9640443591319651,0.031024483373463738,89.0,0.9780812473113799,0.028743427437324415,0.9780812473113799,0.03796694208542732,4.7,0.9815762626508239,0.02380912659441502,0.9815762626508239,0.046183800252570295,30.64,0.9838620221893585,0.021383518102293168,0.9838620221893585,0.02604464635306965,41.0,0.9329705857362806,0.0799714628225245,0.9329705857362806,0.07380669195757603,40.4,0.9850326869023313,0.019244716393181416,0.9850326869023313,0.012731877003800983,57.3,0.9849826037297905,0.01949537474469352,0.9849826037297905,0.01800260854220624
94.1,0.9712896489685707,0.03505994806919785,0.9712896489685707,0.02858807300946884,2326.0,0.9648979939543748,0.04555739774147835,0.9648979939543748,0.030872487935697773,20.0,0.9791344975477653,0.026911600662498394,0.9791344975477653,0.03244180396052931,0.0,0.9827095233577685,0.022246032303129944,0.9827095233577685,0.043195854019614545,32.59,0.9840848206123421,0.021111869592212746,0.9840848206123421,0.025085068955210857,41.0,0.9329705857362806,0.0799714628225245,0.9329705857362806,0.07380669195757603,37.3,0.9846119546165641,0.019743821007436314,0.9846119546165641,0.013362742156865547,67.1,0.9855351112098496,0.01874174310244907,0.9855351112098496,0.017430359059940493
43.1,0.9714875828313545,0.034839482123476075,0.9714875828313545,0.02766273022287052,788.0,0.9652559487582767,0.045032001130412114,0.9652559487582767,0.030042750621734334,34.0,0.979909803450808,0.025897389013662002,0.979909803450808,0.030013722381930064,-7.8,0.9840226685186491,0.02064200740501132,0.9840226685186491,0.040079308809544426,5.13,0.9838299884256653,0.021444696926585887,0.9838299884256653,0.02473736843029319,25.0,0.9347265988307119,0.07872345280538601,0.9347265988307119,0.07266013004106955,21.6,0.9840131519808312,0.020434253922775186,0.9840131519808312,0.014094302930589477,66.7,0.9863104171128921,0.01771420209554874,0.9863104171128921,0.016322531999130526
92.5,0.9705771205473933,0.03610508096925093,0.9705771205473933,0.028263765307854582,2104.0,0.966667153798564,0.0427156873440378,0.966667153798564,0.029833816153539496,41.0,0.9801326018737914,0.025627896760956954,0.9801326018737914,0.030116926272410978,-3.1,0.9837678363319725,0.020974934702940443,0.9837678363319725,0.04085457687608015,29.93,0.9841276637190475,0.02102610676098833,0.9841276637190475,0.02347988534806116,33.0,0.9362334134524685,0.0776753217932113,0.9362334134524685,0.07230364048953446,36.9,0.9826819574111029,0.022227381438405896,0.9826819574111029,0.017262225321846326,68.6,0.9857579096328332,0.018469019074533886,0.9857579096328332,0.016180531001808197
25.5,0.9708747958407757,0.035696800100618875,0.9708747958407757,0.028750964664719658,2068.0,0.9673227838958484,0.041783380165168964,0.9673227838958484,0.030475671611358966,33.0,0.9805086060865409,0.02521327576404596,0.9805086060865409,0.029621054388527246,5.5,0.9835450379089888,0.021246523624510426,0.9835450379089888,0.04118565250323931,6.09,0.9830228521740497,0.022734250049494628,0.9830228521740497,0.02788845235409127,46.0,0.9388174447129456,0.07535584125814491,0.9388174447129456,0.07099463060234688,23.9,0.9829796327044853,0.02180953181900656,0.9829796327044853,0.018224382040750702,72.9,0.984175467478175,0.020788078468878354,0.984175467478175,0.01935200622996513
19.6,0.9704256143930621,0.03642547857371837,0.9704256143930621,0.029021167989344437,2054.0,0.9675776160825252,0.04146168173212889,0.9675776160825252,0.029120437880404183,20.0,0.979654971264131,0.026227512950270752,0.979654971264131,0.03168032076414119,1.6,0.9821853941773141,0.02328515396909488,0.9821853941773141,0.04412497202267208,5.82,0.9827251768806673,0.023151838607541428,0.9827251768806673,0.02768430282292081,37.0,0.9388174447129456,0.07535584125814491,0.9388174447129456,0.07099463060234688,23.9,0.9827248005178085,0.022141792117737726,0.9827248005178085,0.018872736266694258,63.5,0.9845514716909243,0.020369817916168455,0.9845514716909243,0.017748634614812738
54.9,0.9709032450027223,0.035836769960338584,0.9709032450027223,0.027566583111129143,1838.0,0.9668254223261488,0.04216693809684096,0.9668254223261488,0.028566998500458424,28.0,0.9784911853969468,0.02754337704972579,0.9784911853969468,0.03398835754104699,7.8,0.9819874603145305,0.023510532101077047,0.9819874603145305,0.04422220651083605,5.81,0.9827251768806673,0.023151838607541428,0.9827251768806673,0.02768430282292081,32.0,0.9388174447129456,0.07535584125814491,0.9388174447129456,0.07099463060234688,23.5,0.9836337541983161,0.0211463980021014,0.9836337541983161,0.018617328247109294,69.8,0.985000653138638,0.01962272516969449,0.985000653138638,0.016284478732695864
42.0,0.9712009202961045,0.03542826224463831,0.9712009202961045,0.026593086410745197,795.0,0.9667068191337632,0.0422609950406136,0.9667068191337632,0.027589734237226025,38.0,0.9787460175836233,0.027214004095936724,0.9787460175836233,0.03317709460630698,-2.3,0.9817326281278538,0.02384200410353418,0.9817326281278538,0.04501840525628766,4.51,0.9832630161385054,0.022571084061346697,0.9832630161385054,0.025351838233926345,12.0,0.9388174447129456,0.07535584125814491,0.9388174447129456,0.07099463060234688,20.4,0.9831455328035758,0.021644702706253068,0.9831455328035758,0.017242143550537947,54.9,0.9859738929044644,0.018369179730865257,0.9859738929044644,0.013850389852305545
43.1,0.9723057318411026,0.03375569650772462,0.9723057318411026,0.024316249201222422,930.0,0.9663308149210137,0.042662872564078226,0.9663308149210137,0.027932999325417728,35.0,0.9793201409900341,0.02667744038084693,0.9793201409900341,0.03261898985081169,0.8,0.9836910744952615,0.0211161842313006,0.9836910744952615,0.04072684535001764,6.25,0.9839385806109491,0.021741282611414996,0.9839385806109491,0.025079848205369272,15.0,0.9392297330742678,0.07501929274605681,0.9392297330742678,0.0716045362219506,24.7,0.9842787935105202,0.020076529660647116,0.9842787935105202,0.014706198634288375,58.4,0.9857510944814808,0.01864198791685868,0.9857510944814808,0.01419377666651764
41.6,0.9741667199951316,0.031896174158813434,0.9741667199951316,0.024124102923679242,1409.0,0.9649711711893391,0.04463460180807163,0.9649711711893391,0.030805095211333573,42.0,0.9801431797898619,0.02583543584556081,0.9801431797898619,0.03221464460688078,3.1,0.9836910744952615,0.0211161842313006,0.9836910744952615,0.04072684535001764,8.64,0.9850898907267412,0.020299291385248504,0.9850898907267412,0.02356172490006852,24.0,0.9390814170745817,0.07514670020234548,0.9390814170745817,0.07236525178028881,27.5,0.9848166327683582,0.0194931370249572,0.9848166327683582,0.015281896251231959,69.0,0.9857510944814806,0.018641987916859403,0.9857510944814806,0.013243119027854295
69.0,0.976584524674033,0.029149577597871824,0.976584524674033,0.0227490516380803,1468.0,0.9630148716825663,0.04695213765084122,0.9630148716825663,0.033033079763910796,50.0,0.9810521334703697,0.02484618727678239,0.9810521334703697,0.03243135728829213,-6.2,0.9848548603624461,0.0197853847480174,0.9848548603624461,0.0383730960899947,14.49,0.9850898907267412,0.020299291385248504,0.9850898907267412,0.023478568822320328,35.0,0.9364973858141046,0.07746752698581284,0.9364973858141046,0.07384481780423097,31.4,0.9848166327683582,0.0194931370249572,0.9848166327683582,0.015281896251231959,65.9,0.9851522918457477,0.019333917203593065,0.9851522918457477,0.013583591131609478
63.5,0.9782420665884091,0.027421931137396112,0.9782420665884091,0.021323540088220263,1813.0,0.9598782331200765,0.05113606305815801,0.9598782331200765,0.03695622114181326,25.0,0.983172414882866,0.021960200888700834,0.983172414882866,0.028019906233224947,-8.6,0.9848548603624461,0.0197853847480174,0.9848548603624461,0.0383730960899947,17.19,0.9841166509609152,0.021549772375310285,0.9841166509609152,0.02435507619945102,40.0,0.9364973858141046,0.07746752698581284,0.9364973858141046,0.07384481780423097,32.2,0.9848166327683582,0.0194931370249572,0.9848166327683582,0.015281896251231959,68.6,0.9856299224554079,0.018727452624007105,0.9856299224554079,0.013548364770918128
18.8,0.9777644359787488,0.028019466008214897,0.9777644359787488,0.022847218565037762,1076.0,0.9592026686476326,0.051924131794282624,0.9592026686476326,0.03806331213878167,51.0,0.9827232334351524,0.022704805162439577,0.9827232334351524,0.031937247068868496,-5.5,0.9837215996555013,0.021354838735007275,0.9837215996555013,0.04150502667506634,3.43,0.9841166509609152,0.021549772375310285,0.9841166509609152,0.02435507619945102,42.0,0.9343917685566149,0.0791330920758335,0.9343917685566149,0.07222687251129982,21.6,0.9848166327683582,0.0194931370249572,0.9848166327683582,0.015281896251231959,62.0,0.9853322471620257,0.01914739558907936,0.9853322471620257,0.012450747298593294
56.5,0.9775416375557655,0.028287733830301934,0.9775416375557655,0.02209371133120401,1414.0,0.9603539787634247,0.050555872061981894,0.9603539787634247,0.03554733680795451,47.0,0.9827232334351524,0.022704805162439577,0.9827232334351524,0.03241736979824779,3.1,0.9831837603976632,0.02193654077315593,0.9831837603976632,0.042334017779682515,11.15,0.9841166509609152,0.021549772375310285,0.9841166509609152,0.02435507619945102,45.0,0.93025131065607,0.08366767845330864,0.93025131065607,0.0744253256572322,29.4,0.9848166327683582,0.0194931370249572,0.9848166327683582,0.015281896251231959,63.8636053593179,0.983551871144584,0.021690455347879275,0.983551871144584,0.014525066729845618
71.0,0.9766326838752578,0.02927007409776188,0.9766326838752578,0.02322777982451472,1485.0,0.9598763481537643,0.051130475134018714,0.9598763481537643,0.03741772701206196,64.0,0.9823025011493853,0.023201219141807092,0.9823025011493853,0.031786734918713845,4.7,0.9841992302651617,0.02075026293558284,0.9841992302651617,0.03985700523613567,15.13,0.9841166509609152,0.021549772375310285,0.9841166509609152,0.02435507619945102,34.0,0.9298753064433205,0.08403639414452078,0.9298753064433205,0.07165881981191596,31.8,0.9848166327683582,0.0194931370249572,0.9848166327683582,0.015281896251231959,65.9,0.983193916340682,0.02223493651111203,0.983193916340682,0.01529220608599094
76.5,0.9746774666674992,0.0314031181943933,0.9746774666674992,0.025330804807252496,1799.0,0.9590055512050023,0.05191405256658702,0.9590055512050023,0.03782452946546676,20.0,0.9820048258560027,0.023618349997445692,0.9820048258560027,0.03277197674095576,-7.0,0.9841992302651617,0.020750262935582478,0.9841992302651617,0.04040411630894087,20.0,0.9837406467481656,0.02196739043269089,0.9837406467481656,0.02407898609878969,38.0,0.9298753064433205,0.08403639414452112,0.9298753064433205,0.06889985045572039,33.3,0.9844767273733038,0.01984991309668844,0.9844767273733038,0.014796345547722483,66.7,0.9821480791178704,0.023353424560347925,0.9821480791178704,0.016276873785503614
18.0,0.9743195118635972,0.03193897466963653,0.9743195118635972,0.02429228799521681,901.0,0.9578542410892105,0.05327858787610297,0.9578542410892105,0.0398835924517153,34.0,0.9820048258560029,0.0236183499974457,0.9820048258560029,0.031614676160610825,3.1,0.9840211599151957,0.020941934553632482,0.9840211599151957,0.04098349054539123,4.46,0.9826873965117803,0.02381340939906549,0.9826873965117803,0.026503194247733022,32.0,0.9298753064433205,0.08403639414452112,0.9298753064433205,0.06621937293149123,21.2,0.9836695911216882,0.021141645264396134,0.9836695911216882,0.01589909541208585,60.4,0.9814725146454265,0.024180551661448745,0.9814725146454265,0.01772071209176937
38.4,0.9730063667027168,0.0335113897442935,0.9730063667027168,0.026132109388814627,809.0,0.957102047332834,0.05396682040923525,0.957102047332834,0.040543219369585826,32.0,0.9817499936693261,0.023949800100056606,0.9817499936693261,0.032821384263137986,5.5,0.9837983614922123,0.02121360334428639,0.9837983614922123,0.04092347750258164,4.07,0.9799630463106125,0.027789316998160743,0.9799630463106125,0.03178495762590436,0.0,0.928204206478538,0.08594792847051101,0.928204206478538,0.06835361377050776,20.4,0.9819984911569055,0.023287822982955536,0.9819984911569055,0.017577538661512015,54.9,0.9814725146454265,0.024180551661449463,0.9814725146454265,0.01757586587551813
62.4,0.9724538592226577,0.034246779706323754,0.9724538592226577,0.027857983897705593,1130.0,0.9559687866258896,0.05545022173205023,0.9559687866258896,0.03919945495451116,40.0,0.9817499936693259,0.023949800100056602,0.9817499936693259,0.03189408360829279,-3.1,0.9836500454925262,0.021356268109177356,0.9836500454925262,0.041132279742757606,6.17,0.9796050915067103,0.028329525234198547,0.9796050915067103,0.0321522224039511,12.0,0.9268910613176573,0.08736523337829023,0.9268910613176573,0.06679618786284186,20.8,0.9806672965871774,0.02507329261076312,0.9806672965871774,0.019530921661818915,58.4,0.9818932469311936,0.023684993553836034,0.9818932469311936,0.015707480804486473
24.3,0.9711226646529294,0.035999252881299695,0.9711226646529294,0.030899659487146677,2168.0,0.9546556414650088,0.05695904749516199,0.9546556414650088,0.04188390149388252,24.0,0.9829137795365105,0.02262508118673904,0.9829137795365105,0.02919324794295706,4.7,0.9828894078117046,0.02220910863946231,0.9828894078117046,0.041642608669456065,6.86,0.9803803974097529,0.027315928260448173,0.9803803974097529,0.03173435262447967,14.0,0.9266058617756674,0.08759632844923608,0.9266058617756674,0.06793541022489327,24.7,0.9815762502676851,0.024082783531948992,0.9815762502676851,0.019676956907451852,76.5,0.9820713172811596,0.023494250215678646,0.9820713172811596,0.01678591737913276
62.4,0.972255925359874,0.034467599733964814,0.972255925359874,0.030228932766655982,1292.0,0.9555264384137707,0.05618405127683703,0.9555264384137707,0.04198710727817286,57.0,0.9834662870165696,0.021874836777456084,0.9834662870165696,0.028952977064792728,-1.6,0.9834882104474376,0.021520573417873976,0.9834882104474376,0.04045317767851088,12.31,0.9796197597289313,0.02816119788558039,0.9796197597289313,0.03267471936357134,24.0,0.9251213630278807,0.08853525551932326,0.9251213630278807,0.06843209705118748,30.2,0.981427934267999,0.024224678013152007,0.981427934267999,0.020165802816746986,62.0,0.9814725146454265,0.024180551661449463,0.9814725146454265,0.017398791216802417
22.7,0.9734197112270584,0.03316881763975931,0.9734197112270584,0.028343490246171554,1849.0,0.956954196642591,0.05471591645959952,0.956954196642591,0.042751849757494194,36.0,0.9843199218389794,0.020852701707444007,0.9843199218389794,0.028600099513572227,7.8,0.9828126459749937,0.02235013272218764,0.9828126459749937,0.04204187943118938,4.58,0.9807710698447233,0.026733297392857906,0.9807710698447233,0.030536075162075172,26.0,0.920846657213847,0.09303268028459102,0.920846657213847,0.07396205170930041,22.4,0.981427934267999,0.024224678013152007,0.981427934267999,0.019622714362540865,56.9,0.9812176824587497,0.02451166943078403,0.9812176824587497,0.017476119664971097
20.0,0.9757328832387188,0.030505438479922653,0.9757328832387188,0.026174094415329353,1194.0,0.9585525413454616,0.05294897040945974,0.9585525413454616,0.041473399074968595,29.0,0.9854712319547713,0.01940909323492719,0.9854712319547713,0.027222058802900385,5.5,0.9825149706816114,0.022767745354351655,0.9825149706816114,0.0418096226372732,3.25,0.9800849145871992,0.02745143612941356,0.9800849145871992,0.03181109956709984,25.0,0.917532019163733,0.0979252705890672,0.917532019163733,0.07601860150185238,18.0,0.9805189805874913,0.025214899128328264,0.9805189805874913,0.019695151355405942,67.1,0.9814725146454265,0.024180551661448745,0.9814725146454265,0.016663146511769908
39.2,0.9765865180611285,0.029499184185754763,0.9765865180611285,0.02505493329610506,812.0,0.9574838105339163,0.05394291089769703,0.9574838105339163,0.04271756744095037,34.0,0.9843074460875867,0.020741200236668367,0.9843074460875867,0.030884393249864944,-3.9,0.9830674781616705,0.02201789572456645,0.9830674781616705,0.04019226686647275,4.08,0.9799068442372334,0.02764105735933892,0.9799068442372334,0.033308237510650096,21.0,0.914217381113619,0.10278009183668842,0.914217381113619,0.083922119367023,20.4,0.9803210467247077,0.025439489309109883,0.9803210467247077,0.02145895144252957,54.1,0.98169531306841,0.023910221240994355,0.98169531306841,0.01652231473529925
58.4,0.9757793818095128,0.03077231808981351,0.9757793818095128,0.026846800660290212,1230.0,0.9572858766711324,0.05415604295434815,0.9572858766711324,0.041623887697263495,62.0,0.9840526139009103,0.021074201322708683,0.9840526139009103,0.03149310114686352,3.1,0.9830674781616705,0.02201789572456645,0.9830674781616705,0.040612979434080806,11.11,0.9796840458142498,0.02791002711431769,0.9796840458142498,0.03349677114287741,20.0,0.9136432577072082,0.10323101916562098,0.9136432577072082,0.08288580333460484,30.2,0.9798434161150474,0.026039317438248628,0.9798434161150474,0.022792386068658573,63.9,0.9820532678723121,0.023367205234184514,0.9820532678723121,0.014795996712658984
20.4,0.9759412168546013,0.030610890586051143,0.9759412168546013,0.027590378403045453,2734.0,0.9576684522251538,0.053844496165641874,0.9576684522251538,0.043144112640710934,64.0,0.9840526139009103,0.021074201322708683,0.9840526139009103,0.03149310114686352,3.9,0.9828126459749937,0.02235013272218764,0.9828126459749937,0.04074991570597865,7.42,0.9794861119514663,0.028133872820036907,0.9794861119514663,0.03337735396519014,34.0,0.9136432577072082,0.10323101916562098,0.9136432577072082,0.08288580333460484,26.3,0.9798434161150477,0.02603931743824863,0.9798434161150477,0.021671771372995446,68.2,0.9800948215049041,0.02608384835480848,0.9800948215049041,0.018093186191265542
79.6,0.9769144566204276,0.029380178989419584,0.9769144566204276,0.027706028539568633,1765.0,0.9576684522251538,0.053844496165641874,0.9576684522251538,0.043144112640710934,68.0,0.9838745435509441,0.021265784644844594,0.9838745435509441,0.03199219572070033,0.0,0.9817668087521823,0.02346804563351586,0.9817668087521823,0.04283071873348202,20.6,0.9796840458142498,0.02791002711431769,0.9796840458142498,0.033673845801593126,39.0,0.9128679518041658,0.10410809308731868,0.9128679518041658,0.08706723430013664,33.7,0.9803210467247077,0.025439489309109883,0.9803210467247077,0.02126870759184107,66.7,0.9790793516374059,0.027259468817142418,0.9790793516374059,0.0181842526110151
19.2,0.9760039943364665,0.03065830618217923,0.9760039943364665,0.028190454804971742,1684.0,0.9573104974212518,0.05436220377043053,0.9573104974212518,0.04293398449611662,42.0,0.9854569857056025,0.018948221952503775,0.9854569857056025,0.026495770750816494,-3.9,0.9804536635913015,0.02506448196487125,0.9804536635913015,0.04671075247695754,4.26,0.9799068442372334,0.02764105735933784,0.9799068442372334,0.03416322959589822,40.0,0.9104934546956733,0.10577020992206763,0.9104934546956733,0.08729225363708337,21.2,0.9806187220180901,0.025023651023031914,0.9806187220180901,0.02171916886889881,76.1,0.9785268441573468,0.02800321620737358,0.9785268441573468,0.01949489023034588
18.0,0.9765565018165256,0.02991805988528741,0.9765565018165256,0.027416632145907824,1323.0,0.9573104974212518,0.05436220377043053,0.9573104974212518,0.04293398449611662,20.0,0.9846033508831928,0.01997323029144856,0.9846033508831928,0.026623713075349012,12.5,0.9797980334940174,0.02602139719432822,0.9797980334940174,0.04748065543980222,3.67,0.975967101250075,0.0337223967476546,0.975967101250075,0.04316592803269842,33.0,0.9088223547308908,0.10759557128417858,0.9088223547308908,0.08955176485354997,20.4,0.9782132410636039,0.028159469194135076,0.9782132410636039,0.024707228787871478,62.0,0.9763403332140169,0.0313783803437522,0.9763403332140169,0.02335725663524032
66.7,0.9773171394973472,0.02907693668363512,0.9773171394973472,0.02602671570456899,1457.0,0.9575084312840356,0.05414910828325946,0.9575084312840356,0.0421835842155094,30.0,0.9833026814737046,0.021428440844954526,0.9833026814737046,0.029474675450156987,2.3,0.9795432013073406,0.0263514496772256,0.9795432013073406,0.04877601156365931,12.64,0.975967101250075,0.0337223967476546,0.975967101250075,0.04378865733521112,33.0,0.9053296463308109,0.11251981285420012,0.9053296463308109,0.09755582911824838,30.6,0.9777925087778367,0.028651168502625713,0.9777925087778367,0.02639879047032255,66.3,0.9763403332140169,0.0313783803437522,0.9763403332140169,0.023941101474909916
25.1,0.9779159421330802,0.028396664306250118,0.9779159421330802,0.025008577598201836,1028.0,0.95867221715122,0.05289518501640992,0.95867221715122,0.03927511607022419,35.0,0.9841563162961143,0.02040609445099232,0.9841563162961143,0.028156835099409385,-0.8,0.9809028450390154,0.024322725579712615,0.9809028450390154,0.04348491126977726,2.41,0.9757443028270915,0.03398884593602874,0.9757443028270915,0.04512360390442426,19.0,0.9068639083634831,0.10992048896049421,0.9068639083634831,0.0925719489047459,19.6,0.978270139387497,0.02805392427156203,0.978270139387497,0.02598393441317405,59.2,0.9765951654006938,0.031050763737271087,0.9765951654006938,0.023468111689220895
35.7,0.9794983842877384,0.02610506909330502,0.9794983842877384,0.02277610264050603,787.0,0.9584424334656642,0.05306915979451881,0.9584424334656642,0.04009838517687254,66.0,0.9833956786152928,0.02126012564067553,0.9833956786152928,0.027888442949060423,5.5,0.9803503375589562,0.025069570374992453,0.9803503375589562,0.04446857242253012,3.96,0.9757443028270915,0.03398884593602874,0.9757443028270915,0.047287713518853344,27.0,0.9063260691056452,0.11040228965729307,0.9063260691056452,0.08982139440152326,30.2,0.9785249715741737,0.02772476194006312,0.9785249715741737,0.027833201808650055,53.7,0.9765951654006938,0.031050763737271087,0.9765951654006938,0.022780420478781614
29.8,0.9790492028400246,0.026844913664245434,0.9790492028400246,0.024508562122050114,2391.0,0.9586403673284476,0.0528555187960689,0.9586403673284476,0.04077551039332713,30.0,0.9833956786152928,0.02126012564067553,0.9833956786152928,0.027888442949060423,4.7,0.979872706949296,0.02566959740185086,0.979872706949296,0.044347513357065854,6.74,0.9753235705413243,0.034476728894721476,0.9753235705413243,0.04939236756407596,28.0,0.9075276401719937,0.1097818995262659,0.9075276401719937,0.09135180116712206,24.3,0.9782272962807913,0.028138857909702355,0.9782272962807913,0.030372477599290612,71.0,0.977610635268192,0.029882208839317557,0.977610635268192,0.0228415599853953
33.7,0.9779959526036393,0.028676647387116783,0.9779959526036393,0.02686932220199852,819.0,0.9592444361171194,0.05180049355370108,0.9592444361171194,0.04065189756004345,35.0,0.9853541249827005,0.018524394744671435,0.9853541249827005,0.024744182087750317,3.9,0.9794235255015824,0.02640993361358578,0.9794235255015824,0.043703171800740764,3.89,0.9753235705413243,0.034476728894721476,0.9753235705413243,0.04913373460942215,18.0,0.9070394187772532,0.11019225423710308,0.9070394187772532,0.09333338251602656,19.6,0.9765184159471216,0.030917920652586476,0.9765184159471216,0.033231751611525084,60.8,0.9781631427482511,0.02914024898570053,0.9781631427482511,0.0215648239933224
36.5,0.9776199483908897,0.029088824298620145,0.9776199483908897,0.02666857956082959,794.0,0.9581396245721213,0.05342874439286435,0.9581396245721213,0.04112768624905258,33.0,0.9845788190796578,0.019550274191071686,0.9845788190796578,0.024912904957233504,0.8,0.9800791555988666,0.025453657297902516,0.9800791555988666,0.04180229258756414,3.91,0.9758012011509846,0.033883915590666565,0.9758012011509846,0.04645799767392425,3.0,0.9060239489097549,0.11118179787965726,0.9060239489097549,0.09382265632621802,20.4,0.9756647811247119,0.03192286091158645,0.9756647811247119,0.035131669089053685,56.5,0.9781631427482511,0.02914024898570053,0.9781631427482511,0.021000182931410857
48.6,0.9762172386631905,0.030484853582336695,0.9762172386631905,0.02722941143180026,939.0,0.9571663848062952,0.05461021578067581,0.9571663848062952,0.0435617751294429,62.0,0.9837251842572482,0.020573817065041855,0.9837251842572482,0.026013126080951278,2.3,0.9809021943986945,0.024609938302741115,0.9809021943986945,0.04135197679892988,6.4,0.9749475663285749,0.034885482717140294,0.9749475663285749,0.04595577218058647,6.0,0.9037553514975727,0.113739652608696,0.9037553514975727,0.09771766489862893,23.9,0.9754099489380353,0.03224992209340508,0.9754099489380353,0.03424162920088739,52.9,0.9776855121385909,0.02973689442000927,0.9776855121385909,0.02157160910615075
27.5,0.9765149139565727,0.0300723588147494,0.9765149139565727,0.025949438994118675,929.0,0.9574640600996777,0.05421363764900622,0.9574640600996777,0.04292365692231361,24.0,0.9826203727122502,0.022281749627644884,0.9826203727122502,0.027254025321397604,-4.7,0.9802465643014102,0.025567610739136788,0.9802465643014102,0.04296968988208498,9.07,0.9726789689163926,0.03785685337232973,0.9726789689163926,0.04886048125584205,10.0,0.9028845545488107,0.11441145427334914,0.9028845545488107,0.1003952451167318,29.4,0.9730044679835491,0.03535056719195567,0.9730044679835491,0.03709565633748742,46.3,0.9774875782758072,0.02995989050893074,0.9774875782758072,0.02101232336179563
47.5,0.9759624064765138,0.030812484825764357,0.9759624064765138,0.027714245525995527,1660.0,0.9602264135590515,0.05093406609140696,0.9602264135590515,0.03858826205352945,31.0,0.9826203727122502,0.022281749627644884,0.9826203727122502,0.026695681197762423,0.0,0.9813513758464084,0.023867624090448666,0.9813513758464084,0.03979611733282288,12.13,0.9722319343293141,0.03827603259756068,0.9722319343293141,0.048303812426461826,12.0,0.9016829834824619,0.11502101298154628,0.9016829834824619,0.10137795649055695,30.2,0.9724303445771383,0.03587834852581446,0.9724303445771383,0.03639365949061386,69.8,0.9780863809115403,0.029280034248870875,0.9780863809115403,0.02103866400003211
34.1,0.9759624064765138,0.030812484825764718,0.9759624064765138,0.029656112448759823,1834.0,0.9595402583015274,0.05161906560742821,0.9595402583015274,0.039898834636777465,27.0,0.9829602781073047,0.02192651315036649,0.9829602781073047,0.027348713277619945,-5.5,0.9821120135272297,0.023017456371541543,0.9821120135272297,0.037912645828395444,11.256157120272407,0.9726079385420634,0.03786980319807346,0.9726079385420634,0.04529141229385751,13.0,0.8989923410433175,0.11692473865307175,0.8989923410433175,0.10002210492200607,29.4,0.9724303445771383,0.03587834852581446,0.9724303445771383,0.034467399142011086,73.7,0.9774108164390962,0.030099511696214023,0.9774108164390962,0.023667622371254044
47.1,0.9779176236842722,0.028675285238099486,0.9779176236842722,0.028360621105560244,2028.0,0.9578148247793249,0.053493439561620386,0.9578148247793249,0.041212080154216235,38.0,0.9824224388494667,0.022507433868826417,0.9824224388494667,0.0293810030050223,3.1,0.9830224758111908,0.021723897773687748,0.9830224758111908,0.03431491626866312,14.04,0.973653775764875,0.03677826264026706,0.973653775764875,0.04479891715836264,14.0,0.8936033564245532,0.12280817986416478,0.8936033564245532,0.10696212546813554,31.0,0.9741557780993411,0.03394125297208306,0.9741557780993411,0.0330268543451629,72.5,0.9770709110440418,0.03044981381395427,0.9770709110440418,0.022342876020874685
70.6,0.9771569860034507,0.029517265867436415,0.9771569860034507,0.029563175582199827,1424.0,0.9572769855214868,0.05404114366970718,0.9572769855214868,0.042881930651255694,54.0,0.9824224388494667,0.022507433868826417,0.9824224388494667,0.029119654627484354,3.9,0.9830224758111908,0.021723897773687748,0.9830224758111908,0.03431491626866312,8.91,0.973653775764875,0.03677826264026706,0.973653775764875,0.04661497287625035,33.67243525896414,0.8904984140531809,0.1250449140511082,0.8904984140531809,0.10794980677227375,21.6,0.9741557780993411,0.03394125297208234,0.9741557780993411,0.03470981379404263,64.7,0.9754884688893838,0.03272847449753097,0.9754884688893838,0.023163136459103763
23.5,0.9774118181901272,0.029188876247584903,0.9774118181901272,0.02875191264745982,1930.0,0.9583817970664847,0.05241517480218032,0.9583817970664847,0.04291349498454999,35.0,0.9830475437865108,0.021885087907535607,0.9830475437865108,0.028200559807888378,3.1,0.9823668457139065,0.022685637576625374,0.9823668457139065,0.03468265287881317,5.31,0.970517137202385,0.041044702268949844,0.970517137202385,0.05233897893487172,17.0,0.8891672194834528,0.12650548779405443,0.8891672194834528,0.10660070799845611,23.1,0.9727445730590537,0.0362892113255585,0.9727445730590537,0.036561343717484276,72.2,0.9745780066054226,0.034001529155709656,0.9745780066054226,0.02276782009920342
44.3,0.9766511805093058,0.03002999827045257,0.9766511805093058,0.030344384126540093,776.0,0.959545582933669,0.05115788369997748,0.959545582933669,0.04257912978874622,66.0,0.9837231082589547,0.021055003544219103,0.9837231082589547,0.027624989658348777,2.3,0.983530631581091,0.02135855403631185,0.983530631581091,0.032995020964447466,4.81,0.9709378694881521,0.040562216800964807,0.9709378694881521,0.050188376743168665,24.0,0.8918915696846206,0.12321442271740224,0.8918915696846206,0.10286601932325677,21.6,0.9734201375314976,0.03547814118513126,0.9734201375314976,0.0375641920149863,50.2,0.9745780066054226,0.034001529155709656,0.9745780066054226,0.02260033872285537
78.8,0.9757422268287981,0.031009773415519703,0.9757422268287981,0.031004437878723465,2353.0,0.9615092954540155,0.04814721005670668,0.9615092954540155,0.04127932265696683,20.0,0.9844837459397764,0.0202005186679626,0.9844837459397764,0.026763933814693025,-5.5,0.9846819416968831,0.019916733041921552,0.9846819416968831,0.03077350347477814,27.47,0.9713586017739193,0.040079297765617666,0.9713586017739193,0.047881167660204615,32.0,0.8915346971797329,0.12344140218006758,0.8915346971797329,0.10564554730849292,35.7,0.9734201375314976,0.035478141185130554,0.9734201375314976,0.03661880961333974,68.6,0.9753533125084651,0.03299787246324168,0.9753533125084651,0.021894440032499823
68.2,0.9770337560633272,0.029701834099270494,0.9770337560633272,0.029943140158636035,1593.0,0.9626141069990133,0.04650673842153694,0.9626141069990133,0.040325696285068165,64.0,0.9852908821913919,0.01890691796556789,0.9852908821913919,0.02619453428877211,-0.8,0.9846819416968831,0.019916733041921552,0.9846819416968831,0.03077350347477814,17.56,0.9711358033509357,0.04034295754635178,0.9711358033509357,0.04958245060793521,38.0,0.8903294089486181,0.12395979627743646,0.8903294089486181,0.10384937863570212,32.5,0.9747208069409858,0.034056881960033814,0.9747208069409858,0.035205701341573976,67.8,0.9753533125084651,0.03299787246324168,0.9753533125084651,0.021894440032499823
79.6,0.9783933997950018,0.027683150016536807,0.9783933997950018,0.028014543826058787,1998.0,0.9612544632673387,0.04846498106394965,0.9612544632673387,0.04289708065343129,61.0,0.9843176424255659,0.020159037878433435,0.9843176424255659,0.02915524690908674,-6.2,0.9844591432738995,0.02018882263589244,0.9844591432738995,0.02970570740709643,23.48,0.9711358033509357,0.04034295754635178,0.9711358033509357,0.049162276343163946,46.0,0.8903294089486181,0.12395979627743646,0.8903294089486181,0.10384937863570212,34.5,0.9753963714134297,0.03324251572963347,0.9753963714134297,0.033616999588895476,67.5,0.9769357546631234,0.030719978763010025,0.9769357546631234,0.020360830076119853
72.2,0.9789974685836735,0.02658949948656542,0.9789974685836735,0.02657843278344288,2330.0,0.9612544632673387,0.04846498106394965,0.9612544632673387,0.04289708065343129,37.0,0.9849932068980097,0.019326658321313632,0.9849932068980097,0.027363990118666803,0.0,0.9854323830397258,0.01893654661984061,0.9854323830397258,0.027010047514894754,24.68,0.9709378694881521,0.040562216800964807,0.9709378694881521,0.0507587801025117,47.0,0.8880882644611279,0.12520463245260272,0.8880882644611279,0.10687712055330185,34.9,0.9762500062358396,0.032239021973793004,0.9762500062358396,0.035000314644732015,69.4,0.9771336885259069,0.030497269387129527,0.9771336885259069,0.021336169191073593
15.7,0.9789974685836735,0.026589499486566134,0.9789974685836735,0.027146189863428698,1663.0,0.962682221496159,0.04697559050727476,0.962682221496159,0.04196823129842975,33.0,0.9858468417204195,0.018300670429799375,0.9858468417204195,0.025449056287886948,0.0,0.9854323830397258,0.01893654661984061,0.9854323830397258,0.027010047514894754,4.08,0.970937869488152,0.0405622168009648,0.970937869488152,0.052887316615854066,48.0,0.8855968924315482,0.1266350436151714,0.8855968924315482,0.10804309165472034,21.6,0.9765048384225163,0.031911661839157585,0.9765048384225163,0.03556691956346276,72.5,0.9769357546631234,0.030719978763010025,0.9769357546631234,0.02314695046849688
37.6,0.9789974685836735,0.026589499486566134,0.9789974685836735,0.02630159772968209,1506.438032627222,0.9623253489912714,0.04725639519037604,0.9623253489912714,0.04285506662785769,35.0,0.9848010044976081,0.019426480884383836,0.9848010044976081,0.02713528318253904,-0.8,0.9842685971725413,0.0202691573102069,0.9842685971725413,0.028809693240510977,8.89,0.9718468231686597,0.03959648904160964,0.9718468231686597,0.05217681166815789,48.0,0.8822794153374989,0.12888845929781328,0.8822794153374989,0.10709008857841584,27.5,0.9776686242897008,0.03060380490856258,0.9776686242897008,0.033673260504070754,73.3,0.9759856270439632,0.031663242224711736,0.9759856270439632,0.02250065401632192
18.4,0.9786997932902913,0.027004148803955373,0.9786997932902913,0.027443398400325725,1628.0,0.9623253489912714,0.04725639519037604,0.9623253489912714,0.04275741420933304,28.0,0.9848010044976081,0.019426480884383836,0.9848010044976081,0.026239322543493846,0.0,0.9847462277822017,0.019663707132642434,0.9847462277822017,0.026783719674877075,4.34,0.9718468231686597,0.03959648904160964,0.9718468231686597,0.05420421265680738,48.0,0.8741066969771829,0.13943159382562287,0.8741066969771829,0.13490525967649017,22.0,0.977413792103024,0.030931916026018427,0.977413792103024,0.03532068464330154,63.1,0.9748343169281714,0.03307804470036609,0.9748343169281714,0.02519375312255535
26.7,0.9780441631930069,0.02795799170519256,0.9780441631930069,0.029389958576009564,1636.0,0.9621025505682876,0.04751576902553184,0.9621025505682876,0.0434459567982644,18.0,0.9842022018618749,0.020117244015357572,0.9842022018618749,0.026663402016275158,1.6,0.9835949176664096,0.021105921234191957,0.9835949176664096,0.029025268518759337,6.39,0.9689529174043129,0.044499752361960264,0.9689529174043129,0.0609995023939048,47.0,0.871097147234025,0.14278695502539057,0.871097147234025,0.137988353415322,24.7,0.9754500795826775,0.03403030867521221,0.9754500795826775,0.03932382350858727,74.5,0.9754899470254556,0.03213089681896904,0.9754899470254556,0.023581129234186364
33.7,0.9777893310063301,0.028286924390436403,0.9777893310063301,0.03035851536845553,1550.0,0.9611920882843267,0.04875649999932252,0.9611920882843267,0.04545540717436125,29.0,0.9851754416277011,0.01886523415069499,0.9851754416277011,0.025252801570812923,3.9,0.9852660176311921,0.018952424793629952,0.9852660176311921,0.027342375386294998,7.86,0.9685769131915635,0.04490177154817392,0.9685769131915635,0.06274025467492121,46.0,0.8686916662795388,0.1452318980581054,0.8686916662795388,0.14577512534052575,26.7,0.9751952473960009,0.03435674363397033,0.9751952473960009,0.04120356055994644,73.7,0.9754899470254556,0.03213089681896904,0.9754899470254556,0.021473361293056513
30.2,0.9775344988196535,0.02861568182531356,0.9775344988196535,0.030730696250093257,1531.0,0.960593699569894,0.04922866288872252,0.960593699569894,0.04640093891217607,20.0,0.9857742442634341,0.01817300319054162,0.9857742442634341,0.024242848300701544,3.1,0.9849683423378097,0.019372140516527497,0.9849683423378097,0.02775561309870524,6.82,0.9680244057115044,0.04562714072613556,0.9680244057115044,0.06281679090726784,43.0,0.8677415386603786,0.1459382632350496,0.8677415386603786,0.15137810125181242,24.7,0.9749404152093241,0.034683003342362455,0.9749404152093241,0.041360475211628334,73.3,0.9775733353515602,0.029642526972205405,0.9775733353515602,0.020340775109918878
43.1,0.9775344988196535,0.028615681825312843,0.9775344988196535,0.03100723770067338,1425.0,0.9596847458893865,0.05017322047954705,0.9596847458893865,0.045444200049668974,31.0,0.9842649793437401,0.02016435840897982,0.9842649793437401,0.02576088084085407,6.2,0.985654497595334,0.018644606812085934,0.985654497595334,0.02656106728092602,8.43,0.9678016072885208,0.04588855517997533,0.9678016072885208,0.06298310306276422,42.0,0.8655395471418885,0.14792072505559634,0.8655395471418885,0.15465654771232146,27.1,0.9753611474950912,0.034195412667692666,0.9753611474950912,0.03999798797213033,69.4,0.9779493395643097,0.029230583743254986,0.9779493395643097,0.01938347651550883
47.8,0.9778321741130358,0.028202036368001643,0.9778321741130358,0.03096751879269373,1403.0,0.9566751961462283,0.05422810115755742,0.9566751961462283,0.046058524467743535,46.0,0.9833545170597792,0.021461046987526582,0.9833545170597792,0.028267162371383624,-1.6,0.9859521728887162,0.018224370918640136,0.9859521728887162,0.026364790858270044,9.7,0.962698078434178,0.05599136072265266,0.962698078434178,0.06407601810630964,43.0,0.8655395471418885,0.14792072505559634,0.8655395471418885,0.15368893533900807,28.2,0.9751383490721078,0.03446157877374965,0.9751383490721078,0.03962790799207454,69.0,0.9775286072785426,0.02972168299361728,0.9775286072785426,0.019106531537118457
57.6,0.9765406448785067,0.02951309106000565,0.9765406448785067,0.03042858644013286,1457.0,0.9569853471910031,0.05394047628234116,0.9569853471910031,0.04540760310270007,69.0,0.9823390471922806,0.022645534838524262,0.9823390471922806,0.029548342013365307,2.3,0.9855029914410027,0.018972840041083336,0.9855029914410027,0.02622523403621185,12.24,0.9620119231766537,0.056674707370266274,0.9620119231766537,0.06447422540814175,46.0,0.8624228429545582,0.15209951484283168,0.8624228429545582,0.15806122276683407,30.2,0.9713354896272531,0.04036387533607063,0.9713354896272531,0.04735332547744348,67.8,0.9760193423588486,0.031678057232778355,0.9760193423588486,0.019627856651521794
58.0,0.9748831029641307,0.03123401622894773,0.9748831029641307,0.031068620937928795,1592.0,0.9558215613238189,0.05519069299085648,0.9558215613238189,0.047142298107341,57.0,0.9818614165826204,0.023248007780475123,0.9818614165826204,0.02930678747791915,-0.8,0.9845925291570415,0.020272308814384587,0.9845925291570415,0.03095317779918373,13.26,0.9611888843768259,0.05747392819512067,0.9611888843768259,0.06358697029110821,52.0,0.857596720542131,0.15605008570764134,0.857596720542131,0.16470573254704454,31.0,0.970034820217765,0.041771429936081066,0.970034820217765,0.04705785145391675,68.6,0.9762172762216321,0.031455762703358404,0.9762172762216321,0.019341547533520992
70.6,0.9728232530891312,0.033436349514561474,0.9728232530891312,0.03198333161414688,1772.0,0.9564199500382514,0.05472491216998744,0.9564199500382514,0.046384210698524275,21.0,0.982907253805432,0.02212974806587663,0.982907253805432,0.028084463998546437,1.6,0.9845925291570415,0.020272308814384948,0.9845925291570415,0.030396853301053527,18.35,0.9611888843768259,0.05747392819511996,0.9611888843768259,0.0628606759738481,53.0,0.8546875229146395,0.15755395170283135,0.8546875229146395,0.16624238870390448,32.5,0.9699077313984329,0.04187763981173586,0.9699077313984329,0.04674104708349689,67.8,0.9771905159874582,0.03022552836532924,0.9771905159874582,0.02057406231529991
62.4,0.9726004546661479,0.033701956032516474,0.9726004546661479,0.03129487715067837,1490.0,0.9577206194477397,0.053356285035297636,0.9577206194477397,0.0467298596997842,20.0,0.9831620859921089,0.021797420841387197,0.9831620859921089,0.026345371265805904,-2.3,0.9836192893912152,0.021522164230414843,0.9836192893912152,0.03225501890725377,12.29,0.9607681520910588,0.057943809586876435,0.9607681520910588,0.0636645931670293,51.0,0.8565315596292278,0.1560467872742686,0.8565315596292278,0.1657114331248294,30.2,0.9697097975356491,0.04209628773895994,0.9697097975356491,0.04663426613424611,66.3,0.9775665202002078,0.029813979649454276,0.9775665202002078,0.02054233127097077
19.2,0.9720479471860887,0.03443691489536233,0.9720479471860887,0.031943303955656595,1381.0,0.9564360754757828,0.0545041240827899,0.9564360754757828,0.047534526863900486,22.0,0.9841775558596071,0.020611026435349747,0.9841775558596071,0.026518524012653925,14.1,0.9844729242136251,0.02049955830810461,0.9844729242136251,0.029884387880383466,3.72,0.9590427185688559,0.059809465519913674,0.9590427185688559,0.06687700003589445,46.0,0.8544112782167314,0.1582151938991492,0.8544112782167314,0.16869640783606651,20.8,0.9688867587358212,0.04291505591253772,0.9688867587358212,0.04677641564762129,61.6,0.9769677175644749,0.03049312820771474,0.9769677175644749,0.020157493266305438
100.0,0.9736303893407471,0.03216943409023451,0.9736303893407471,0.029984060777796664,1310.0,0.956299191933479,0.05462076026835111,0.956299191933479,0.045362265047908204,58.0,0.9841775558596071,0.020611026435349747,0.9841775558596071,0.02674735373951828,6.2,0.9844729242136251,0.02049955830810461,0.9844729242136251,0.02904248848897394,20.68,0.9590427185688559,0.059809465519914014,0.9590427185688559,0.06814358540649242,50.0,0.8535882394169032,0.15881559932718198,0.8535882394169032,0.16643302056591913,36.1,0.9694392662158802,0.042187447986245796,0.9694392662158802,0.04709210370043964,53.3,0.9766278121694204,0.03084312502346802,0.9766278121694204,0.019128854108589846
70.6,0.9733327140473644,0.03258001461891678,0.9733327140473644,0.030202027651821492,1403.0,0.9564475079331649,0.05448740250189095,0.9564475079331649,0.046081728140861596,38.0,0.9841775558596071,0.020611026435349386,0.9841775558596071,0.025517209349819613,-3.1,0.9835624619296641,0.02179621897454728,0.9835624619296641,0.031736516875216954,5.23,0.9644010796098755,0.049448928756260516,0.9644010796098755,0.06761785183068819,51.0,0.8578570807760695,0.1557628482214792,0.8578570807760695,0.16020846929384283,26.3,0.9714029787362266,0.03912547886814848,0.9714029787362266,0.04311695059296963,65.5,0.9779284815789088,0.029410704023527332,0.9779284815789088,0.018750135446638685
39.2,0.9729747592434627,0.03311466683740121,0.9729747592434627,0.02931388388011789,776.0,0.9585677893456613,0.05174207484838778,0.9585677893456613,0.04437522994430929,33.0,0.9853413417267916,0.01927894755105839,0.9853413417267916,0.02276717373848421,-1.6,0.9833645280668805,0.02202222594670017,0.9833645280668805,0.03288994567898267,5.14,0.9649535870899345,0.04872865786707644,0.9649535870899345,0.06753099202694943,16.0,0.8578570807760695,0.1557628482214792,0.8578570807760695,0.16020846929384283,22.7,0.9716578109229035,0.03880163394893175,0.9716578109229035,0.042863999877241106,67.1,0.9755440367727952,0.033002487385547445,0.9755440367727952,0.0228681208397978
77.6,0.9729747592434627,0.03311466683740121,0.9729747592434627,0.0299803423331387,1965.0,0.9612921395468293,0.04792421409567055,0.9612921395468293,0.04169667826884137,51.0,0.9850865095401148,0.019612687953669453,0.9850865095401148,0.024232583939192098,3.1,0.9836622033602627,0.021604014725093754,0.9836622033602627,0.03319691552102546,25.78,0.9647307886669512,0.04898846000675007,0.9647307886669512,0.06635292830289259,23.0,0.8578570807760695,0.1557628482214792,0.8578570807760695,0.16020846929384283,36.1,0.9716578109229035,0.03880163394893175,0.9716578109229035,0.040836598888591605,63.5,0.9765972870091806,0.031180166404906486,0.9765972870091806,0.020988162766069227
79.2,0.9732724345368451,0.032704408160815664,0.9732724345368451,0.028473225756798764,2356.0,0.9618905282612621,0.04745085155160432,0.9618905282612621,0.0419627809169694,78.0,0.9848885756773312,0.019839497520179925,0.9848885756773312,0.02491226475973544,2.3,0.984139833969923,0.020999597654360224,0.984139833969923,0.03252030199785928,30.57,0.9644759564802743,0.04930715913500904,0.9644759564802743,0.06312341066584772,44.0,0.8550947273166954,0.1583210708381968,0.8550947273166954,0.1614885691684524,36.5,0.9714350124999199,0.039065673591775756,0.9714350124999199,0.038717245479395,68.6,0.9779284815789088,0.029410704023527332,0.9779284815789088,0.018750135446638685
22.0,0.9730176023501681,0.033030421596000614,0.9730176023501681,0.02871870100718852,3570.0,0.962175727803252,0.04719704075462064,0.962175727803252,0.04292884233337307,74.0,0.9829301293099234,0.022571283384316677,0.9829301293099234,0.026437406636522446,0.0,0.985649098889617,0.019009784011103936,0.985649098889617,0.028184182158353704,9.51,0.9636223216578647,0.050282748657701874,0.9636223216578647,0.06549404169271801,50.0,0.849291623924857,0.16366809701141044,0.849291623924857,0.16778864283290304,27.8,0.9705813776775102,0.040057935945682126,0.9705813776775102,0.04091673294790235,63.1,0.9786891192597301,0.0285679400038781,0.9786891192597301,0.01777988434946972
90.2,0.9741813882173526,0.03172883970837861,0.9741813882173526,0.027443676602163854,2613.0,0.9629363654840735,0.046382645193387494,0.9629363654840735,0.04150927424422501,18.0,0.9813476871552652,0.024876904732134372,0.9813476871552652,0.030726512638245218,-6.2,0.9853514235962347,0.019429650102446454,0.9853514235962347,0.02907634722932651,36.41,0.9656057651382505,0.04667402061693646,0.9656057651382505,0.06176597406088363,58.0,0.847739548241666,0.16415327706679225,0.847739548241666,0.1660670993823133,37.6,0.9732204512551802,0.035458216330120244,0.9732204512551802,0.03484517528471764,67.8,0.9791667498693905,0.027970082115616166,0.9791667498693905,0.018016531187661278
28.2,0.9755410319490273,0.0297191113847887,0.9755410319490273,0.025103486984236763,1489.0,0.9624871840363598,0.0471001069288911,0.9624871840363598,0.04151157111346111,44.0,0.9795282711907966,0.02715263969324805,0.9795282711907966,0.035209620165471175,5.5,0.9860269880686786,0.018595867826382236,0.9860269880686786,0.02748764547664801,11.49,0.9679471634225384,0.04252215889300119,0.9679471634225384,0.0531675674419854,55.0,0.8469642423386236,0.16489818018531277,0.8469642423386236,0.1604093346311675,31.0,0.974027587506796,0.034192438247486134,0.974027587506796,0.031880698220989816,74.9,0.9793285849144792,0.027807595798689508,0.9793285849144792,0.019460963400948834
40.0,0.9755410319490274,0.0297191113847887,0.9755410319490274,0.024359607429637768,1788.0,0.9636670953410759,0.04600931835009793,0.9636670953410759,0.04034048721012757,20.0,0.9785550314249702,0.028389017177751757,0.9785550314249702,0.0369713197441215,6.2,0.9854281854329456,0.019288025237215033,0.9854281854329456,0.027298376590923133,10.62,0.9679471634225384,0.04252215889300119,0.9679471634225384,0.05124837507165709,52.0,0.8506187857837919,0.1604493750995579,0.8506187857837919,0.15296276092582367,29.0,0.9750734247296073,0.033095238952637204,0.9750734247296073,0.02982766807607753,72.5,0.9787907456566409,0.028383050360650957,0.9787907456566409,0.019888531548459057
30.2,0.9752433566556449,0.030131284137139107,0.9752433566556449,0.024858011733847007,1732.0,0.9654865113055443,0.04380761220596439,0.9654865113055443,0.041384447409199304,38.0,0.9789129862288722,0.02784943175383791,0.9789129862288722,0.0350000905570418,0.0,0.9842643995657613,0.020620214959235217,0.9842643995657613,0.030531207161389188,6.68,0.9674695328128783,0.04310566777106233,0.9674695328128783,0.05209995947961136,51.0,0.8506187857837919,0.1604493750995579,0.8506187857837919,0.15296276092582367,26.7,0.9750734247296073,0.033095238952637204,0.9750734247296073,0.02982766807607753,74.1,0.9790455778433178,0.02805379081874658,0.9790455778433178,0.021267271442540984
60.8,0.9756013114595471,0.029594234016942063,0.9756013114595471,0.023158724807633493,1731.0,0.9665019811730425,0.04266649130716736,0.9665019811730425,0.040610531305785014,20.0,0.9787349158789065,0.02803874187065769,0.9787349158789065,0.03459743066785607,-1.6,0.9838883953530118,0.02103825331678059,0.9838883953530118,0.03099044982223395,15.46,0.9670488005271112,0.04358519706205923,0.9670488005271112,0.05288970948460278,33.67243525896414,0.8503730937720744,0.16058823781549753,0.8503730937720744,0.15549439243121177,31.4,0.9754941570153745,0.03260689260172712,0.9754941570153745,0.030511016473137673,69.0,0.9792683762663011,0.02778503730441211,0.9792683762663011,0.021208579680738696
18.0,0.9758561436462239,0.029266411701944793,0.9758561436462239,0.023182416656582095,1643.0,0.9659641419152046,0.043225733317335265,0.9659641419152046,0.03983530059647728,21.0,0.9798862259946985,0.0266120453517929,0.9798862259946985,0.03297220586061269,0.0,0.9841111937759953,0.020766519082910447,0.9841111937759953,0.03132498043455427,4.36,0.9674248047398605,0.043183355019450025,0.9674248047398605,0.052121728580673855,47.0,0.8506187857837919,0.1604493750995579,0.8506187857837919,0.15303279143017065,21.6,0.9757489892020512,0.032279894990080604,0.9757489892020512,0.03165895391252566,63.1,0.9796443804790507,0.02737162736400451,0.9796443804790507,0.020692857448553106
65.9,0.9773634860411641,0.027790930698352246,0.9773634860411641,0.0228790601567198,1300.0,0.9641447259507361,0.045429708430541935,0.9641447259507361,0.038791340397405547,57.0,0.9801090244176821,0.026342722357790786,0.9801090244176821,0.03315988149719655,6.2,0.983095723908497,0.021952670092032417,0.983095723908497,0.031681271031773005,12.25,0.9688525629686808,0.041675702842418186,0.9688525629686808,0.051835098551215236,51.0,0.8525750852905645,0.1586865164532358,0.8525750852905645,0.1490066724637087,30.2,0.9762266198117114,0.0316857331625443,0.9762266198117114,0.03207070564927163,65.5,0.9796443804790507,0.02737162736400451,0.9796443804790507,0.020692857448553106
67.1,0.9790210279555402,0.026059525534756458,0.9790210279555402,0.022021406431894038,1428.0,0.9625622837960777,0.047652273587545646,0.9625622837960777,0.041695917954001106,50.0,0.9775465092616027,0.03013900314105952,0.9775465092616027,0.03604593200206068,1.6,0.983095723908497,0.021952670092032417,0.983095723908497,0.031901536538160045,13.96,0.9692995975557593,0.041259671129935255,0.9692995975557593,0.05371718249044867,54.0,0.850867381265967,0.15924965712959116,0.850867381265967,0.14723017433641042,31.0,0.9771767474308716,0.030742243690919047,0.9771767474308716,0.0325455309643354,66.3,0.9811536453987447,0.02540100065097832,0.9811536453987447,0.01846914527705176
60.4,0.9795519195092477,0.02558759788913881,0.9795519195092477,0.022630600650872964,1505.0,0.9630505051908183,0.04717804234216003,0.9630505051908183,0.04210049126289114,47.0,0.9772916770749259,0.030467192439310314,0.9772916770749259,0.035646231910667535,-5.5,0.983633563166335,0.021371031085009734,0.983633563166335,0.03206443851214738,13.14,0.9702085512362669,0.04029635355202089,0.9702085512362669,0.05216208540900588,57.0,0.8489977105123474,0.15988065456886785,0.8489977105123474,0.1457981254239871,30.6,0.9782225846536832,0.02963757130331648,0.9782225846536832,0.030764574370968044,67.8,0.9811536453987447,0.02540100065097832,0.9811536453987447,0.01846914527705176
36.1,0.9808650646701281,0.02399339087328266,0.9808650646701281,0.021768232665018337,1582.0,0.961886719323634,0.04844519362942915,0.961886719323634,0.042882629947249465,28.0,0.9759320333432513,0.03247964020396701,0.9759320333432513,0.03542817973158876,3.1,0.9834107647433515,0.02164249191439961,0.9834107647433515,0.03259949727277742,8.48,0.9721722637566135,0.03722799653406993,0.9721722637566135,0.04925403674260343,56.0,0.8516195750223434,0.15874082857743602,0.8516195750223434,0.14223434035941215,27.1,0.9801862971740295,0.02652118323690854,0.9801862971740295,0.028638632253721118,71.8,0.9811536453987447,0.02540100065097832,0.9811536453987447,0.01846914527705176
35.3,0.9808650646701281,0.02399339087328266,0.9808650646701281,0.02211620405687513,1532.0,0.9597002083803041,0.05171421703620041,0.9597002083803041,0.04589789552033706,32.0,0.9754849987561726,0.03290280128468903,0.9754849987561726,0.036272107075180714,-1.6,0.9849932068980097,0.01932665832131327,0.9849932068980097,0.02951825223001515,8.14,0.9711990239907872,0.038444586549338355,0.9711990239907872,0.05028787376060009,55.0,0.8565825208018165,0.15482093321002746,0.8565825208018165,0.13736864295665055,26.7,0.9792130574082032,0.02775905535334633,0.9792130574082032,0.029917657128747308,72.2,0.9808684458567548,0.02566670132112745,0.9808684458567548,0.018139005844331705
40.4,0.9797318039631836,0.025551432697529356,0.9797318039631836,0.02361525278946027,1495.0,0.9588930721286884,0.05294578436741872,0.9588930721286884,0.048305642894800355,57.0,0.9752622003331892,0.033169298409354495,0.9752622003331892,0.03823410556265312,-2.3,0.985290882191392,0.01890691796556825,0.985290882191392,0.027634372074913545,9.05,0.9706465165107281,0.03917573252637739,0.9706465165107281,0.05258085579621947,54.0,0.8582457769781778,0.15424850824470623,0.8582457769781778,0.13923483368609701,27.5,0.9789582252215266,0.028088450435238693,0.9789582252215266,0.0311995240747007,71.0,0.9816755821083705,0.024382467011018975,0.9816755821083705,0.017937996222201977
79.6,0.9791792964831246,0.026296659722840992,0.9791792964831246,0.023464359005295893,1464.0,0.9587561885863843,0.053062982708331916,0.9587561885863843,0.04762725044134779,74.0,0.9745015626523676,0.034005364594570354,0.9745015626523676,0.03838981140093595,-3.1,0.9857116144771593,0.018407100349549108,0.9857116144771593,0.027020459725428617,17.06,0.9715966441298883,0.03824531584293365,0.9715966441298883,0.05127985232919026,51.0,0.8559326049665174,0.15623828537299644,0.8559326049665174,0.1405718649788298,32.5,0.9796443804790507,0.02737162736400451,0.9796443804790507,0.03056808464342804,64.3,0.9807023423425444,0.025624422144471505,0.9807023423425444,0.019875886737140244
89.8,0.9781105656715793,0.027343617522771868,0.9781105656715793,0.02390636056409099,1411.0,0.9581820651799738,0.0535718086860923,0.9581820651799738,0.04658662482015166,94.0,0.9706987032075131,0.039905396128213574,0.9706987032075131,0.04358685298535838,-0.8,0.9854139391837771,0.018827175812228286,0.9854139391837771,0.028095418963964947,18.53,0.9711084227351477,0.038728668927778445,0.9711084227351477,0.052595935841165585,49.0,0.85502406520731,0.15679242141626004,0.85502406520731,0.1432648947585047,33.7,0.9790192755420065,0.027988220008577248,0.9790192755420065,0.03170957267872662,61.6,0.9801035397068113,0.02630842569502853,0.9801035397068113,0.02030879174163403
100.0,0.9767078559438797,0.028742893123254953,0.9767078559438797,0.024372925618948008,1352.0,0.9559800736614837,0.05604733674842549,0.9559800736614837,0.049315925519100245,64.0,0.9704759047845295,0.040168904167295835,0.9704759047845295,0.044439559306297005,1.6,0.9846533015029554,0.019683558245756873,0.9846533015029554,0.02928564057719774,22.51,0.9704833177981034,0.03933226921215305,0.9704833177981034,0.05275544965735408,47.0,0.8544637464627692,0.1570899032522361,0.8544637464627692,0.1459948359934356,55.7,0.9778463494998628,0.029204422222942217,0.9778463494998628,0.03257140415133717,52.2,0.97934290202599,0.027154226357389892,0.97934290202599,0.020675907821808462
61.2,0.9773066585796127,0.02806286200172316,0.9773066585796127,0.02316634841144797,1560.0,0.9543976315068257,0.058232204916879186,0.9543976315068257,0.050379860329616485,55.0,0.9697005988814871,0.04116154594319789,0.9697005988814871,0.047323838637268544,3.9,0.9858046116187474,0.018238077873042696,0.9858046116187474,0.028044187562456625,14.03,0.9712586237011458,0.03833731237003517,0.9712586237011458,0.05132326487251099,46.0,0.8508002700615683,0.16061941912291156,0.8508002700615683,0.14830692704619397,31.0,0.978144024793245,0.02879081851149887,0.978144024793245,0.03150221245349752,68.2,0.9787903945459308,0.027898241720501215,0.9787903945459308,0.01961613371404163
72.2,0.9750380611674305,0.03105766928811242,0.9750380611674305,0.026101108120361163,1527.0,0.9543976315068256,0.058232204916879186,0.9543976315068256,0.04925483593828739,63.0,0.9689484051251105,0.041868725087523755,0.9689484051251105,0.04835266611352959,3.1,0.9860274100417308,0.017965163135639298,0.9860274100417308,0.027288863295439544,22.18,0.9712586237011458,0.03833731237003517,0.9712586237011458,0.05132326487251099,47.0,0.8508002700615683,0.1606194191229103,0.8508002700615683,0.14721765812953136,34.9,0.978144024793245,0.02879081851149887,0.978144024793245,0.03150221245349752,66.3,0.979088069839313,0.027483824425652354,0.979088069839313,0.016882874777382057
69.4,0.9750380611674305,0.03105766928811242,0.9750380611674305,0.026101108120361163,1568.0,0.9561780075242675,0.055834917513394575,0.9561780075242675,0.044426825186543596,40.0,0.9695009126051697,0.04114047114768924,0.9695009126051697,0.04637399062444679,-3.9,0.9860274100417308,0.017965163135638937,0.9860274100417308,0.029053439703314688,15.85,0.9712586237011458,0.03833731237003517,0.9712586237011458,0.05132326487251099,48.0,0.847683565874238,0.16466194173292967,0.847683565874238,0.1554369243650074,31.8,0.978144024793245,0.02879081851149887,0.978144024793245,0.03150221245349752,67.1,0.9797636343117571,0.026661065590533294,0.9797636343117571,0.016481654431735875
17.6,0.9750380611674305,0.03105766928811242,0.9750380611674305,0.026101108120361163,1545.0,0.9565359623281693,0.05531842156107686,0.9565359623281693,0.04425930923562581,21.0,0.9702531063615462,0.04043228701040168,0.9702531063615462,0.045149493178133805,0.0,0.9851737752193209,0.018991635376614063,0.9851737752193209,0.030975139227134466,3.98,0.9723634352461439,0.03666795164426987,0.9723634352461439,0.050337372924642645,44.0,0.8463828964647495,0.1656845785182629,0.8463828964647495,0.1566992863359808,22.0,0.9795036685249199,0.026768483496723637,0.9795036685249199,0.030605133224149456,62.7,0.9781811921570986,0.02895240722856954,0.9781811921570986,0.018064914834114147
45.5,0.9750380611674305,0.03105766928811242,0.9750380611674305,0.026101108120361163,1248.0,0.9580823237493752,0.053755591025849786,0.9580823237493752,0.043460574913792085,43.0,0.9694778004585035,0.041424475511933914,0.9694778004585035,0.048423019597674546,2.3,0.9845181451220367,0.019957362987841884,0.9845181451220367,0.03315110766574806,11.67,0.9725862336691272,0.036403093202713566,0.9725862336691272,0.051530534566721346,38.0,0.8474838577098711,0.16506434492196134,0.8474838577098711,0.15368811980550698,30.2,0.9795036685249199,0.026768483496723637,0.9795036685249199,0.030605133224149456,66.7,0.9786019244428658,0.028460632318906182,0.9786019244428658,0.018764454503639214
16.1,0.9767091611322128,0.02894055780635639,0.9767091611322128,0.023999033538825917,1250.0,0.9580823237493752,0.053755591025849786,0.9580823237493752,0.043460574913792085,24.0,0.9697005988814871,0.04116154594319789,0.9697005988814871,0.04775118227296584,8.6,0.9851937095944808,0.019124669972712085,0.9851937095944808,0.03220887786142714,3.32,0.9733615395721698,0.0354035111419493,0.9733615395721698,0.04891483682307606,34.0,0.8474838577098711,0.16506434492196134,0.8474838577098711,0.15368811980550698,19.6,0.9792059932315373,0.027183301243494024,0.9792059932315373,0.030618856425943433,72.5,0.9779263599704219,0.029281128990794415,0.9779263599704219,0.020538519483487283
20.4,0.9784895371496547,0.026428921957134043,0.9784895371496547,0.02136101459771865,1123.0,0.9580823237493752,0.053755591025849786,0.9580823237493752,0.043460574913792085,35.0,0.9699982741748693,0.04075520589973065,0.9699982741748693,0.04781694738067869,-0.8,0.985491384887863,0.01870478079368796,0.985491384887863,0.03086491104308977,4.19,0.9733615395721698,0.0354035111419493,0.9733615395721698,0.049128318854447094,33.0,0.8448736315450556,0.16712235408982842,0.8448736315450556,0.15556743761968214,23.9,0.9786534857514786,0.027927191847165158,0.9786534857514786,0.03245756512449146,57.6,0.974611721920308,0.03473454933954879,0.974611721920308,0.026152794630624077
39.6,0.9771298934179801,0.028449555029369245,0.9771298934179801,0.023183355779471945,1548.0,0.9606148935231935,0.05064739148360222,0.9606148935231935,0.04348287113541126,20.0,0.9704759047845295,0.040168904167296196,0.9704759047845295,0.0454409433014081,7.0,0.9852685864648795,0.01897737550856403,0.9852685864648795,0.032420208500452685,6.07,0.9726009018913483,0.036236099762778855,0.9726009018913483,0.05066227628026934,28.0,0.8411212316356006,0.17058821144145844,0.8411212316356006,0.16043603442976903,23.5,0.9783986535648016,0.028256346606126838,0.9783986535648016,0.03539655951730136,71.4,0.9741340913106477,0.035326182322673136,0.9741340913106477,0.027886213443037156
21.6,0.9769070949949967,0.02871754235673669,0.9769070949949967,0.022506277024064852,937.0,0.9632660664893974,0.047429029179138105,0.9632660664893974,0.04127940828391925,33.0,0.9724343511519374,0.0375083208849184,0.9724343511519374,0.046578323014318926,5.5,0.9857462170745396,0.018370664318305172,0.9857462170745396,0.0315819560169876,3.79,0.9726009018913483,0.036236099762778855,0.9726009018913483,0.04960298927679961,19.0,0.8398466611123035,0.1712592725277101,0.8398466611123035,0.16373867275860057,20.4,0.9786214519877852,0.027987825199920813,0.9786214519877852,0.0329835639770228,63.1,0.97443176660403,0.03491608662684643,0.97443176660403,0.030424323805653044
39.2,0.9783098047226961,0.027317928498998476,0.9783098047226961,0.022013700179833447,843.0,0.9632660664893974,0.047429029179138105,0.9632660664893974,0.04228685692463417,40.0,0.9728103553646867,0.03710170393428796,0.9728103553646867,0.04762543400087122,0.6281970010971596,0.9860010492612165,0.018036372592556776,0.9860010492612165,0.02966402538156431,6.3,0.9756104516345062,0.032052631934398064,0.9756104516345062,0.04531285109758367,18.0,0.8365328105227312,0.1739124601380042,0.8365328105227312,0.16639682904889208,26.3,0.9797943780299287,0.026769146470923856,0.9797943780299287,0.031933198872184945,59.2,0.97443176660403,0.03491608662684643,0.97443176660403,0.028620508571602286
45.9,0.9788406962764036,0.026847046926907137,0.9788406962764036,0.022582490893611036,1567.0,0.9632660664893974,0.047429029179138105,0.9632660664893974,0.04228685692463417,33.0,0.9702478402086075,0.04084026890164242,0.9702478402086075,0.05249791138710377,0.8,0.9849855793937181,0.019227697807583623,0.9849855793937181,0.032108025865614696,10.54,0.9760986730292468,0.031563518229859464,0.9760986730292468,0.045413148410758185,19.0,0.8345493670423453,0.1767084945427017,0.8345493670423453,0.16959987660788295,29.0,0.9804194829669732,0.026151259932795237,0.9804194829669732,0.03195362216380258,70.2,0.9737761365067457,0.035860285520112244,0.9737761365067457,0.03050274146703045
40.0,0.9795928900327802,0.02612045006204375,0.9795928900327802,0.02215269763404557,1629.0,0.9621022806222128,0.04869618673901547,0.9621022806222128,0.04397660216284102,30.0,0.9699930080219307,0.041163078767533196,0.9699930080219307,0.05436843166329451,-2.3,0.9844330719136589,0.01998062468089769,0.9844330719136589,0.03397545037059163,7.68,0.9760986730292468,0.031563518229859464,0.9760986730292468,0.045413148410758185,18.0,0.8320849117656727,0.18110214147419876,0.8320849117656727,0.16318387845544144,25.5,0.9805677989666591,0.02600981020742922,0.9805677989666591,0.03267308525675597,72.2,0.9737761365067457,0.035860285520112244,0.9737761365067457,0.03050274146703045
32.5,0.9793700916097964,0.026389675440122537,0.9793700916097964,0.022673159106973376,1601.0,0.9614267161497689,0.049487962588109266,0.9614267161497689,0.04544430685698084,24.0,0.9699930080219307,0.041163078767533196,0.9699930080219307,0.05436843166329451,3.1,0.9841782397269823,0.020313866533200095,0.9841782397269823,0.03512595514094644,7.79,0.9752915367776309,0.032834284252386,0.9752915367776309,0.04553915481673517,15.0,0.8294458381880025,0.18454077945520492,0.8294458381880025,0.16357593995272168,26.3,0.9794345382597146,0.027565032069030018,0.9794345382597146,0.03522911817280735,73.3,0.9730239427503692,0.03657480205246695,0.9730239427503692,0.029708594548704607
23.1,0.9808315527703633,0.024655157369913108,0.9808315527703633,0.021526803769453446,985.0,0.9624725533725805,0.04842253644943027,0.9624725533725805,0.045919523977878546,45.0,0.973109712209261,0.035979221343785416,0.973109712209261,0.046412719083225785,2.3,0.9841782397269823,0.020313866533200095,0.9841782397269823,0.03598764782212857,2.88,0.9755463689643078,0.0325074174970203,0.9755463689643078,0.04371528169313859,12.0,0.825450601887238,0.18791393345047688,0.825450601887238,0.16920726406866118,20.0,0.9788820307796555,0.0283088882167518,0.9788820307796555,0.03615365541970133,58.4,0.9728260088875856,0.03679528615995237,0.9728260088875856,0.030126306742323715
52.9,0.9814871828676476,0.02369628347790617,0.9814871828676476,0.020798283305731174,1205.0,0.9622746195097968,0.04863803039539659,0.9622746195097968,0.04577241210616671,32.0,0.9750734247296073,0.03289250929882159,0.9750734247296073,0.04104254680699555,4.7,0.9838805644336001,0.02073269429586375,0.9838805644336001,0.0368141989211672,9.36,0.9775048153317154,0.029816736686884747,0.9775048153317154,0.03897917061730514,13.0,0.8246275630874099,0.18845383830417972,0.8246275630874099,0.16814204480364828,28.2,0.9808457433000021,0.025187657970540282,0.9808457433000021,0.030059508207535442,63.1,0.9732467411733527,0.03630973100088279,0.9732467411733527,0.029163504697215657
34.5,0.9814871828676476,0.02369628347790581,0.9814871828676476,0.019896478918799112,2067.0,0.9645432169219792,0.045725683246792444,0.9645432169219792,0.041437794074743635,19.0,0.9750734247296073,0.03289250929882159,0.9750734247296073,0.04104254680699555,-1.6,0.9838805644336001,0.02073269429586375,0.9838805644336001,0.03704302864803155,10.16,0.9776666503768041,0.029654847547163778,0.9776666503768041,0.03845857523502487,16.0,0.8238204268357943,0.18936483333831472,0.8238204268357943,0.1643558966288415,27.8,0.9818612131675002,0.024007671910301266,0.9818612131675002,0.02829345100884137,72.9,0.9743980512891447,0.03490118011887977,0.9743980512891447,0.029461759296027665
19.2,0.9818270882627018,0.023341964190534376,0.9818270882627018,0.0196062065442875,1040.0,0.9645432169219792,0.045725683246792444,0.9645432169219792,0.041437794074743635,36.0,0.9750734247296073,0.03289250929882159,0.9750734247296073,0.04104254680699555,3.1,0.9821001884161582,0.023269029821772157,0.9821001884161582,0.04062668965508994,3.03,0.9755463689643078,0.03250741749701958,0.9755463689643078,0.042090099452059854,20.0,0.8155072803838843,0.19845304526406132,0.8155072803838843,0.16575938622280478,21.6,0.9796747022241703,0.027403686696671398,0.9796747022241703,0.03247925495928421,63.1,0.9732467411733527,0.03630973100088279,0.9732467411733527,0.03156384215119619
32.9,0.9820498866856854,0.02307134187173589,0.9820498866856854,0.018239442719151906,1803.0,0.9676798554844692,0.04150227842882164,0.9676798554844692,0.037259998002271526,27.0,0.9752962231525909,0.03262600343537806,0.9752962231525909,0.039691902495878936,-4.7,0.9809669277092137,0.024829941493077805,0.9809669277092137,0.04388863948795416,9.05,0.9752915367776309,0.032834284252385285,0.9752915367776309,0.04129458707595079,24.0,0.807149686083738,0.20732025037483892,0.807149686083738,0.1633291645016023,27.5,0.9787014624583442,0.02864000786422175,0.9787014624583442,0.03441751620675688,73.3,0.9749178411381353,0.03420571595458562,0.9749178411381353,0.02893618343363555
25.5,0.982304718872362,0.02273955879999315,0.982304718872362,0.01740375844979146,2011.0,0.9676798554844692,0.04150227842882164,0.9676798554844692,0.038109168285484836,18.0,0.9756722273653404,0.032216222780138734,0.9756722273653404,0.041280508288138194,-3.9,0.9818773899931749,0.02353962169423406,0.9818773899931749,0.04095736838124265,8.26,0.9755463689643078,0.03250741749701958,0.9755463689643078,0.04345565611847767,27.0,0.8038522571012982,0.20870582642312105,0.8038522571012982,0.1657458478583556,27.1,0.9787014624583444,0.028640007864221752,0.9787014624583444,0.03522054232953062,76.1,0.975095911488101,0.0340183102874423,0.975095911488101,0.029885598475615564
37.6,0.9814975826207464,0.024025992464666423,0.9814975826207464,0.01841106951470151,1424.0,0.9668727192328535,0.04275333283828816,0.9668727192328535,0.04069741514331248,22.0,0.974920033608964,0.03293504885847843,0.974920033608964,0.04312418610791079,-1.6,0.9827863436736822,0.02254641445245056,0.9827863436736822,0.03999499690431241,7.85,0.9744415574193097,0.03418723321695105,0.9744415574193097,0.04500598668786665,31.0,0.8018131666544189,0.2092084538505762,0.8018131666544189,0.16452174509401496,26.3,0.9773702678886161,0.03041198236340206,0.9773702678886161,0.03633790499512775,69.0,0.9764555552197757,0.03200980726072745,0.9764555552197757,0.0278219503082686
18.4,0.9809450751406874,0.024773473990211042,0.9809450751406874,0.01984277919810296,1550.0,0.9682039138025818,0.04101825016868791,0.9682039138025818,0.03728243653394854,44.0,0.9739467938431376,0.03415957695000389,0.9739467938431376,0.046293616500268274,2.3,0.9832070759594493,0.02204946595645488,0.9832070759594493,0.038677825320387146,4.07,0.9749793966771481,0.033617676712579175,0.9749793966771481,0.04358350130061296,37.0,0.8018131666544189,0.2092084538505762,0.8018131666544189,0.16452174509401496,22.4,0.9777101732836706,0.030061553311056508,0.9777101732836706,0.035366383513938476,65.5,0.9754823154539495,0.03323729167249774,0.9754823154539495,0.029602538875497547
39.6,0.9809450751406874,0.024773473990211042,0.9809450751406874,0.020896048224866497,1924.0,0.9670526036867897,0.04241003625800312,0.9670526036867897,0.04095261370940346,20.0,0.9723643516884795,0.03642459630178356,0.9723643516884795,0.04707078031160795,0.8,0.982984277536466,0.022320651123326794,0.982984277536466,0.03788967859877099,11.63,0.975517235934986,0.03304747100759328,0.975517235934986,0.042522537674837296,42.0,0.8018131666544189,0.2092084538505762,0.8018131666544189,0.16452174509401496,29.8,0.9772325426740104,0.03065745905490781,0.9772325426740104,0.036696749488805115,71.8,0.9752274832672729,0.03356394517496723,0.9752274832672729,0.028649868506066926
24.7,0.9803410063520157,0.025870485106270533,0.9803410063520157,0.021979840977740573,2076.0,0.966143650006282,0.043367984548268824,0.966143650006282,0.04094087326808453,21.0,0.9728419822981399,0.035834640153404186,0.9728419822981399,0.044549315100728556,0.0,0.9834619081461263,0.021717013079298783,0.9834619081461263,0.035513862228930534,7.8,0.9772261162686555,0.030275093917253533,0.9772261162686555,0.03734011837792663,43.0,0.8018131666544189,0.2092084538505762,0.8018131666544189,0.16452174509401496,26.7,0.9776532749597775,0.030166919112234028,0.9776532749597775,0.03730894077755413,76.5,0.9748514790545233,0.03397300802126093,0.9748514790545233,0.02910586976474106
25.5,0.9800861741653389,0.02620076726968188,0.9800861741653389,0.02210681225540125,977.0,0.9663054850513705,0.04321036200458317,0.9663054850513705,0.03976239967889255,36.0,0.9728419822981399,0.035834640153404894,0.9728419822981399,0.04456052301718178,-1.6,0.9826547718945106,0.023005846681017808,0.9826547718945106,0.03832100833965757,2.89,0.9783309278136537,0.028585839411979532,0.9783309278136537,0.0367887435090775,42.0,0.8042992916883767,0.2084607227016174,0.8042992916883767,0.16183234559288046,20.4,0.9789844695295056,0.02839407456659671,0.9789844695295056,0.037660049843599656,59.2,0.9754256024609341,0.03344268596704819,0.9754256024609341,0.03030562425752614
34.1,0.9795336666852799,0.02694590836978537,0.9795336666852799,0.023220315451045647,787.0,0.9660415126897345,0.043435499719232815,0.9660415126897345,0.04049214493227303,32.0,0.97198834747573,0.036831275435407436,0.97198834747573,0.04478617216013544,-7.0,0.9826547718945106,0.023005846681017808,0.9826547718945106,0.037226442499345085,4.0,0.9793767650364652,0.02747748081268306,0.9793767650364652,0.035720560187598165,40.0,0.8053451289111883,0.20779525038141516,0.8053451289111883,0.1615632819373324,20.0,0.9789844695295056,0.02839407456659671,0.9789844695295056,0.037660049843599656,56.1,0.9754256024609341,0.033442685967048906,0.9754256024609341,0.030144691391759106
36.5,0.9778082331630773,0.02890670147563868,0.9778082331630773,0.0235702387693225,796.0,0.966381418084789,0.043093960054085154,0.966381418084789,0.040725774787333156,31.0,0.97198834747573,0.036831275435407436,0.97198834747573,0.04575415566640789,0.8,0.9816015216581252,0.02484866074656535,0.9816015216581252,0.04042437368167161,4.24,0.9787779624007322,0.028159383937692337,0.9787779624007322,0.03795843116185125,36.0,0.8036602439394659,0.20852877044882595,0.8036602439394659,0.16563915003173896,20.4,0.9791824033922892,0.02817040191261851,0.9791824033922892,0.03646825301749132,58.4,0.9747699723636499,0.034388886765296056,0.9747699723636499,0.031526682641480605
54.1,0.9765167039285481,0.03021679144989295,0.9765167039285481,0.02478187960554446,1553.0,0.9683398644521969,0.04045119191948403,0.9683398644521969,0.03722081636207538,53.0,0.9733995525160173,0.03448600861191119,0.9733995525160173,0.04478837627491032,3.9,0.980437735790941,0.02616890107898103,0.980437735790941,0.042063002804093794,12.85,0.9774648172398516,0.029744468122168112,0.9774648172398516,0.040230129130540956,39.0,0.8045929351548117,0.20821490791693045,0.8045929351548117,0.16285879676716594,31.0,0.9785836007565564,0.028851739213037048,0.9785836007565564,0.03726871696240326,68.6,0.9749679062264333,0.034167443638667076,0.9749679062264333,0.03285040863243361
50.6,0.9765167039285481,0.03021679144989295,0.9765167039285481,0.024276794991516953,2213.0,0.9687521528135189,0.04008715439587834,0.9687521528135189,0.03638891577893015,61.0,0.9740857077735415,0.03377798673208345,0.9740857077735415,0.0460201466321938,-0.8,0.9789762746303742,0.02790043573094163,0.9789762746303742,0.04640583862035528,21.06,0.9760033560792849,0.0314651613896665,0.9760033560792849,0.040996694172937886,48.0,0.8068792911219067,0.20697733093197224,0.8068792911219067,0.15747292781601863,33.7,0.9769125007917736,0.03097326239665035,0.9769125007917736,0.04040524179514974,71.4,0.9735401479976131,0.03569639473487197,0.9735401479976131,0.03449305483758546
94.5,0.9776680140443401,0.028796042107147778,0.9776680140443401,0.02249132835586814,1534.0,0.9694277172859628,0.03928226655527706,0.9694277172859628,0.0361427914422361,54.0,0.9740857077735415,0.03377798673208345,0.9740857077735415,0.0460201466321938,-6.2,0.9789762746303742,0.02790043573094163,0.9789762746303742,0.04640583862035528,16.05,0.9757485238926081,0.03179246138866824,0.9757485238926081,0.038197472569575626,49.0,0.8057485703101136,0.20715147094721992,0.8057485703101136,0.15499761357726724,31.4,0.9773901314014338,0.030377715931345882,0.9773901314014338,0.03673747274815213,60.8,0.9735401479976131,0.03569639473487197,0.9735401479976131,0.03227520084622726
19.2,0.9771155065642814,0.029537804030530922,0.9771155065642814,0.024143303545656636,1323.0,0.9668951475121442,0.04245118933741948,0.9668951475121442,0.0403791850099733,35.0,0.9740857077735415,0.03377798673208345,0.9740857077735415,0.0460201466321938,-1.6,0.9789762746303742,0.02790043573094163,0.9789762746303742,0.04640583862035528,3.69,0.9766589861765691,0.030515741672797497,0.9766589861765691,0.03711078092748046,37.0,0.8027390205669557,0.20991218463782235,0.8027390205669557,0.1556554667509482,19.2,0.977942638881493,0.029636211056755426,0.977942638881493,0.036668101025929455,61.2,0.9727648420945706,0.036695937467901854,0.9727648420945706,0.03255149337611837
38.0,0.9762065528837737,0.030518529861382863,0.9762065528837737,0.02576288398574507,802.0,0.9660721087123164,0.043267069059518215,0.9660721087123164,0.03987271564481892,31.0,0.9740857077735415,0.03377798673208345,0.9740857077735415,0.0442472352074467,0.8,0.9794539052400345,0.027302068666433598,0.9794539052400345,0.04561402299741607,4.28,0.9766589861765691,0.030515741672798212,0.9766589861765691,0.03706272226900431,24.0,0.8023182882811886,0.21021556238998704,0.8023182882811886,0.1545767865337565,20.4,0.9775219065957258,0.030127132258672067,0.9775219065957258,0.03848792090697136,53.3,0.9725669082317868,0.03691633424068065,0.9725669082317868,0.031459459273523636
36.1,0.9755509227864892,0.03146748860529023,0.9755509227864892,0.027710022697494303,810.0,0.9647409141425881,0.04499497859612384,0.9647409141425881,0.04287551320693378,33.0,0.9730169769619958,0.03481098463082545,0.9730169769619958,0.045297815990347386,-4.7,0.9784080680172229,0.02841070658383534,0.9784080680172229,0.0481163051552344,4.04,0.9763613108831867,0.03092816488403622,0.9763613108831867,0.040410918976210145,12.0,0.8034490090929816,0.21004895969342374,0.8034490090929816,0.15695545318242932,20.0,0.9763886458887814,0.0316725571759663,0.9763886458887814,0.04313051768509788,57.6,0.9725669082317868,0.03691633424068065,0.9725669082317868,0.0322214624081782
44.3,0.9761034302665486,0.030728060140548314,0.9761034302665486,0.02651553546452903,765.0,0.9647409141425881,0.04499497859612384,0.9647409141425881,0.041961502294930564,58.0,0.9726409727492465,0.03521857927672882,0.9726409727492465,0.04656968053888945,3.9,0.9781532358305461,0.028739649196475356,0.9781532358305461,0.049423652480213506,4.67,0.9769601135189198,0.03024972762689835,0.9769601135189198,0.03820477987611678,8.0,0.8020162879482965,0.21064432138201042,0.8020162879482965,0.1619971539529534,21.6,0.9761338137021044,0.031999938771287144,0.9761338137021044,0.04465626809645372,56.5,0.9729248630356888,0.03638331547857122,0.9729248630356888,0.03460074754993949
47.8,0.9761034302665483,0.03072806014054938,0.9761034302665483,0.027292263040712438,1495.0,0.9650988689464901,0.0444694643085349,0.9650988689464901,0.04342892487296921,31.0,0.9728389066120301,0.03499781908358481,0.9728389066120301,0.046676461488140225,3.1,0.9781532358305459,0.028739649196475345,0.9781532358305459,0.04719640313261357,11.23,0.9756469683580392,0.031828913721688654,0.9756469683580392,0.039902517050982855,19.0,0.8025687954283555,0.21016680988209677,0.8025687954283555,0.1626596089865977,30.2,0.9761338137021044,0.031999938771287144,0.9761338137021044,0.044492742486753445,62.4,0.973222538329071,0.035974078946512215,0.973222538329071,0.034559686621368414
54.5,0.9756096742193565,0.03114180157329186,0.9756096742193565,0.026496709813502117,1980.0,0.9643382312656685,0.045287362539792916,0.9643382312656685,0.045227237964142776,61.0,0.9746829433266182,0.03296227070604034,0.9746829433266182,0.04437055215120307,-0.8,0.9790621895110537,0.02775520329125294,0.9790621895110537,0.043988286520454375,19.25,0.9755100848157354,0.03195138462459994,0.9755100848157354,0.03908711490290165,29.0,0.8046003192087737,0.20915138538012953,0.8046003192087737,0.15998426397285856,33.3,0.9754476584445804,0.03271080021500701,0.9754476584445804,0.04559332004133855,74.5,0.9724619006482494,0.03680609473439666,0.9724619006482494,0.036161307307149546
20.0,0.9760304065051236,0.03065232864779636,0.9760304065051236,0.02552128862537379,1750.0,0.9647142354784181,0.04488740519938224,0.9647142354784181,0.0440165643068724,98.0,0.9750589475393676,0.03255289317004315,0.9750589475393676,0.04358725073838042,-1.6,0.9801080267338653,0.026645084195934417,0.9801080267338653,0.041329653099914196,25.56,0.9745599571965751,0.0328919835434193,0.9745599571965751,0.039072900668756,39.0,0.8026883175812266,0.2095951106803777,0.8026883175812266,0.1603826736642392,38.8,0.9746246196447526,0.033542758042190854,0.9746246196447526,0.04638369901059161,76.5,0.9715911036994876,0.03761399139331128,0.9715911036994876,0.03602253916278875
100.0,0.9772103178098397,0.029524714125469805,0.9772103178098397,0.026610070111060827,2086.0,0.9663853354432008,0.0428177600521798,0.9663853354432008,0.04027798709161367,93.0,0.9750589475393676,0.03255289317004315,0.9750589475393676,0.04391250229574164,3.1,0.9808833326369077,0.025629611776979675,0.9808833326369077,0.03978530023374598,37.16,0.9740290656428675,0.03335738405179218,0.9740290656428675,0.038627232059477344,55.0,0.7993072114695078,0.21095811843658746,0.7993072114695078,0.1633375159299944,71.4,0.9742123312834303,0.03391197794780334,0.9742123312834303,0.0462998665106972,60.0,0.970277958538607,0.03917408565352584,0.970277958538607,0.03693142648513234
82.0,0.9772103178098397,0.029524714125469805,0.9772103178098397,0.025578003367096987,2064.0,0.9671606413462432,0.04183006332324563,0.9671606413462432,0.03971582453789049,57.0,0.9753988529344221,0.03220408893214939,0.9753988529344221,0.04529180493822897,-3.9,0.9814358401169669,0.0248826612702726,0.9814358401169669,0.037800228195482094,25.06,0.9740290656428675,0.03335738405179218,0.9740290656428675,0.038627232059477344,63.0,0.7965612634262311,0.21179933705335083,0.7965612634262311,0.1666203432395154,35.3,0.9742123312834303,0.03391197794780334,0.9742123312834303,0.0462998665106972,67.1,0.9706178639336616,0.038829422164112976,0.9706178639336616,0.0357998367638975
57.3,0.9788814177746223,0.027400035895208816,0.9788814177746223,0.02268588909152808,2117.0,0.9674583166396256,0.041425059316696225,0.9674583166396256,0.03907590575032924,19.0,0.9755967867972057,0.031982050609950824,0.9755967867972057,0.043442655638463064,-12.5,0.9809582095073066,0.025483471008720945,0.9809582095073066,0.03909156474230756,17.57,0.9740290656428675,0.03335738405179218,0.9740290656428675,0.038627232059477344,61.0,0.7958856989537871,0.21230346134995434,0.7958856989537871,0.16489046986300443,31.4,0.9742123312834303,0.03391197794780334,0.9742123312834303,0.0462998665106972,69.8,0.9717691740494535,0.03742789246495721,0.9717691740494535,0.03655723900706383
18.0,0.979656723677665,0.026386484054659445,0.979656723677665,0.02264824600353644,1994.0,0.9687895112093536,0.03968702832221559,0.9687895112093536,0.03722962127804239,18.0,0.974921222324762,0.03279746657371889,0.974921222324762,0.042503913975973105,0.0,0.9804057020272475,0.026229705758891636,0.9804057020272475,0.03937141669599871,5.32,0.9736083333571004,0.033844630180930084,0.9736083333571004,0.03827612299343182,55.0,0.7982911799082734,0.21033598352407704,0.7982911799082734,0.16274739970078983,23.1,0.9742123312834303,0.03391197794780334,0.9742123312834303,0.04494045562553817,63.5,0.9723216815295127,0.03669485603166074,0.9723216815295127,0.036956578139395624
40.8,0.9809482529121938,0.025066880896967986,0.9809482529121938,0.02140027746145041,1637.0,0.9680967846105576,0.040304217770595355,0.9680967846105576,0.036106234088841616,64.0,0.9753704037724755,0.03206358660148447,0.9753704037724755,0.04344182136806264,3.9,0.978944240866681,0.027961090561454092,0.978944240866681,0.04197444647981435,10.1,0.9739843375698501,0.03343607263224171,0.9739843375698501,0.03815827255441619,47.0,0.7971686098083627,0.21075003080769253,0.7971686098083627,0.16399224164084142,28.6,0.9742123312834303,0.03391197794780334,0.9742123312834303,0.046375579873359336,73.7,0.973634826690393,0.03512790892403645,0.973634826690393,0.034576142691078865
58.0,0.9807254544892104,0.02533673458195828,0.9807254544892104,0.02209967928423787,1186.0,0.9676844962492356,0.04066789337735096,0.9676844962492356,0.035495068064841345,23.0,0.9769528459271339,0.029784135388760485,0.9769528459271339,0.03955283688219563,4.7,0.978944240866681,0.027961090561453378,0.978944240866681,0.041891290402066156,22.12,0.9759427839372576,0.03075176771639071,0.9759427839372576,0.03362289472855809,33.67243525896414,0.7982296728799172,0.2106216813636939,0.7982296728799172,0.16635140297519835,39.6,0.9757215962031246,0.031962862401928076,0.9757215962031246,0.043678299246208106,59.2,0.9749263559249223,0.03382843084329855,0.9749263559249223,0.03422601099252603
19.2,0.9813242571249433,0.024651683596675925,0.9813242571249433,0.02164636271932153,2230.0,0.9683600607216796,0.03986435904001947,0.9683600607216796,0.03506434413155299,33.0,0.9786782794493363,0.027826693438892193,0.9786782794493363,0.03561952003338252,3.1,0.9778984036438694,0.02906841655874939,0.9778984036438694,0.04346467313367974,6.4,0.9761046189823462,0.03059030806801089,0.9761046189823462,0.033863776516351446,41.0,0.7982296728799172,0.2106216813636939,0.7982296728799172,0.16635140297519835,24.7,0.9757215962031246,0.03196286240192844,0.9757215962031246,0.0440702622509939,65.1,0.9753023601376718,0.0334192788174321,0.9753023601376718,0.03335727639618206
58.8,0.9809035248391761,0.025146528187952998,0.9809035248391761,0.02308442751243294,2099.0,0.9699064221428852,0.03825536691091831,0.9699064221428852,0.03414415697073782,45.0,0.9786782794493365,0.027826693438892203,0.9786782794493365,0.03421807737811369,1.6,0.976765142936925,0.030615691227159035,0.976765142936925,0.04552591264334989,18.42,0.9768799248853889,0.029582286337286906,0.9768799248853889,0.03309701109803438,46.0,0.7967682117193505,0.21167706613617945,0.7967682117193505,0.1707288381695687,32.5,0.9754987977801408,0.03222964245156094,0.9754987977801408,0.044940967293126445,69.8,0.9759779246101157,0.03260395724567635,0.9759779246101157,0.03476194808231884
26.3,0.9818139871231373,0.023856588538538462,0.9818139871231373,0.021253955431915366,2539.0,0.9705819866153294,0.03744817827332971,0.9705819866153294,0.03276764832572571,44.0,0.977365134288456,0.02941205466267613,0.977365134288456,0.034453950165839665,3.9,0.9769879413599083,0.030348177699256268,0.9769879413599083,0.045806191192546516,8.2,0.9768799248853889,0.029582286337286906,0.9768799248853889,0.03309701109803438,52.0,0.7945104850708142,0.2122279939489054,0.7945104850708142,0.16965252770585293,25.1,0.973718421762699,0.034722705995754784,0.973718421762699,0.050603148560026935,69.8,0.9741338878955276,0.034643057980957945,0.9741338878955276,0.03659175740311353
51.4,0.9820119209859209,0.023631321652065693,0.9820119209859209,0.02003721216811516,1757.0,0.9717332967311214,0.0360450652813338,0.9717332967311214,0.030675123140238836,27.0,0.9769444020026887,0.029902767263635544,0.9769444020026887,0.036233820887004914,3.1,0.9772427735465852,0.030020064268573877,0.9772427735465852,0.044034940452288035,13.5,0.9774324323654479,0.02884073636185667,0.9774324323654479,0.031134637825948042,53.0,0.7945104850708142,0.2122279939489054,0.7945104850708142,0.16965252770585293,30.6,0.9746288840466601,0.03345150349151951,0.9746288840466601,0.04744574931457938,70.2,0.973329980803561,0.03535316876585558,0.973329980803561,0.03558014425965249
41.2,0.9820119209859209,0.02363132165206497,0.9820119209859209,0.02064856634447095,1697.0,0.9704417674965923,0.03733704134133759,0.9704417674965923,0.03215079569772012,47.0,0.9780776627096333,0.028354368938846235,0.9780776627096333,0.036389098015816274,-0.8,0.9770199751236015,0.030287726004979757,0.9770199751236015,0.04537592008872609,5.59,0.9777301076588305,0.02842720444045495,0.9777301076588305,0.029906063628208555,52.0,0.7945104850708142,0.2122279939489054,0.7945104850708142,0.16965252770585293,22.4,0.9746288840466599,0.033451503491519506,0.9746288840466599,0.04744574931457938,72.2,0.9720454368316043,0.0365458160275064,0.9720454368316043,0.03721620569991807
54.1,0.9813562908886367,0.024590768832756276,0.9813562908886367,0.021116701678056564,1764.0,0.969468527730766,0.03855122139573072,0.969468527730766,0.03405538111638339,41.0,0.9780776627096333,0.028354368938846235,0.9780776627096333,0.036389098015816274,-3.1,0.9777061303811257,0.029573943731746634,0.9777061303811257,0.04401773960595323,14.37,0.9788349192038283,0.026734956361705635,0.9788349192038283,0.02937665023872647,55.0,0.7945104850708142,0.2122279939489054,0.7945104850708142,0.16965252770585293,31.0,0.9768153949899898,0.030087139745092733,0.9768153949899898,0.04266045307890646,69.8,0.9713898067343201,0.03748648660006813,0.9713898067343201,0.040003670312365756
48.2,0.9819087983686956,0.023842859579998998,0.9819087983686956,0.020510360395340696,1839.0,0.9669060125746867,0.04227240472321896,0.9669060125746867,0.03803477653814987,68.0,0.977600032099973,0.028951343493806063,0.977600032099973,0.03730976206855015,2.3,0.9785291691809538,0.02873583795772824,0.9785291691809538,0.04273827472105239,13.21,0.9801945629355029,0.024708282733510764,0.9801945629355029,0.025622602997633744,60.0,0.7913937808834837,0.21571886768054918,0.7913937808834837,0.17578631123251987,30.6,0.9776690298123997,0.029079345345187507,0.9776690298123997,0.040162717145427386,71.0,0.9707142422618762,0.038294364276538706,0.9707142422618762,0.04169365018548707
82.0,0.9809983360847346,0.02513294091564982,0.9809983360847346,0.02066144582058168,2083.0,0.9655928674138061,0.043818147559203345,0.9655928674138061,0.03957631731938686,38.0,0.9795563316067454,0.02655989253213575,0.9795563316067454,0.03353137907236145,3.9,0.9767097532164852,0.030997584046731308,0.9767097532164852,0.046984866327425615,25.48,0.9796420554554437,0.02545435082429797,0.9796420554554437,0.02712806392514148,64.0,0.7868279484883849,0.2180946959921698,0.7868279484883849,0.17880067303195676,30.2,0.9771913992027395,0.02967570461194521,0.9771913992027395,0.03986827567112544,67.5,0.9701154396261431,0.03896326112556997,0.9701154396261431,0.04209827029514342
38.8,0.9814190683705019,0.02463804060280134,0.9814190683705019,0.020185001709126116,804.0,0.9663450611701823,0.04311515954294634,0.9663450611701823,0.04056844713781995,31.0,0.9797542654695292,0.02633571192102034,0.9797542654695292,0.03237795026859574,-5.5,0.9770074285098674,0.030585028124402062,0.9770074285098674,0.045057965906580295,4.12,0.9804956902778535,0.02443945388698514,0.9804956902778535,0.026876712178451053,33.67243525896414,0.7868279484883849,0.2180946959921698,0.7868279484883849,0.17863656000064815,20.4,0.9771913992027395,0.02967570461194521,0.9771913992027395,0.03928916529861301,58.4,0.969142199860317,0.0401753758241178,0.969142199860317,0.04281622150678503
48.6,0.9831279487041714,0.02183357954478282,0.9831279487041714,0.016825159797406983,1312.0,0.9673183009360086,0.04190973360845735,0.9673183009360086,0.03780957493337226,50.0,0.9807697353370273,0.025158285525562717,0.9807697353370273,0.03244552575428673,5.5,0.977916382190375,0.029603513741085972,0.977916382190375,0.04300131237979792,14.91,0.9804956902778535,0.02443945388698514,0.9804956902778535,0.027592735709690116,20.0,0.7869897835334736,0.2180052646321036,0.7869897835334736,0.1759173754731115,32.2,0.9767137685930791,0.03027146701535283,0.9767137685930791,0.03936063454154942,62.7,0.9640386710059743,0.05032300735767363,0.9640386710059743,0.05538386195657554
37.6,0.9837835788014556,0.020870503451436144,0.9837835788014556,0.015614666721487567,821.0,0.969880816092088,0.038185911621142446,0.969880816092088,0.03383017951160578,33.0,0.9811904676227945,0.02466351638478378,0.9811904676227945,0.03088208757001046,-8.6,0.978826844474336,0.028321790562658735,0.978826844474336,0.040918638169910704,4.25,0.9802408580911768,0.024770162227065066,0.9802408580911768,0.028423273344546116,16.0,0.7858588753760867,0.21835882690666134,0.7858588753760867,0.1787180393900895,27.23618212807402,0.9767137685930791,0.03027146701535283,0.9767137685930791,0.03936063454154942,53.3,0.9627255258450937,0.05185285289543563,0.9627255258450937,0.056651228137756596
44.7,0.9853660209561138,0.018552525186216147,0.9853660209561138,0.012817368039036988,850.0,0.9708540558579143,0.0369708162585978,0.9708540558579143,0.032250377416999876,21.0,0.9816786890175351,0.024167746992470342,0.9816786890175351,0.030554175779269676,4.7,0.978274336994277,0.029064738455407132,0.978274336994277,0.041851825019044726,8.59,0.9809164225636207,0.02394452051344752,0.9809164225636207,0.02655882912326042,18.0,0.785411840789008,0.2185873007137228,0.785411840789008,0.17990571596206842,28.2,0.9767137685930791,0.03027146701535283,0.9767137685930791,0.037279099359458445,55.3,0.961871891022684,0.05282425439793422,0.961871891022684,0.05826680620534667
17.3,0.9861413268591566,0.01752501651525488,0.9861413268591566,0.011649750370842087,1558.0,0.973505228824118,0.03367793644548286,0.973505228824118,0.02804162378280018,78.0,0.9824539949205775,0.023148624510219415,0.9824539949205775,0.029588602289786808,3.1,0.9785291691809538,0.02873583795772824,0.9785291691809538,0.0421990364719996,11.37,0.9797651124478287,0.02537591539139652,0.9797651124478287,0.02967137321647462,26.0,0.7867125101984964,0.21776390659829084,0.7867125101984964,0.17739367863254213,29.4,0.97616126111302,0.031011638128192694,0.97616126111302,0.03921259935137529,64.7,0.9622478952354335,0.05242835622632681,0.9622478952354335,0.0579778122079681
100.0,0.9854657623867127,0.01835963209365374,0.9854657623867127,0.013663010361919572,2522.0,0.9723414429569336,0.03497623111858447,0.9723414429569336,0.028349415242817217,20.0,0.9836053050363696,0.02171053245046104,0.9836053050363696,0.028796438802201865,0.8,0.9785291691809538,0.02873583795772824,0.9785291691809538,0.039888041764370705,38.51,0.9778098952400703,0.027523961534233275,0.9778098952400703,0.03110384282331245,36.0,0.7840664748501033,0.21843957750282592,0.7840664748501033,0.17643796367823034,38.8,0.9746148996918141,0.03264328281638894,0.9746148996918141,0.04047493439473751,65.9,0.9603869070814044,0.05422387305300284,0.9603869070814044,0.059101037670986394
56.1,0.9858864946724798,0.0178594892804651,0.9858864946724798,0.012251571961880658,1698.0,0.9720866107702568,0.03530132082775203,0.9720866107702568,0.027621702942957054,50.0,0.9851877471910278,0.019394337169215778,0.9851877471910278,0.0264520353497093,-4.7,0.9788690745760082,0.028384386239909125,0.9788690745760082,0.03802003972291411,13.83,0.9775870968170868,0.027792355328437976,0.9775870968170868,0.03019224820857646,50.0,0.7840664748501033,0.21843957750282592,0.7840664748501033,0.17643796367823034,31.0,0.9743600675051376,0.03296978564157193,0.9743600675051376,0.03946834802979939,69.4,0.9586871432005498,0.05575768242367698,0.9586871432005498,0.0613899866934489
75.3,0.9849132549066535,0.0191134234293626,0.9849132549066535,0.013776624702339426,1696.0,0.9727422408675411,0.034358465869706874,0.9727422408675411,0.025727706271663733,66.0,0.9856653778006882,0.018787879391498473,0.9856653778006882,0.025412411598996546,-8.6,0.9780154397535984,0.029394087110291105,0.9780154397535984,0.03763588808759132,18.41,0.9766766345331256,0.02907287988678157,0.9766766345331256,0.030923697591207402,52.0,0.7840664748501033,0.21843957750282592,0.7840664748501033,0.17643796367823034,32.9,0.9740623922117552,0.03338044419470917,0.9740623922117552,0.039583928676336096,67.1,0.9577766809165887,0.05698585741445482,0.9577766809165887,0.06122127767725326
83.9,0.9838084433616556,0.020825115010243037,0.9838084433616556,0.016150906120716638,1756.0,0.9727422408675411,0.034358465869706874,0.9727422408675411,0.025532036301611792,53.0,0.9853254724056337,0.019145217850816375,0.9853254724056337,0.025696012689458224,-6.2,0.9774776004957603,0.029967856191530824,0.9774776004957603,0.04078144771651578,21.88,0.9753634893722453,0.03065316580233941,0.9753634893722453,0.03540297159663247,53.0,0.781692763677228,0.21894332513708903,0.781692763677228,0.17715584268255027,34.1,0.9740623922117554,0.033380444194708814,0.9740623922117554,0.04201772739171708,65.9,0.9577766809165887,0.05698585741445482,0.9577766809165887,0.061693745313009946
62.0,0.9838084433616556,0.020825115010243037,0.9838084433616556,0.01657623753833108,1757.0,0.9725443070047575,0.03457933280311312,0.9725443070047575,0.026311730620779218,26.0,0.9841741622898418,0.020588914166440403,0.9841741622898418,0.02741769897917491,-7.8,0.9784930703632587,0.028797063215067833,0.9784930703632587,0.03943201307277788,15.46,0.9750235839771908,0.031002497058599258,0.9750235839771908,0.03675854969663311,56.0,0.7787937924153896,0.2197052187897675,0.7787937924153896,0.17901974608778773,31.4,0.9737224868167008,0.0337283290689463,0.9737224868167008,0.043031956354992365,69.0,0.9566718693715908,0.05860544974103386,0.9566718693715908,0.06420324114780256
20.0,0.9843609508417145,0.020073154103039188,0.9843609508417145,0.016318899403321603,1110.0,0.9714110462978128,0.03611133443146572,0.9714110462978128,0.02585634205702376,46.0,0.983265208609334,0.021585392008014157,0.983265208609334,0.02951160399193341,-3.9,0.978790745656641,0.028383050360650957,0.978790745656641,0.03959337850120336,3.41,0.9746028516914236,0.03149128647032256,0.9746028516914236,0.03699636580349063,59.0,0.7748852986912843,0.22117861939948275,0.7748852986912843,0.17932660132056624,17.6,0.9735245529539173,0.033949560794420935,0.9735245529539173,0.043111260272244364,60.8,0.9566718693715908,0.05860544974103315,0.9566718693715908,0.0654544395791143
49.4,0.9850365153141584,0.019240677788780754,0.9850365153141584,0.016610633693570163,1629.0,0.9707554162005285,0.03705165172243654,0.9707554162005285,0.02555112140633574,34.0,0.9824899027062916,0.022606619423592093,0.9824899027062916,0.03180722791272672,3.9,0.9777449084338296,0.029489742310150096,0.9777449084338296,0.04021975663447901,10.76,0.973243207959749,0.033496527256741855,0.973243207959749,0.03977285065864497,61.0,0.7717165539254757,0.22203338412426532,0.7717165539254757,0.179488252679389,29.4,0.972015288034223,0.0358909776208106,0.972015288034223,0.04682305697157236,69.8,0.9574471752746333,0.057641161173138195,0.9574471752746333,0.06325832259030427
33.7,0.985234449176942,0.019013712635334943,0.985234449176942,0.016374027828608848,1658.0,0.9696041060847366,0.03845207119785256,0.9696041060847366,0.028206753154971335,40.0,0.9836536885734758,0.021279269513969683,0.9836536885734758,0.028900349746767025,0.0,0.9783437110695624,0.028809409589971042,0.9783437110695624,0.03847555324285596,6.99,0.9721099472528044,0.035030949876614675,0.9721099472528044,0.04473321479792633,59.0,0.7745092944785348,0.22140657245589218,0.7745092944785348,0.17617085707109204,26.7,0.9714164853984901,0.03656231543172498,0.9714164853984901,0.05064116478460457,72.2,0.9585481365197549,0.05676216189360439,0.9585481365197549,0.06419876156844741
47.8,0.98408313906115,0.020457424964583925,0.98408313906115,0.017378834005158408,1582.0,0.9693492738980598,0.03877528025956077,0.9693492738980598,0.030601710270157984,43.0,0.9836536885734758,0.021279269513969683,0.9836536885734758,0.028900349746767025,3.9,0.9776880809722782,0.02976168226708689,0.9776880809722782,0.040828587180891614,10.93,0.9723327456757878,0.03476578966115856,0.9723327456757878,0.04460806453244081,55.0,0.7755247643460332,0.22074425086926514,0.7755247643460332,0.17597027214965508,29.4,0.9718941160081505,0.03597303669880593,0.9718941160081505,0.05046144854529082,70.2,0.9599314940641237,0.05554784753260542,0.9599314940641237,0.06283017509428063
93.3,0.9838283068744733,0.020790421182409088,0.9838283068744733,0.01734474220470829,1460.0,0.9693492738980598,0.03877528025956077,0.9693492738980598,0.030601710270157984,65.0,0.9836536885734758,0.021279269513969683,0.9836536885734758,0.028900349746767025,7.0,0.9772757926109562,0.030133746752759802,0.9772757926109562,0.04030197385906047,20.26,0.9717339430400549,0.035438054246047436,0.9717339430400549,0.04639201356591323,56.0,0.7735684648392607,0.22212172496763738,0.7735684648392607,0.17967306377034226,34.1,0.9718941160081505,0.035973036698804854,0.9718941160081505,0.04989834198214208,66.3,0.9617118700815658,0.05313045230195415,0.9617118700815658,0.05811715877757791
32.5,0.9840831390611502,0.02045742496458393,0.9840831390611502,0.015791324185647587,1600.0,0.9693492738980598,0.03877528025956077,0.9693492738980598,0.030601710270157984,32.0,0.984564150857437,0.019982006466571167,0.984564150857437,0.024895140381009043,0.0,0.9765151549301347,0.030974009884935923,0.9765151549301347,0.042214157933020836,7.68,0.9694653456278725,0.038397781150816324,0.9694653456278725,0.05039950208968689,58.0,0.7735684648392607,0.22212172496763738,0.7735684648392607,0.17967306377034226,26.7,0.9700747000436817,0.03820514215280169,0.9700747000436817,0.05233822129843246,72.9,0.9626851098473919,0.051941352552831936,0.9626851098473919,0.05578542996602243
18.8,0.9845607696708103,0.019852183894859,0.9845607696708103,0.01709180642464015,1432.0,0.9682444623530618,0.040436799703757874,0.9682444623530618,0.03304913198120155,22.0,0.9837888449543942,0.021005891599497,0.9837888449543942,0.02718671303190136,12.5,0.9760375243204744,0.031568704690996124,0.9760375243204744,0.04141332734928901,3.55,0.969775496672647,0.03810078082050012,0.969775496672647,0.049841813342949244,47.0,0.7735684648392607,0.22212172496763738,0.7735684648392607,0.17967306377034226,20.8,0.9703848510884564,0.037907878178184716,0.9703848510884564,0.051964492070447864,69.8,0.9688041085692327,0.04067107310161945,0.9688041085692327,0.039673664574440846
28.2,0.9847835680937937,0.019579989097349135,0.9847835680937937,0.016748419610428056,858.0,0.966042470834572,0.04297083159864879,0.966042470834572,0.03613615063620665,30.0,0.9826250590872098,0.022333754424320243,0.9826250590872098,0.02968269457482273,-2.3,0.9760375243204744,0.031568704690996124,0.9760375243204744,0.042036140712233154,3.52,0.9701515008853965,0.03769558433549448,0.9701515008853965,0.048367967096462856,20.0,0.7717880888218188,0.22363318346943892,0.7717880888218188,0.1827508855795691,19.6,0.9707608553012059,0.03750233388739808,0.9707608553012059,0.05067675337758259,60.8,0.9691620633731345,0.0401416084217975,0.9691620633731345,0.03865300560343077
52.5,0.9840082621907511,0.020604426108102394,0.9840082621907511,0.01754871876921875,1660.0,0.9667180353070158,0.04217036666676739,0.9667180353070158,0.03556058048666705,73.0,0.9828229929499936,0.022107986791106222,0.9828229929499936,0.03137046042854258,7.0,0.9760375243204744,0.031568704690996124,0.9760375243204744,0.042036140712233154,17.2,0.9692410386014355,0.03895667068474939,0.9692410386014355,0.05063061071810008,32.0,0.7710358950654423,0.22400336948971286,0.7710358950654423,0.18234750606290004,32.9,0.9696275945942614,0.03902796255582878,0.9696275945942614,0.05226981919438998,60.4,0.9693401337231007,0.03995647359258288,0.9693401337231007,0.036622824338511925
98.8,0.9827167329562222,0.02193421389065461,0.9827167329562222,0.018141319952486135,3118.0,0.9667180353070158,0.04217036666676739,0.9667180353070158,0.03556058048666705,71.0,0.9810035769855247,0.024392413884555146,0.9810035769855247,0.03580778326355968,0.0,0.9749327127754763,0.033250466745662684,0.9749327127754763,0.04450250236725926,33.82,0.967927893440555,0.040510920836371624,0.967927893440555,0.0529134364077986,41.0,0.7712139654154081,0.22390194037555,0.7712139654154081,0.18640431304949742,28.2,0.9696275945942614,0.03902796255582913,0.9696275945942614,0.05142815407066841,67.1,0.9708474761180411,0.03850805802562662,0.9708474761180411,0.035849463952028454
75.7,0.9824939345332386,0.022205284926061674,0.9824939345332386,0.016749161130087547,2219.0,0.9667180353070158,0.04217036666676739,0.9667180353070158,0.03556058048666705,53.0,0.9817788828885675,0.023374195521852353,0.9817788828885675,0.034075811663365506,-5.5,0.9751555111984599,0.03298408330467127,0.9751555111984599,0.04523325550360828,24.12,0.9672523289681113,0.04131362021098802,0.9672523289681113,0.05169142493233001,53.0,0.7649285164622693,0.22799970254398094,0.7649285164622693,0.19206291220729269,34.5,0.969850393017245,0.03876443876557049,0.969850393017245,0.050365394539039626,67.8,0.9699938412956313,0.03950016845668592,0.9699938412956313,0.03711434237288542
48.04087253229344,0.9820163039235784,0.02280807040358296,0.9820163039235784,0.017425774653253727,2738.0,0.9667180353070158,0.04217036666676739,0.9667180353070158,0.03556058048666705,30.0,0.982267104283308,0.022877473099273966,0.982267104283308,0.03204304240221068,3.9,0.9738243166287317,0.03474341586186068,0.9738243166287317,0.049143768373501165,11.73,0.9685654741289916,0.03976161981730992,0.9685654741289916,0.04940859924263148,60.0,0.7615021136139918,0.22893710622840352,0.7615021136139918,0.1925114412663213,27.5,0.9709836537241895,0.037238131078940064,0.9709836537241895,0.04773380444391065,70.6,0.9687092973236744,0.0406829100640265,0.9687092973236744,0.03737955247349401
48.04087253229344,0.9838603406381666,0.02072922116163817,0.9838603406381666,0.016388424631047546,1843.0,0.9667180353070158,0.04217036666676739,0.9667180353070158,0.03334293564732904,27.0,0.9818911000705585,0.023293766769280327,0.9818911000705585,0.03106480589901263,6.2,0.9722779552075259,0.036364986695114246,0.9722779552075259,0.05125796936825762,17.6,0.9693261118098133,0.03893548723509367,0.9693261118098133,0.04859584801068669,57.0,0.7615021136139918,0.22893710622840238,0.7615021136139918,0.1910356665340815,32.5,0.9715214929820275,0.03667241863848447,0.9715214929820275,0.04755573914525195,69.0,0.9688873676736403,0.04049796810437913,0.9688873676736403,0.03672086026883436
19.2,0.9852880988669869,0.019161262532223125,0.9852880988669869,0.015571810366167022,1850.0,0.9680095645415447,0.04089018064022833,0.9680095645415447,0.03173419212820755,28.0,0.9812049448130342,0.024015172472491922,0.9812049448130342,0.03399940715703644,9.4,0.9718003245978658,0.036954319691448384,0.9718003245978658,0.05173392433443575,5.12,0.9696237871031955,0.03852863021540235,0.9696237871031955,0.04744053854308319,49.0,0.7595384010936455,0.2308077042357744,0.7595384010936455,0.19728238848663673,23.1,0.9719991235916878,0.03608312648219132,0.9719991235916878,0.046156890455578664,63.9,0.9698606074394663,0.03928651705775971,0.9698606074394663,0.03571186494584744
30.2,0.9861111376668149,0.018307580357682457,0.9861111376668149,0.01557429632457424,817.0,0.9682323629645283,0.04062755505593028,0.9682323629645283,0.03051530861336623,31.0,0.9807273142033739,0.024616257369965325,0.9807273142033739,0.035336063944710755,4.7,0.9711141693403416,0.03765832473193272,0.9711141693403416,0.05393273091869609,3.68,0.9670612719471163,0.04225050344846106,0.9670612719471163,0.05175434668516925,33.0,0.7519349036240176,0.23837802613920883,0.7519349036240176,0.20119673182811765,20.0,0.9700406772242799,0.03874532044920435,0.9700406772242799,0.04890051678385979,61.6,0.9687092973236744,0.04068291006402686,0.9687092973236744,0.037494381329616064
38.8,0.9861111376668149,0.018307580357682457,0.9861111376668149,0.01536651145282579,799.0,0.9663883262499402,0.04263417855566829,0.9663883262499402,0.03162254754397505,32.0,0.9795940534964295,0.026173352600517338,0.9795940534964295,0.03735367727315487,-1.6,0.9713121032031252,0.03743843079531919,0.9713121032031252,0.05242280964699378,4.22,0.9674372761598656,0.041848136844780254,0.9674372761598656,0.05142293007378566,13.0,0.7496239103303303,0.23921075211681758,0.7496239103303303,0.2042164518979365,20.4,0.9700406772242799,0.03874532044920435,0.9700406772242799,0.05002672991015726,56.5,0.9676938274561759,0.041828923782211626,0.9676938274561759,0.038392368883213346
35.7,0.985435573194371,0.01914163351436354,0.985435573194371,0.01527356203210371,795.0,0.9665069294423257,0.04254020181324599,0.9665069294423257,0.030638857690738916,33.0,0.9793961196336458,0.02639752761112406,0.9793961196336458,0.035955300703714686,1.6,0.9687495880470458,0.041170032669555656,0.9687495880470458,0.05808421563239122,4.04,0.9676153465098316,0.04166367181686124,0.9676153465098316,0.052507689746716,0.0,0.7496239103303303,0.23921075211681758,0.7496239103303303,0.2042164518979365,20.0,0.9698788421791913,0.038904353135933926,0.9698788421791913,0.052063627117436825,58.0,0.9683693919286198,0.04102619169081558,0.9683693919286198,0.0360298350448834
48.6,0.985435573194371,0.01914163351436354,0.985435573194371,0.014299644585545179,749.0,0.9649605680211198,0.044136261308123925,0.9649605680211198,0.03009147444937881,46.0,0.9790201154208965,0.026811201389696,0.9790201154208965,0.03604596435762582,-1.6,0.9658556822826989,0.04605216838304445,0.9658556822826989,0.06815768602542675,5.07,0.9660329043551734,0.04390094594891576,0.9660329043551734,0.054690577416933776,1.0,0.7454384753314542,0.2427672766113354,0.7454384753314542,0.2085053368914017,23.1,0.9682964000245331,0.041151690125638976,0.9682964000245331,0.0543264826443925,60.8,0.9686242241152966,0.0407039222214909,0.9686242241152966,0.036579514645772075
52.5,0.9863445268748787,0.018140616130895886,0.9863445268748787,0.014944921895293338,1810.0,0.9646628927277376,0.0445393170951287,0.9646628927277376,0.03125924766975851,43.0,0.9766146344664103,0.02993730236484768,0.9766146344664103,0.04040368206736866,-0.8,0.9687495880470458,0.041170032669555656,0.9687495880470458,0.05808421563239122,13.79,0.9660329043551734,0.04390094594891576,0.9660329043551734,0.054690577416933776,15.0,0.7451836431447776,0.24294052001781255,0.7451836431447776,0.2075678235179703,30.6,0.9682964000245331,0.041151690125638976,0.9682964000245331,0.0543264826443925,61.2,0.9674388004337113,0.04173381561842615,0.9674388004337113,0.037507573146978154
57.3,0.9848830657143118,0.019894962666919792,0.9848830657143118,0.01568048210751994,2142.0,0.9635115826119454,0.04592144695178949,0.9635115826119454,0.033466095887442336,21.0,0.9755991645989117,0.031104544890643047,0.9755991645989117,0.04254862908721563,-7.8,0.9687495880470458,0.04117003266955601,0.9687495880470458,0.05674603434231474,18.53,0.9649462942460001,0.0448557406558416,0.9649462942460001,0.05637032730141164,31.0,0.7451836431447776,0.24294052001781255,0.7451836431447776,0.2075678235179703,32.9,0.9668936902968339,0.042516111155720675,0.9668936902968339,0.05688593928503569,69.8,0.9648285742688959,0.044551994340321435,0.9648285742688959,0.03869780484250453
25.9,0.984330558234253,0.020647434561128396,0.984330558234253,0.015801589388944964,2598.0,0.9630645480248669,0.04633260236817622,0.9630645480248669,0.03172070105573395,19.0,0.9748385269180903,0.03194252786231846,0.9748385269180903,0.04240548139964033,0.0,0.9696203849958077,0.04036789053932953,0.9696203849958077,0.056002915873206945,15.38,0.963973054480174,0.046055029250338345,0.963973054480174,0.05512248756105741,25.0,0.7478494083122335,0.24254747883402497,0.7478494083122335,0.20491477779884307,31.4,0.965983228012873,0.04376818145878163,0.965983228012873,0.05518413636921826,78.8,0.9627850546931104,0.04648598019095908,0.9627850546931104,0.039152399296098775
40.4,0.9846282335276353,0.020228383779286117,0.9846282335276353,0.015355418384891026,859.0,0.9630645480248669,0.04633260236817622,0.9630645480248669,0.03172070105573395,34.0,0.9755991645989118,0.03110454489064305,0.9755991645989118,0.0417409020469114,-5.5,0.9724930511966616,0.036332162757180125,0.9724930511966616,0.05024394809872026,4.49,0.9647483603832167,0.04507257134161411,0.9647483603832167,0.05427199863525691,0.0,0.7512409515010254,0.2417238207697949,0.7512409515010254,0.2043934335501974,20.4,0.967492492932567,0.041851794596738316,0.967492492932567,0.053022489593783695,66.3,0.9648285742688959,0.044551994340321435,0.9648285742688959,0.039152070907725905
43.1,0.9843734013409584,0.020561629641286095,0.9843734013409584,0.01556061970198967,801.0,0.9617730187903379,0.04759838208574956,0.9617730187903379,0.03283589147067827,31.0,0.977867762011094,0.028108044142396118,0.977867762011094,0.03585448106791819,-4.7,0.9746795621399915,0.03298196094001919,0.9746795621399915,0.045404526769059546,4.49,0.9649264307331824,0.044889256955807276,0.9649264307331824,0.05152514578612148,33.67243525896414,0.7574908435094186,0.2378789161282024,0.7574908435094186,0.20103616166785737,20.4,0.9670717606467998,0.04233188143318293,0.9670717606467998,0.05087356621370556,53.3,0.9661076058639835,0.04346645142145437,0.9661076058639835,0.03782098452462871
100.0,0.9827750566380881,0.022433538118429283,0.9827750566380881,0.01608247907905457,3393.0,0.962193751076105,0.047123430764317874,0.962193751076105,0.03155080364931756,74.0,0.9767345013041496,0.029656381144824776,0.9767345013041496,0.036892414662224385,0.0,0.9762620042946497,0.030705686300854892,0.9762620042946497,0.04200422181403826,58.33,0.9673108755392961,0.04136760744453476,0.9673108755392961,0.049376665034014805,35.0,0.758506313376917,0.23726610327442904,0.758506313376917,0.2026450206913032,43.1,0.9684314043784745,0.04035235528825626,0.9684314043784745,0.05083480677943541,66.7,0.9674909634083522,0.04222225027384266,0.9674909634083522,0.03770711324136874
57.6,0.9812657917183938,0.024412112738074542,0.9812657917183938,0.01585335212790945,2189.0,0.9629690569791476,0.0461437825188717,0.9629690569791476,0.029986854090910633,28.0,0.9769893334908265,0.02932817642336856,0.9769893334908265,0.03663653946033311,9.4,0.9770141980510263,0.029984083958518534,0.9770141980510263,0.04064778791252586,23.06,0.966890143253529,0.0418478078822905,0.966890143253529,0.04909632775467685,52.0,0.7551503271328707,0.2381409074066968,0.7551503271328707,0.20321173815602134,34.1,0.9681765721917975,0.04067464883451811,0.9681765721917975,0.05031615797531379,76.9,0.9669531241505142,0.04278236039024088,0.9669531241505142,0.039116623426883046
25.1,0.9805902272459499,0.025237738549186355,0.9805902272459499,0.017056953277210074,2563.0,0.9632667322725298,0.04574197850924074,0.9632667322725298,0.03034291489953323,25.0,0.9777499711716482,0.02848620080759433,0.9777499711716482,0.03617873292305414,7.0,0.9772121319138098,0.02976120661900049,0.9772121319138098,0.04078341453357181,9.56,0.967248098057431,0.04131988388935099,0.967248098057431,0.046767788217575025,51.0,0.7556812186865782,0.23793335399640367,0.7556812186865782,0.19977103277580305,28.2,0.967921740005121,0.04099676713041398,0.967921740005121,0.049615304890911156,64.7,0.9660426618665531,0.04403426195856314,0.9660426618665531,0.04172815344326411
27.8,0.9796169874801238,0.026477416827749057,0.9796169874801238,0.01872721573921647,2483.0,0.964849174427188,0.04351453670628505,0.964849174427188,0.028310817089634337,21.0,0.9777499711716482,0.02848620080759433,0.9777499711716482,0.03617873292305414,0.0,0.9772121319138101,0.0297612066190005,0.9772121319138101,0.03953147010090185,10.3,0.9664727921543884,0.042308085008851,0.9664727921543884,0.04793167537308575,48.0,0.7570408624182529,0.23676749339755646,0.7570408624182529,0.1991380264249284,28.6,0.9659632936377133,0.04363721718869667,0.9659632936377133,0.05377010731216791,77.6,0.9664006166704551,0.04350763784910878,0.9664006166704551,0.04151123439240483
34.1,0.9796169874801238,0.026477416827749057,0.9796169874801238,0.01872721573921647,878.0,0.9668054739339605,0.041185262871666906,0.9668054739339605,0.02655602105137441,33.0,0.9783024786517072,0.0277433415950686,0.9783024786517072,0.03494891777460963,-8.6,0.9772121319138101,0.0297612066190005,0.9772121319138101,0.03829271516487464,3.85,0.9674460319202144,0.04110167570398748,0.9674460319202144,0.04508978941304336,30.0,0.7527026527894142,0.23944745646282706,0.7527026527894142,0.2028517320765807,19.6,0.9659632936377133,0.04363721718869667,0.9659632936377133,0.05377010731216791,54.9,0.9671759225734975,0.04252047789085358,0.9671759225734975,0.03907973110894451
37.3,0.9796169874801238,0.026477416827749057,0.9796169874801238,0.01872721573921647,773.0,0.9654027642062611,0.04254734743410315,0.9654027642062611,0.026353085886466496,31.0,0.9794357393586516,0.02619019550937926,0.9794357393586516,0.031488503905897185,-4.7,0.9764514942329884,0.03060170189208137,0.9764514942329884,0.04126568158091697,4.16,0.9682213378232568,0.04011144515944596,0.9682213378232568,0.04501395660733621,5.0,0.7506875748227138,0.24003778103610388,0.7506875748227138,0.20752520613675984,20.4,0.967322937369388,0.04166193055665722,0.967322937369388,0.0510110264214605,56.5,0.9673738564362814,0.04230253294972708,0.9673738564362814,0.03875208533579673
56.5,0.9790428640737133,0.02701426998884949,0.9790428640737133,0.01943493507614318,2124.0,0.9646274583032186,0.04353254942180919,0.9646274583032186,0.02847163514854409,19.0,0.9797209389006414,0.025925057071577166,0.9797209389006414,0.03247489139027598,3.1,0.978122594197771,0.028480592234310678,0.978122594197771,0.037802879596022514,15.27,0.9676172690345853,0.04118425052156413,0.9676172690345853,0.04741657606723653,14.0,0.7518318558406522,0.23982110742136545,0.7518318558406522,0.2058014304449696,27.8,0.9680835750502094,0.040838431370940856,0.9680835750502094,0.0500455986754166,69.4,0.9677945887220485,0.04182227194185116,0.9677945887220485,0.041118418328146715
19.2,0.9792407979364969,0.026790304354985552,0.9792407979364969,0.018300518712066786,2074.0,0.9635226467582209,0.0451800857074397,0.9635226467582209,0.030863457587981258,46.0,0.9801985695103016,0.02532525135118465,0.9801985695103016,0.03319296121584354,14.1,0.9773472882947285,0.02949083024010878,0.9773472882947285,0.036854655246881834,5.56,0.9670184663988522,0.04184907259713968,0.9670184663988522,0.047404049975052175,16.0,0.7503225909209582,0.2408789342907819,0.7503225909209582,0.2063945932619526,23.1,0.9680835750502094,0.040838431370940856,0.9680835750502094,0.048423298737064316,63.5,0.9675966548592647,0.0420404174427578,0.9675966548592647,0.040470543265697
61.6,0.9774604219190551,0.029303288937253247,0.9774604219190551,0.020129121496318264,2997.0,0.9649841079187874,0.0435033775732178,0.9649841079187874,0.02958468765106469,69.0,0.9790653088033572,0.026880655721960415,0.9790653088033572,0.03665337508455599,0.0,0.9773472882947285,0.02949083024010878,0.9773472882947285,0.036854655246881834,29.08,0.9677791040796739,0.04102600022961426,0.9677791040796739,0.04429190322510573,28.0,0.7466762155454894,0.24187700977399393,0.7466762155454894,0.20734400632568586,35.7,0.9684595792629589,0.04043505642519215,0.9684595792629589,0.047557229025439636,70.2,0.9692677548240473,0.039959218731542984,0.9692677548240473,0.0371150257987794
100.0,0.9772376234960716,0.029571176727555628,0.9772376234960716,0.021723801474386458,2783.0,0.9649841079187874,0.0435033775732178,0.9649841079187874,0.029209925765412363,19.0,0.9787676335099749,0.02729524637885879,0.9787676335099749,0.037821891629365445,-4.7,0.97810792597555,0.02864865624260404,0.97810792597555,0.03573039025658205,43.81,0.9674391986846194,0.04136880417430377,0.9674391986846194,0.04572624379262545,41.0,0.7403559069328651,0.24557049686980537,0.7403559069328651,0.21017611054733362,40.0,0.9682815089129932,0.04061992170614491,0.9682815089129932,0.04797981498559783,66.3,0.9736690029833346,0.033580116407250074,0.9736690029833346,0.030223616175451943
74.9,0.9746751083399922,0.033347436149171884,0.9746751083399922,0.025132796764307838,2028.0,0.9668281446333755,0.04150156162626621,0.9668281446333755,0.02831203841129295,66.0,0.9783184520622612,0.028033974662692952,0.9783184520622612,0.03959793956794459,3.1,0.9773326200725075,0.029658745191766672,0.9773326200725075,0.03798817541034962,23.21,0.9674391986846194,0.04136880417430377,0.9674391986846194,0.04639547696803264,44.0,0.7371181133096232,0.2461936366681094,0.7371181133096232,0.2125915933979076,32.2,0.9682815089129932,0.04061992170614491,0.9682815089129932,0.04828589681460502,67.8,0.9745794652672956,0.03230791323652684,0.9745794652672956,0.028727639845343093
74.5,0.9757283585763775,0.031527172806338676,0.9757283585763775,0.02182222426633564,2232.0,0.9678101220753077,0.0406169962027491,0.9678101220753077,0.029354839689985347,63.0,0.9774079897783002,0.029315271975584627,0.9774079897783002,0.04131418140444049,-6.2,0.9786332894819958,0.028223656381635112,0.9786332894819958,0.03625964666180471,24.52,0.9681147631570632,0.04056597721993285,0.9681147631570632,0.04672380051506284,50.0,0.7349155064564883,0.24634968897461149,0.7349155064564883,0.21171298833756647,34.5,0.9696127034827213,0.038879210089310175,0.9696127034827213,0.047127717961783624,68.6,0.9745794652672956,0.032307913236526126,0.9745794652672956,0.03124830546595705
40.4,0.9746751083399922,0.033347436149171884,0.9746751083399922,0.023337106113484208,1641.0,0.9675873236523242,0.040879501505244345,0.9675873236523242,0.028316894667238322,61.0,0.9778856203879606,0.02871859803229038,0.9778856203879606,0.03955735035199491,3.1,0.9786332894819958,0.028223656381635112,0.9786332894819958,0.035942938344148974,9.98,0.96836959534374,0.04024367700539291,0.96836959534374,0.045233559891254785,47.0,0.7346053554117137,0.24648000697662678,0.7346053554117137,0.20822046356719537,28.2,0.9700903340923815,0.038292233133729155,0.9700903340923815,0.04556541956570437,72.2,0.9730721228723552,0.033771953891499465,0.9730721228723552,0.031691807859677394
60.4,0.9742991041272426,0.03375633606744802,0.9742991041272426,0.023014733407240796,1586.0,0.9662957944177951,0.04215909499310034,0.9662957944177951,0.028504207358295786,59.0,0.9777237853428717,0.028880680579955558,0.9777237853428717,0.04034480255891109,2.3,0.9805917358494034,0.02551549388581737,0.9805917358494034,0.03299579878656135,14.17,0.9654756895793932,0.045126563664156336,0.9654756895793932,0.053136801493059736,46.0,0.7390099537833387,0.24505233841212096,0.7390099537833387,0.20783718128010537,31.0,0.9712416442081736,0.03689087677123342,0.9712416442081736,0.04389419372630166,68.2,0.971489680717697,0.03603546634143234,0.971489680717697,0.03608575423422328
20.8,0.9751527389496524,0.03275448584865133,0.9751527389496524,0.023575998144498306,1460.0,0.9643405772100369,0.0442421890495184,0.9643405772100369,0.029041003052001663,28.0,0.9754551879306895,0.03187492714925682,0.9754551879306895,0.04574777659562387,6.2,0.9794869243044054,0.027212264875255788,0.9794869243044054,0.03513907462432808,3.11,0.9652208573927162,0.04544654824084103,0.9652208573927162,0.05437545763947981,29.0,0.7400347355770964,0.24507560916750892,0.7400347355770964,0.21059662943666765,20.0,0.9716623764939407,0.03640620532929988,0.9716623764939407,0.04332913735084373,71.0,0.9703564200107524,0.03756401863627391,0.9703564200107524,0.038734176568542875
38.8,0.9759280448526949,0.0317492143893304,0.9759280448526949,0.022163111880337268,783.0,0.9630560332380802,0.04541109982408744,0.9630560332380802,0.029559646369353935,51.0,0.9731865905185071,0.03485493470073933,0.9731865905185071,0.05222876055411005,2.3,0.9808465680360801,0.025184856284424594,0.9808465680360801,0.03254352018899237,4.45,0.9649980589697329,0.045707186186270586,0.9649980589697329,0.05519247128569584,3.0,0.7379603890084461,0.24562177993662862,0.7379603890084461,0.21512636189003867,20.8,0.9721400071036008,0.035816691672614094,0.9721400071036008,0.04338077017235381,56.5,0.9690252254410244,0.039307953426359774,0.9690252254410244,0.03876370527247916
65.1,0.9763040490654444,0.031338814273390275,0.9763040490654444,0.021608832608573023,1431.0,0.9604935180820008,0.04908799720106056,0.9604935180820008,0.0336449458116811,25.0,0.9739937267701229,0.033588702320160445,0.9739937267701229,0.050749238068567924,5.5,0.9828050144034879,0.022464258762160502,0.9828050144034879,0.027239180348820856,14.71,0.9661313196766774,0.044197113422549617,0.9661313196766774,0.054228127183284534,24.0,0.7379603890084461,0.24562177993662862,0.7379603890084461,0.21512636189003867,32.5,0.9736492720232949,0.03387489651033501,0.9736492720232949,0.040677342299927866,58.4,0.9676940308712961,0.04104695518391736,0.9676940308712961,0.04079735375967876
100.0,0.9747576876442385,0.032970194179185675,0.9747576876442385,0.021946795716245863,2826.0,0.9604935180820008,0.04908799720106056,0.9604935180820008,0.03100764812185418,77.0,0.9746493568674071,0.03264275271830436,0.9746493568674071,0.04940770357023626,3.9,0.9818945521195267,0.02375683616617775,0.9818945521195267,0.028422332518025673,37.31,0.9647479621323087,0.04543656591759598,0.9647479621323087,0.05310217512500525,43.0,0.7379603890084461,0.24562177993662862,0.7379603890084461,0.21512636189003867,38.0,0.9727407322640876,0.034662387767625445,0.9727407322640876,0.038847223421215216,66.3,0.9678721012212621,0.04086228969139159,0.9678721012212621,0.04071529169623786
22.4,0.9737844478784125,0.03419447210875353,0.9737844478784125,0.022104097663955186,3324.0,0.9586741021175319,0.051267436523116994,0.9586741021175319,0.0338745747393821,47.0,0.9746493568674071,0.032642752718304004,0.9746493568674071,0.049966109653230895,3.1,0.9816966182567433,0.02398204968318171,0.9816966182567433,0.02769007455934231,9.03,0.9632386972126148,0.04734152869108265,0.9632386972126148,0.05805985863389154,48.0,0.7354087506427283,0.24591276144649185,0.7354087506427283,0.21751285474026044,27.1,0.9717674924982613,0.03588230040456157,0.9717674924982613,0.04143861424931485,49.4,0.9678721012212621,0.04086228969139159,0.9678721012212621,0.04071529169623786
46.3,0.9731288177811283,0.03513849796032668,0.9731288177811283,0.021533136734117598,2445.0,0.9601814445124723,0.04985409204588104,0.9601814445124723,0.035028885933767163,19.0,0.9746493568674071,0.032642752718304004,0.9746493568674071,0.04923592532634175,3.9,0.9810210537842994,0.024808348948770265,0.9810210537842994,0.029160218514892224,16.77,0.963716327822275,0.04676285717247044,0.963716327822275,0.058641419015848975,52.0,0.7316597823683876,0.24680869114615053,0.7316597823683876,0.21824470095269943,31.8,0.9717674924982613,0.03588230040456157,0.9717674924982613,0.04161423757372355,73.3,0.9686474071243045,0.039871402639362785,0.9686474071243045,0.03922831872346777
34.1,0.9724532533086844,0.03594954624146549,0.9724532533086844,0.023046500289234228,799.0,0.9601814445124723,0.04985409204588104,0.9601814445124723,0.035886539658592925,31.0,0.973963201609883,0.03335201132464913,0.973963201609883,0.050573769201332906,0.8,0.9810210537842994,0.024808348948770265,0.9810210537842994,0.029160218514892224,3.72,0.963716327822275,0.04676285717247044,0.963716327822275,0.05915850637609111,39.0,0.7337341289370379,0.2462823591930636,0.7337341289370379,0.21389490560713453,20.0,0.9719902909212451,0.03561743442566128,0.9719902909212451,0.04195390204010384,56.9,0.9710318519304181,0.03632300143566254,0.9710318519304181,0.03479738024540134
30.2,0.9744116996760921,0.03327472580443633,0.9744116996760921,0.01994562284896904,811.0,0.9601814445124723,0.04985409204588104,0.9601814445124723,0.035886539658592925,32.0,0.9754246627704496,0.03163793777808829,0.9754246627704496,0.048540364325984964,2.3,0.9810210537842994,0.024808348948770265,0.9810210537842994,0.029160218514892224,3.8,0.9632386972126148,0.04734152869108265,0.9632386972126148,0.05942575353161082,3.0,0.7346842565561981,0.24586873283512214,0.7346842565561981,0.21061031845004152,19.6,0.9717674924982613,0.035882300404560856,0.9717674924982613,0.040988680659771966,62.0,0.9723630465001462,0.03457114496814121,0.9723630465001462,0.03298016429509071
38.0,0.9747696544799941,0.032739307120930955,0.9747696544799941,0.020180494620762126,777.0,0.9599586460894888,0.050112236331612596,0.9599586460894888,0.033574074792201536,33.0,0.9748258601347166,0.03231439755682898,0.9748258601347166,0.04857770317053547,1.6,0.9798877930773549,0.02636570623268485,0.9798877930773549,0.029491094723850187,4.4,0.9634005322577032,0.047185091346954575,0.9634005322577032,0.058231434541457364,0.0,0.7326099099875477,0.24639872074522065,0.7326099099875477,0.2124182711561448,20.4,0.9735478685157034,0.033396601737483336,0.9735478685157034,0.03734491073902243,58.0,0.9736942410698742,0.03281435546809125,0.9736942410698742,0.031236903254725515
73.7,0.9749675883427775,0.032517529112259594,0.9749675883427775,0.020600328469632043,724.0,0.9593602573750563,0.05058286987259923,0.9593602573750563,0.03393189753537377,58.0,0.974065222453895,0.03315073328691333,0.974065222453895,0.047661272063118175,0.0,0.9785281493456802,0.028389423465324786,0.9785281493456802,0.03376532132441539,8.36,0.9634005322577032,0.047185091346954575,0.9634005322577032,0.058231434541457364,17.0,0.7370145083591726,0.24498243419582633,0.7370145083591726,0.21280868147272303,29.8,0.9746344786248765,0.032419619548607205,0.9746344786248765,0.03755254220443587,56.9,0.9746674808357005,0.031588817692986215,0.9746674808357005,0.029529993354036915
23.1,0.9738162782269855,0.03392976727210088,0.9738162782269855,0.02261096406483608,2858.0,0.9601208950558779,0.04977375854848881,0.9601208950558779,0.034557645542238155,49.0,0.9711925562530411,0.03720273447325877,0.9711925562530411,0.055727488721630344,3.1,0.9790806568257392,0.027645893106104352,0.9790806568257392,0.03315237556342625,7.07,0.9642460505442338,0.04650639250718932,0.9642460505442338,0.05734310904211295,23.0,0.7407299325920749,0.24404920739288938,0.7407299325920749,0.21157102566822186,25.9,0.9756164560668088,0.03151809126376251,0.9756164560668088,0.036046176417285164,71.4,0.9743095260317985,0.032124600240161526,0.9743095260317985,0.0295979654571553
49.4,0.9747267405109467,0.03265768925977497,0.9747267405109467,0.022674665738287084,1959.0,0.959866062869201,0.05009060198208715,0.959866062869201,0.03546413097470192,44.0,0.9702820939690799,0.03846571329676939,0.9702820939690799,0.057223465051739204,0.0,0.9804118513954673,0.025866916257912383,0.9804118513954673,0.03056318289056246,14.14,0.9631127898372893,0.04801059841879823,0.9631127898372893,0.05887891779708524,26.0,0.7407299325920749,0.24404920739288938,0.7407299325920749,0.21157102566822186,31.0,0.973836080049367,0.03401276874684168,0.973836080049367,0.039269065994778335,72.2,0.973933521819049,0.03253380898956508,0.973933521819049,0.03106767499729712
51.8,0.9749246743737303,0.0324359050243268,0.9749246743737303,0.02306558779963318,2265.0,0.959508108065299,0.050610990228608356,0.959508108065299,0.03752475529106997,41.0,0.9692362567462683,0.03955137679832951,0.9692362567462683,0.05781128898325083,-3.1,0.9810980066529915,0.025147416367954985,0.9810980066529915,0.030961101694854373,17.62,0.9625749505794514,0.04856472705488823,0.9625749505794514,0.06096626857987981,31.0,0.7407299325920749,0.24404920739288938,0.7407299325920749,0.21157102566822186,32.5,0.9732372774136341,0.034686602567795474,0.9732372774136341,0.04018055179785017,71.4,0.9737355879562656,0.03275533440818958,0.9737355879562656,0.030473534857828964
37.3,0.975699980276773,0.0314306273140881,0.975699980276773,0.02191657552171174,1366.0,0.9588325435928553,0.05139909679461645,0.9588325435928553,0.035723108180292514,48.0,0.9689814245595918,0.03987416650782392,0.9689814245595918,0.05977042339981108,8.6,0.9815756372626517,0.024546353911478087,0.9815756372626517,0.03048514672867625,13.33,0.9624131155343627,0.04872078477213801,0.9624131155343627,0.06095286923771546,34.0,0.7376900728316165,0.24457323550421925,0.7376900728316165,0.2130717965026813,31.8,0.972638474777901,0.035359581475123886,0.972638474777901,0.03803028244981662,61.6,0.9742132185659258,0.032162696469277684,0.9742132185659258,0.028877144661299585
18.8,0.9775440169913608,0.029381972690960052,0.9775440169913608,0.02161833132201855,1652.0,0.9603418085125494,0.049509900811267944,0.9603418085125494,0.03258981309986012,21.0,0.9689814245595918,0.03987416650782392,0.9689814245595918,0.05977042339981108,0.0,0.9796119247423054,0.027671269545730317,0.9796119247423054,0.035911373548197144,4.3,0.963499725643536,0.047773122997548254,0.963499725643536,0.06109831969933012,27.0,0.7376900728316165,0.24457323550421925,0.7376900728316165,0.2194877946551228,22.0,0.9744825114924891,0.03332516486556581,0.9744825114924891,0.03845052915486149,71.0,0.9757205609608661,0.030694329190451872,0.9757205609608661,0.028187896382166483
48.04087253229344,0.9786953271071529,0.02795867236643964,0.9786953271071529,0.021646131561198257,933.0,0.9591904983967571,0.05087939561353803,0.9591904983967571,0.03389288797436237,31.0,0.9689814245595918,0.03987416650782392,0.9689814245595918,0.05977042339981108,3.9,0.9799698795462072,0.02713081686873131,0.9799698795462072,0.035430024479516806,3.41,0.9621400819118614,0.04973150363772551,0.9621400819118614,0.06325941987493484,16.0,0.7343754347815025,0.2476582690547119,0.7343754347815025,0.2262191569496795,18.8,0.9722960005491592,0.03667388782805745,0.9722960005491592,0.04279465382306591,48.6,0.9752429303512057,0.031288652091297546,0.9752429303512057,0.02914170131183834
47.8,0.9789930024005352,0.027544315338954156,0.9789930024005352,0.020660889738956346,1592.0,0.9626615533120437,0.046446600690949455,0.9626615533120437,0.0301637310158399,47.0,0.9692362567462683,0.03955137679832915,0.9692362567462683,0.0584952570497917,0.8,0.9781895035287654,0.029645129807768702,0.9781895035287654,0.03779015018532076,12.42,0.9639204579293031,0.04729732097328126,0.9639204579293031,0.060455846480291245,25.0,0.7336232410251261,0.24796420520098783,0.7336232410251261,0.22927281568190225,30.6,0.9734292612561037,0.0351410711818015,0.9734292612561037,0.04138700228667681,62.4,0.9750201319282223,0.03155544809782385,0.9750201319282223,0.03106431727860546
21.2,0.9801262631074797,0.02598979853680587,0.9801262631074797,0.018302019481422484,2696.0,0.9637948140189881,0.044941310453363685,0.9637948140189881,0.028033690485170393,57.0,0.9677747955857019,0.041242023286184634,0.9677747955857019,0.059832684676219695,-3.1,0.9781895035287654,0.029645129807768702,0.9781895035287654,0.039017208370821836,7.67,0.9654547199619751,0.04440233491482356,0.9654547199619751,0.05510627591122855,33.0,0.7347961670672696,0.2474215492578452,0.7347961670672696,0.22641384180134416,25.9,0.97440250102193,0.03391821069790166,0.97440250102193,0.03841398594450348,63.9,0.9747973335052388,0.03182211890837408,0.9747973335052388,0.0324581524373934
51.8,0.9815374681477672,0.023608423743699262,0.9815374681477672,0.016397385004475885,2955.0,0.9637948140189881,0.044941310453363685,0.9637948140189881,0.02695286709745311,20.0,0.9694836759193715,0.038507003008355446,0.9694836759193715,0.05309933617222652,0.0,0.9766802386090714,0.03160300896758981,0.9766802386090714,0.04378622298834309,23.25,0.9657946253570296,0.04406136159477833,0.9657946253570296,0.052529290637512625,37.0,0.7315248294025892,0.24801209880002964,0.7315248294025892,0.22596215000820097,34.1,0.972893236102236,0.03586152457939045,0.972893236102236,0.04036755123787674,72.5,0.9727374836302396,0.03402300367580251,0.9727374836302396,0.033203460811227256
36.9,0.9823127740508096,0.022589011439564273,0.9823127740508096,0.014406779875552049,1594.0,0.9635720155960048,0.045201649007401465,0.9635720155960048,0.028590821422542045,19.0,0.9681240321876966,0.040491394210693935,0.9681240321876966,0.054563842392314696,10.2,0.9784606146265133,0.02909630382265546,0.9784606146265133,0.041426097282539126,7.97,0.9681077973686901,0.04144612297267696,0.9681077973686901,0.049773566536730623,36.0,0.7341100118097456,0.2477424203285746,0.7341100118097456,0.22350782777981731,26.7,0.9754258058760543,0.03265446763189148,0.9754258058760543,0.03686078434644077,66.3,0.9727374836302396,0.03402300367580251,0.9727374836302396,0.033203460811227256
20.4,0.9817602665707507,0.023337944843638936,0.9817602665707507,0.014721691222808315,1791.0,0.9635720155960048,0.045201649007401465,0.9635720155960048,0.027752131554290387,34.0,0.9676464015780364,0.041076019324313956,0.9676464015780364,0.056187607965185404,6.2,0.9776853087234707,0.03010641895748653,0.9776853087234707,0.04262351817852348,5.32,0.9663989170350206,0.044171873866471256,0.9663989170350206,0.05551165031009071,38.0,0.7404645096203177,0.24413692299508663,0.7404645096203177,0.21696052662903476,23.1,0.9761013703484982,0.03183850738124242,0.9761013703484982,0.03745651562012751,62.7,0.9727374836302396,0.03402300367580251,0.9727374836302396,0.033203460811227256
23.9,0.9807870268049245,0.024581046850375356,0.9807870268049245,0.014969073519662333,1910.0,0.9644256504184144,0.04422161363951623,0.9644256504184144,0.028897504323317075,19.0,0.9679012337647132,0.04075401964727423,0.9679012337647132,0.055578900068186825,0.0,0.9770865060877378,0.03078547542189891,0.9770865060877378,0.0426260248172265,6.55,0.9662009831722369,0.044389198785513465,0.9662009831722369,0.05710530536566279,41.0,0.7413734633008255,0.2436709390637746,0.7413734633008255,0.21862655640724704,26.7,0.9766538778285571,0.031098851844857375,0.9766538778285571,0.03709149209967794,74.1,0.9727374836302396,0.03402300367580251,0.9727374836302396,0.03301321696053876
21.2,0.9796357166891324,0.026011498072221976,0.9796357166891324,0.015408624050687079,2054.0,0.9650677224652923,0.04368330066930452,0.9650677224652923,0.028849649349773934,50.0,0.9693626949252798,0.0390623995015604,0.9693626949252798,0.05130357410047969,3.9,0.9767466006926834,0.031135415687709476,0.9767466006926834,0.04350356280999282,10.43,0.967174222938063,0.043185248657543474,0.967174222938063,0.055476847558443294,49.0,0.737360363774541,0.24482878942597808,0.737360363774541,0.219274232276683,29.4,0.976116038570719,0.031670837845028665,0.976116038570719,0.036629398459433374,63.5,0.9735446198818551,0.03275669152772716,0.9735446198818551,0.031894154955300784
30.6,0.9794377828263487,0.02623571577150316,0.9794377828263487,0.014152017108579234,2485.0,0.9641587687847847,0.044637917805291256,0.9641587687847847,0.029357599259728678,30.0,0.9693626949252798,0.039062399501560756,0.9693626949252798,0.05063711564745888,-0.8,0.9775072383735048,0.03029506782150133,0.9775072383735048,0.040887109862037294,11.68,0.9652190057303046,0.045268320962223746,0.9652190057303046,0.05576087263744924,52.0,0.7363613065412945,0.24479735626076862,0.7363613065412945,0.21664605525101266,29.8,0.9735834687969007,0.03488284225099695,0.9735834687969007,0.03905712045347936,73.7,0.9746778805887996,0.031217239245726815,0.9746778805887996,0.030164580210786468
19.6,0.9790798280224468,0.026776191255902092,0.9790798280224468,0.015245254687894071,2524.0,0.9635336638477403,0.04523300626164419,0.9635336638477403,0.02892507346117014,20.0,0.9702716486057874,0.03809695389827051,0.9702716486057874,0.05108472410953613,3.9,0.9755487920060972,0.032984797269526044,0.9755487920060972,0.042939738916948626,7.29,0.9650706897306186,0.04540447282354982,0.9650706897306186,0.05827525897399397,46.0,0.735431113297294,0.24591631188974747,0.735431113297294,0.2184080909222379,25.9,0.9761459839529799,0.031115038662368394,0.9761459839529799,0.03549665485630122,64.3,0.9743199257848978,0.03175316422329051,0.9743199257848978,0.031110725454028924
31.8,0.9790798280224468,0.026776191255902092,0.9790798280224468,0.015245254687894071,858.0,0.9638313391411226,0.04483066864410718,0.9638313391411226,0.028837332798001828,32.0,0.9706115540008419,0.037751915487348034,0.9706115540008419,0.05290006743836881,-3.1,0.9757715904290808,0.03271817526042127,0.9757715904290808,0.042306850759236965,3.56,0.9652686235934022,0.04518763160264841,0.9652686235934022,0.05807835968712094,40.0,0.7350103810115269,0.2461543422876148,0.7350103810115269,0.2176965189052158,19.2,0.9767447865887132,0.03043687393611869,0.9767447865887132,0.03418878191525482,53.7,0.9747406580706649,0.031264637622164075,0.9747406580706649,0.0319983133346665
39.2,0.9783045221194043,0.02778881255858669,0.9783045221194043,0.016809994093282633,779.0,0.9610689856817486,0.048141180175247426,0.9610689856817486,0.032938906144805866,30.0,0.9695583037644568,0.03955551010547716,0.9695583037644568,0.058537607988077216,-1.6,0.976427220526365,0.03176983279323129,0.976427220526365,0.04069602978265111,4.32,0.9639374290236741,0.04691135413413602,0.9639374290236741,0.06148961634347083,31.0,0.7360094382447734,0.24618878127422508,0.7360094382447734,0.2202416878933994,20.8,0.9756115258817685,0.03198065386733213,0.9756115258817685,0.03724621770637713,56.9,0.97338101433899,0.03327049091977185,0.97338101433899,0.0344777055819307
32.9,0.9767952571997103,0.029749796858053987,0.9767952571997103,0.01663968755966731,805.0,0.9615998772354561,0.047690622227798754,0.9615998772354561,0.03464069789957484,59.0,0.9698131359511334,0.0392324320406102,0.9698131359511334,0.057986063237344634,1.6,0.977532032071363,0.030083704944547155,0.977532032071363,0.039827424402722605,3.77,0.9639374290236741,0.04691135413413708,0.9639374290236741,0.06286683886215394,32.0,0.7350593106256132,0.246603888295915,0.7350593106256132,0.22319560689310355,19.6,0.9750127232460354,0.032657040409407166,0.9750127232460354,0.040007129207148356,57.6,0.972049819769262,0.03502606180812776,0.972049819769262,0.03858388842187551
89.0,0.9752859922800162,0.03170458876836623,0.9752859922800162,0.01656696338201176,1677.0,0.9629130223963365,0.04615704449764216,0.9629130223963365,0.03212192453210719,43.0,0.9711262811120139,0.03767321392777596,0.9711262811120139,0.05422718893558425,3.1,0.9770544014617026,0.030679485883028216,0.9770544014617026,0.04015326918506444,14.87,0.9615529842175605,0.050406265062961274,0.9615529842175605,0.06705783876524588,40.0,0.7352572444883969,0.24649802879215665,0.7352572444883969,0.223910753217696,32.9,0.9738614131302434,0.034069182844524176,0.9738614131302434,0.041680025668644316,64.7,0.9704436638019096,0.036551272459713804,0.9704436638019096,0.03923571321879982
43.9,0.9752859922800162,0.03170458876836623,0.9752859922800162,0.01656696338201176,1995.0,0.96216082863996,0.046854918744954524,0.96216082863996,0.03330989188987535,37.0,0.9706486505023537,0.03826116272564662,0.9706486505023537,0.05535806852397181,-7.8,0.9796169166177819,0.02688660817493832,0.9796169166177819,0.03429776144675081,13.05,0.9621570530062322,0.049346295688025836,0.9621570530062322,0.06537393547906355,42.0,0.7264047473597134,0.2534699696542394,0.7264047473597134,0.2114308681788355,30.6,0.9727566015852457,0.0357441947881845,0.9727566015852457,0.04420543057028104,70.6,0.9689666983440386,0.037870654208426634,0.9689666983440386,0.03899488765821671
45.5,0.9752859922800162,0.03170458876836623,0.9752859922800162,0.01656696338201176,2094.0,0.9622720091331305,0.04677170843196723,0.9622720091331305,0.033507501630367156,20.0,0.9700745270959431,0.038785842723223676,0.9700745270959431,0.05653914571471804,3.1,0.979079077359944,0.02746274689769971,0.979079077359944,0.034673639900563595,15.1,0.9613034181838225,0.05031929258924754,0.9613034181838225,0.06527947561720521,44.0,0.7240506145304018,0.25360889010883714,0.7240506145304018,0.2101209858662021,32.2,0.9730542768786279,0.035334837280887814,0.9730542768786279,0.0414432220733219,73.3,0.9669231787682531,0.03982785177030656,0.9669231787682531,0.04127546584509073
49.4,0.9756619964927655,0.03129445743883894,0.9756619964927655,0.01605331337950459,1462.0,0.9625268413198071,0.046453125532488634,0.9625268413198071,0.031632088539939915,19.0,0.9682304903813549,0.04080008670987893,0.9682304903813549,0.05812918183111952,6.2,0.9776176161993773,0.029189838885997382,0.9776176161993773,0.03694801309614969,10.79,0.9630837942012642,0.0478884713265522,0.9630837942012642,0.06109261724224954,42.0,0.7231416608498941,0.25403735999643656,0.7231416608498941,0.20719242354862216,28.2,0.9734302810913774,0.034927102860819695,0.9734302810913774,0.040454065209334575,69.8,0.9662476142958094,0.04063013585001334,0.9662476142958094,0.042831911597908966
38.8,0.9754839261427998,0.0314824762712843,0.9754839261427998,0.015703716428221305,1343.0,0.9591604190717616,0.05081105966932413,0.9591604190717616,0.03471302441962406,44.0,0.967320028097394,0.04205561403938178,0.967320028097394,0.0586401175374387,7.8,0.9776176161993771,0.029189838885997375,0.9776176161993771,0.03727150450775908,7.84,0.9637699494587885,0.04719801403143662,0.9637699494587885,0.05916502438498742,40.0,0.7236941683299531,0.25367002020517965,0.7236941683299531,0.20655434238322912,26.3,0.9734302810913774,0.03492710286082041,0.9734302810913774,0.04093304905213816,69.4,0.9645387339621396,0.04335180152077581,0.9645387339621396,0.04540162808469248
53.3,0.9752611277198163,0.031749297485489915,0.9752611277198163,0.016095130497395645,1367.0,0.9564360688705934,0.0546116264850171,0.9564360688705934,0.041241801250429276,48.0,0.9670651959107172,0.042377064525417424,0.9670651959107172,0.05807264057809679,7.0,0.977795686549343,0.02900096616352104,0.977795686549343,0.03728303452674304,10.41,0.9631711468230554,0.04785625151850048,0.9631711468230554,0.060347907611028366,42.0,0.7244694742329957,0.25317619713266165,0.7244694742329957,0.21191422830398443,29.0,0.97420558699442,0.033925428110978574,0.97420558699442,0.03879627089490469,67.1,0.9630772728015728,0.04502790341135762,0.9630772728015728,0.04827449912329067
69.4,0.9760133214761928,0.031029287795803398,0.9760133214761928,0.01708494738577343,1467.0,0.9564360688705934,0.0546116264850171,0.9564360688705934,0.04082162698565801,36.0,0.9673628712040996,0.041972271389819446,0.9673628712040996,0.05823645122774502,-5.5,0.977973756899309,0.02881202271174108,0.977973756899309,0.036562153501946075,15.03,0.963946452726098,0.04687612176246177,0.963946452726098,0.05918402045551764,46.0,0.7255153114558072,0.2526979783690027,0.7255153114558072,0.20931369754392917,31.4,0.9730418011272356,0.03522442020868667,0.9730418011272356,0.038705744882948916,65.9,0.9630772728015728,0.04502790341135762,0.9630772728015728,0.04827449912329067
42.7,0.9775225863958868,0.029071922981331367,0.9775225863958868,0.015325513000741935,1576.0,0.955033359142894,0.05593810009943551,0.955033359142894,0.04211991086906658,34.0,0.9668103637240406,0.04269833976108674,0.9668103637240406,0.05880307137749913,4.7,0.9773749542635759,0.029492083068861454,0.9773749542635759,0.03854904622286817,9.66,0.9644402087732897,0.04647576253448454,0.9644402087732897,0.06075981908271536,47.0,0.7217010962765383,0.25350449704889805,0.7217010962765383,0.20955694647558706,25.1,0.9755743709010539,0.032015188116041,0.9755743709010539,0.0355898548073404,71.4,0.9642410586687574,0.043754911247994334,0.9642410586687574,0.04736143913785306
20.8,0.9775225863958868,0.029071922981331367,0.9775225863958868,0.01567216595875431,1152.0,0.954480851662835,0.05664621435341411,0.954480851662835,0.041666407405288715,27.0,0.9634439414759949,0.04709025555418845,0.9634439414759949,0.06564511214620444,8.6,0.9773749542635759,0.029492083068861454,0.9773749542635759,0.041095091291959936,3.49,0.9653110057220515,0.04568230584148059,0.9653110057220515,0.06077838129308426,40.0,0.7252604792691304,0.2528586040170242,0.7252604792691304,0.2074997807543353,18.0,0.9763974097008817,0.031181076364587255,0.9763974097008817,0.03503035234228386,60.0,0.9648966887660416,0.04282579451325601,0.9648966887660416,0.045669066821420724
18.0,0.9784958261617129,0.027837588161877622,0.9784958261617129,0.015147334713097675,1326.0,0.9549584822724954,0.05607788642366711,0.9549584822724954,0.03904476408712038,20.0,0.9613840916009955,0.049231231868856626,0.9613840916009955,0.06640900503061811,14.8,0.9765213194411663,0.030499198300283078,0.9765213194411663,0.041364943043252125,3.62,0.9651491706769629,0.045839336812209766,0.9651491706769629,0.06366507425797259,38.0,0.7285647397176023,0.25231782431829103,0.7285647397176023,0.2039328766679956,20.4,0.9765953435636656,0.030958590022722304,0.9765953435636656,0.03687345756873142,62.0,0.9654954914017747,0.04216315019948021,0.9654954914017747,0.043405014401840324
34.1,0.9796290868686575,0.02628423193286737,0.9796290868686575,0.014952779023984586,905.0,0.9559404597144276,0.05522019934554606,0.9559404597144276,0.037743036145374304,31.0,0.9602327814852034,0.050602677370406274,0.9602327814852034,0.06975301225440009,1.6,0.9786416008536626,0.027639282344852373,0.9786416008536626,0.03572295120400866,3.69,0.9655251748897126,0.04543922862645268,0.9655251748897126,0.06401674422230032,27.0,0.7295064409139529,0.25236756538969357,0.7295064409139529,0.20664024074812604,19.2,0.9765953435636656,0.030958590022722304,0.9765953435636656,0.03837109469258329,66.3,0.9651194871890252,0.04256452083309105,0.9651194871890252,0.046037952845026736
36.9,0.9787754520462478,0.027296585921881892,0.9787754520462478,0.016909406231898624,786.0,0.9544331173194873,0.056618136666380485,0.9544331173194873,0.03909506866521367,29.0,0.9604876136718804,0.05028583865779363,0.9604876136718804,0.06950991264834455,6.2,0.9804610168181311,0.02536659955523907,0.9804610168181311,0.031711595608715885,4.07,0.9628740019235087,0.0486712357377049,0.9628740019235087,0.06720962424682993,19.0,0.7303590350013641,0.25241359899633853,0.7303590350013641,0.20938421987624145,20.0,0.9748864632299957,0.033727910052195754,0.9748864632299957,0.04167624591291711,60.8,0.9645206845532921,0.04322663751952124,0.9645206845532921,0.04697397950403474
36.1,0.9784355466511934,0.027648379895264738,0.9784355466511934,0.016520844149155844,804.0,0.9515604511186333,0.06051360914006227,0.9515604511186333,0.043208693241812035,32.0,0.9604876136718802,0.05028583865779362,0.9604876136718802,0.06877975546089182,-1.6,0.9811365812905751,0.0245411758299416,0.9811365812905751,0.030950159158553106,4.34,0.9618920244815764,0.049542649322199823,0.9618920244815764,0.06737169713829544,2.0,0.7286061119086146,0.2527080021676749,0.7286061119086146,0.21481292207686872,20.4,0.9759912747749937,0.032046772334019494,0.9759912747749937,0.04000539663400008,58.8,0.9645206845532921,0.04322663751952018,0.9645206845532921,0.04592683233254669
39.6,0.9771224014903127,0.02923356816478644,0.9771224014903127,0.017787071816902873,783.0,0.9515604511186333,0.06051360914006227,0.9515604511186333,0.043208693241812035,34.0,0.9585239011515339,0.053288724955510784,0.9585239011515339,0.07055963095150154,-1.6,0.9818121457630189,0.02371459133934235,0.9818121457630189,0.028936899167475622,4.56,0.960384682086636,0.050959282532524144,0.960384682086636,0.06833228689225791,33.67243525896414,0.726141656631942,0.25614285893985955,0.726141656631942,0.210677041808118,20.8,0.9755442401879152,0.03247015918703315,0.9755442401879152,0.038128068938692465,51.4,0.9636117308727845,0.04418109670710202,0.9636117308727845,0.04606853124574671
57.3,0.9758092563294319,0.030814396062369243,0.9758092563294319,0.020453899759709213,938.0,0.9515604511186333,0.06051360914006227,0.9515604511186333,0.043208693241812035,46.0,0.9570146362318398,0.05516809397546902,0.9570146362318398,0.07206688891907291,0.0,0.9831433403327472,0.021925118578366785,0.9831433403327472,0.028222877936662862,9.81,0.9582260186392249,0.05315127703724728,0.9582260186392249,0.06808910888562644,15.0,0.7284830549162298,0.2537588823493988,0.7284830549162298,0.2069577815868641,28.6,0.9747920464315387,0.033188688581243624,0.9747920464315387,0.038253500771187915,50.6,0.9625658936499729,0.04525251316209671,0.9625658936499729,0.04612479591615635
56.5,0.9758092563294319,0.030814396062369243,0.9758092563294319,0.020453899759709213,1911.0,0.948443746931303,0.0654967738580468,0.948443746931303,0.049518100948922075,49.0,0.9548943548193435,0.05790100155950092,0.9548943548193435,0.07266054367722906,-3.1,0.9846526052524411,0.019938802648958295,0.9846526052524411,0.02369806726760152,15.56,0.9545625422380238,0.057663697082110124,0.9545625422380238,0.0735953184170129,30.0,0.7372678188055267,0.2467466753332594,0.7372678188055267,0.20720966640454114,31.8,0.9732456850103328,0.03481444942381487,0.9732456850103328,0.03949137830241213,69.4,0.9622682183565905,0.045654155531475886,0.9622682183565905,0.04584015159703271
55.3,0.9771224014903127,0.02923356816478644,0.9771224014903127,0.018823741011315984,2687.0,0.9461305749196426,0.06799603799595244,0.9461305749196426,0.051973027560619396,42.0,0.9545364000154415,0.058415571525639094,0.9545364000154415,0.07200551958324455,-7.0,0.9843977730657645,0.020272131965667083,0.9843977730657645,0.024143721911398502,9.2,0.9529641975351533,0.05941464425793387,0.9529641975351533,0.07849841027529847,36.0,0.7402386297085517,0.2462268948368557,0.7402386297085517,0.2067683212675213,29.0,0.9725701205378892,0.035625825969321276,0.9725701205378892,0.039726552248795274,71.8,0.9607589534368964,0.04755350676010047,0.9607589534368964,0.05150392183836429
65.5,0.9779295377419283,0.027957342373688392,0.9779295377419283,0.019645659644343793,3084.0,0.9443684003380254,0.06966346985867772,0.9443684003380254,0.05153642283080226,56.0,0.9567229109587714,0.05518071797481662,0.9567229109587714,0.07041999768891805,3.1,0.9852514078881741,0.019247603881058794,0.9852514078881741,0.023149942087104174,8.71,0.9527662636723696,0.059625528026510964,0.9527662636723696,0.07802144836755306,41.0,0.7402386297085517,0.2462268948368557,0.7402386297085517,0.2067683212675213,26.3,0.97201761305783,0.03635966777064662,0.97201761305783,0.04102594671514723,69.8,0.9602813228272362,0.04812986605815074,0.9602813228272362,0.05103263017061245
56.9,0.9781843699286051,0.02762827453718377,0.9781843699286051,0.018729155432823323,2264.0,0.9443684003380254,0.06966346985867772,0.9443684003380254,0.05153642283080226,21.0,0.9591407156376726,0.05254488277057417,0.9591407156376726,0.0676787833269929,-2.3,0.9865645530490549,0.017635285744539368,0.9865645530490549,0.02081736122311704,19.22,0.9504248653880818,0.06366682862852358,0.9504248653880818,0.08766091484337363,49.0,0.7402386297085517,0.2462268948368557,0.7402386297085517,0.2067683212675213,32.9,0.9706579693261553,0.03835253864555913,0.9706579693261553,0.04479316297211951,70.6,0.9614326329430284,0.04675538045273998,0.9614326329430284,0.047922329643752135
56.5,0.978859934401049,0.02680640935902004,0.978859934401049,0.017209226823502302,1645.0,0.9443684003380254,0.06966346985867772,0.9443684003380254,0.05153642283080226,28.0,0.961703230793752,0.048882754684131634,0.961703230793752,0.05851111724157491,-0.8,0.987117060529114,0.01687936759955088,0.987117060529114,0.02033496849951272,13.68,0.9521337457217514,0.06102370727838642,0.9521337457217514,0.082715942123674,50.0,0.7402386297085517,0.2462268948368557,0.7402386297085517,0.2067683212675213,31.0,0.9703602940327731,0.03875990896925543,0.9703602940327731,0.04514844792349844,69.0,0.963221320332137,0.04514430729860517,0.963221320332137,0.047392151430077106
31.4,0.9793375650107091,0.026207582778118826,0.9793375650107091,0.016980486879299393,1638.0,0.9439858247840042,0.06996367791580414,0.9439858247840042,0.04989571788839207,31.0,0.960598419248754,0.050518841528854316,0.960598419248754,0.06010804677747137,4.7,0.98809030029494,0.015620343429862129,0.98809030029494,0.019269365679410438,7.57,0.9523565441447349,0.060770410353714735,0.9523565441447349,0.08400246618230742,49.0,0.7426856622720904,0.2459150712034664,0.7426856622720904,0.2042598380559813,26.3,0.9707810263185402,0.038276516542400066,0.9707810263185402,0.04175270791570678,74.1,0.9629236450387548,0.045546275731987725,0.9629236450387548,0.04835943007966126
40.0,0.978916832724942,0.026700713850779344,0.978916832724942,0.017910689193540268,1601.0,0.9420306075762456,0.071937000228054,0.9420306075762456,0.04851599893095066,32.0,0.9596894655682465,0.051462183408272445,0.9596894655682465,0.06044472170663634,0.0,0.988268370644906,0.015426889037119293,0.988268370644906,0.018930581005855443,9.51,0.9505371281802663,0.06290744896801247,0.9505371281802663,0.09045370251511012,48.0,0.7429404944587672,0.24574398680565024,0.7429404944587672,0.20424890889466707,28.2,0.9698077865527139,0.0394902058253808,0.9698077865527139,0.04534928170095647,72.2,0.9646325253724244,0.04283331103855061,0.9646325253724244,0.044502647024273964
37.3,0.978916832724942,0.026700713850778983,0.978916832724942,0.017170180642134512,1621.0,0.9413444523187215,0.07259231877432429,0.9413444523187215,0.04759681920841593,79.0,0.959242430981168,0.051868956720179424,0.959242430981168,0.05882415175128055,-0.8,0.9884464409948718,0.01523336391507031,0.9884464409948718,0.01918806761636205,8.9,0.9503143297572827,0.06315970658765604,0.9503143297572827,0.09118332797519238,51.0,0.7475660837523708,0.24315611637510715,0.7475660837523708,0.19877511753962251,27.5,0.9684765919829856,0.04123045096530588,0.9684765919829856,0.04726252145981167,72.5,0.9629236450387548,0.04554627573198808,0.9629236450387548,0.048174416062979786
44.3,0.978916832724942,0.026700713850779344,0.978916832724942,0.018083292214480875,1766.0,0.9428517947136619,0.0712415683887016,0.9428517947136619,0.04747856174143466,30.0,0.9612061435015143,0.04886075407354356,0.9612061435015143,0.05146595003406806,-2.3,0.9884464409948718,0.015233363915071033,0.9884464409948718,0.018719369102804875,11.8,0.9501362594073167,0.06333656811913863,0.9501362594073167,0.09382264507853685,52.0,0.7499512832882013,0.24246088987764236,0.7499512832882013,0.19502887747447195,29.8,0.9684765919829856,0.04123045096530588,0.9684765919829856,0.04887973480053151,71.0,0.9613412028840966,0.04776564069572428,0.9613412028840966,0.05307321093900627
34.1,0.9802299778858228,0.025109076672659755,0.9802299778858228,0.017164793938976415,1720.0,0.9445093366280379,0.06965097061404737,0.9445093366280379,0.04598735255823039,29.0,0.9606536360214551,0.04957793303139583,0.9606536360214551,0.05246670273133108,3.1,0.9875359787109106,0.01654026650824988,0.9875359787109106,0.021004189261953788,8.72,0.9520947057747245,0.06078281878597179,0.9520947057747245,0.08961917684736767,51.0,0.7514578809567032,0.24215723666081776,0.7514578809567032,0.1900686727980935,27.1,0.9708610367890994,0.03768605459532484,0.9708610367890994,0.04321422993452892,73.3,0.9626418722935847,0.04637980175205744,0.9626418722935847,0.052659949399078004
50.6,0.9805698832808772,0.02475572201699231,0.9805698832808772,0.01698957192879122,1722.0,0.9467113281465279,0.06723990629095768,0.9467113281465279,0.045016380603171244,41.0,0.9600548333857223,0.05023236733108342,0.9600548333857223,0.05413960283791827,-3.1,0.9875359787109106,0.01654026650824988,0.9875359787109106,0.021004189261953788,12.81,0.9536039706944186,0.05892289287453275,0.9536039706944186,0.08560551193141136,52.0,0.7528690859969903,0.24075670772445087,0.7528690859969903,0.18484835519764606,30.2,0.9731296342012817,0.034720155359608595,0.9731296342012817,0.03909362053666714,70.2,0.9641033334541514,0.0447065706385269,0.9641033334541514,0.05093765473746471
42.4,0.9821682279837476,0.0228919559313177,0.9821682279837476,0.015337027844613493,1721.0,0.9475184643981435,0.06603729745766916,0.9475184643981435,0.0468552181925674,33.0,0.9611006706085337,0.04916942439802826,0.9611006706085337,0.054275806318914176,3.1,0.9862047841411825,0.01834526901957627,0.9862047841411825,0.024409981699983162,10.69,0.9558562420553324,0.05669555111884695,0.9558562420553324,0.08354214935072383,49.0,0.7584502454609934,0.23391756931675536,0.7584502454609934,0.20302752076147523,28.2,0.9753316257197717,0.03214747551060223,0.9753316257197717,0.03718628446237027,71.8,0.964863971134973,0.04388843065424576,0.964863971134973,0.05086053691865297
59.6,0.9823165439834337,0.0227497476618486,0.9823165439834337,0.015844503293369,1621.0,0.9479960950078037,0.0654782619458081,0.9479960950078037,0.045377626876889884,47.0,0.9625621317691004,0.04750333549447672,0.9625621317691004,0.05207103119016571,-3.1,0.9869800900442252,0.017316698634727245,0.9869800900442252,0.023536174907204506,13.97,0.9568635953869515,0.05587742831219033,0.9568635953869515,0.08397739860682024,48.0,0.7613492167228317,0.23327304696839016,0.7613492167228317,0.2013486364702257,31.0,0.9760838194761482,0.031427717357733136,0.9760838194761482,0.037436459707732885,69.0,0.9641884066625289,0.044686043187912514,0.9641884066625289,0.05163724737907355
46.3,0.9833320138509323,0.02156539571880926,0.9833320138509323,0.014970091117998642,1596.0,0.9482119081682152,0.06532702925816475,0.9482119081682152,0.04420563233387734,23.0,0.9640235929296673,0.04583196029489811,0.9640235929296673,0.04897677713110644,1.6,0.9869800900442252,0.017316698634727245,0.9869800900442252,0.023536174907204506,10.59,0.9592814000658527,0.05324292598158481,0.9592814000658527,0.08128363048713727,45.0,0.7620794466849015,0.23326203861770956,0.7620794466849015,0.20411544527548448,28.2,0.9776821641790189,0.029583759254045012,0.9776821641790189,0.036343668311200235,70.6,0.9630551459555846,0.04619229208231252,0.9630551459555846,0.05289435448783117
36.9,0.9839308164866651,0.020876146460924005,0.9839308164866651,0.015258767323415435,1514.0,0.9468091984405158,0.0666248441839469,0.9468091984405158,0.04228043828265611,34.0,0.9667859463890414,0.042503835260685456,0.9667859463890414,0.046865019569762155,-2.3,0.9862047841411825,0.01834526901957627,0.9862047841411825,0.024917354293066067,8.15,0.9597284346529315,0.0528367744719812,0.9597284346529315,0.07958589440544653,46.0,0.7590698969417435,0.23568302720604586,0.7590698969417435,0.20712298141945434,26.7,0.9776821641790189,0.029583759254046084,0.9776821641790189,0.03789499097854842,71.8,0.963710776052869,0.045266049809398606,0.963710776052869,0.05178020457059254
27.1,0.9839308164866651,0.020876146460924005,0.9839308164866651,0.015750374304631845,1511.0,0.9467045657732749,0.06669616546752828,0.9467045657732749,0.04182129376997046,88.0,0.9673847490247742,0.04183959094600465,0.9673847490247742,0.045192119463174966,1.6,0.9875359787109106,0.01654026650824988,0.9875359787109106,0.022233389766835688,5.9,0.9603272372886643,0.05218420879409126,0.9603272372886643,0.0782709344452243,48.0,0.7588918265917777,0.23577845369083503,0.7588918265917777,0.20880980880257113,23.9,0.9774842303162351,0.02980678554049952,0.9774842303162351,0.03829299502240306,73.7,0.9625208912994933,0.046219886139868674,0.9625208912994933,0.05237478304391977
43.5,0.9831236802350496,0.02216630185215171,0.9831236802350496,0.017378442540173532,1612.0,0.9482119081682152,0.0653270292581644,0.9482119081682152,0.0435801756656953,30.0,0.9673847490247742,0.041839590946003945,0.9673847490247742,0.04584894056613779,3.1,0.9863846685951185,0.017990342719296556,0.9863846685951185,0.024292452753084243,3.78,0.9595519313856218,0.05315608644312866,0.9595519313856218,0.07703950681478212,46.0,0.7587647377724456,0.23582633867961808,0.7587647377724456,0.20524156237160196,21.2,0.9768854276805022,0.030485878225568717,0.9768854276805022,0.03805777159916915,65.1,0.9634941310653194,0.045022709193595384,0.9634941310653194,0.05188575302055203
37.6,0.9831236802350496,0.02216630185215171,0.9831236802350496,0.017378442540173532,790.0,0.9478539533643131,0.06583488858409466,0.9478539533643131,0.04387801993664,31.0,0.9695050304372705,0.03903247425882095,0.9695050304372705,0.04131966786968476,-3.9,0.9871599744981612,0.016961300636388,0.9871599744981612,0.021978233520954706,3.99,0.9579535866827513,0.054924716957704026,0.9579535866827513,0.08119447617220939,39.0,0.7593635404081787,0.23547037469005092,0.7593635404081787,0.20589523297978507,20.4,0.9755722825196217,0.03206461977515205,0.9755722825196217,0.0391007939699617,57.6,0.962718825162277,0.0460038346650442,0.962718825162277,0.0522763893969344
43.1,0.9828688480483727,0.02249852003353144,0.9828688480483727,0.017652437299190152,1787.0,0.9482119081682152,0.06532702925816475,0.9482119081682152,0.04632758663401759,19.0,0.9708646741689452,0.03704304834362726,0.9708646741689452,0.038588389581788916,7.8,0.9871599744981612,0.016961300636387636,0.9871599744981612,0.021473513089091213,7.94,0.9568487751377533,0.05654701019168773,0.9568487751377533,0.08658566254727143,33.0,0.7565007102626878,0.23653920880667798,0.7565007102626878,0.21154278947683047,24.3,0.9755722825196217,0.03206461977515205,0.9755722825196217,0.04053902981141849,70.2,0.9636920649281031,0.04480617415666497,0.9636920649281031,0.048796988749127815
18.0,0.9828688480483727,0.02249852003353144,0.9828688480483727,0.016787369027797663,1546.0,0.9501953516486008,0.06181069709713285,0.9501953516486008,0.04096798032332261,46.0,0.972645050186387,0.03456190546700476,0.972645050186387,0.03695985334660731,7.0,0.9868020196942592,0.017509552589249154,0.9868020196942592,0.02105474380367863,5.33,0.955517580568025,0.058238780075505696,0.955517580568025,0.08491783531970004,34.0,0.7500965119988567,0.24372723851513325,0.7500965119988567,0.19539379774823834,25.5,0.9746633288391141,0.03304135406731395,0.9746633288391141,0.04136639599910067,62.7,0.9652013298477972,0.04289627573202991,0.9652013298477972,0.04552363469349669
61.2,0.9828688480483727,0.02249852003353144,0.9828688480483727,0.016870420911059756,1776.0,0.95074785912866,0.061109058351261104,0.95074785912866,0.03927177069854315,37.0,0.9718697442833446,0.03556138045657791,0.9718697442833446,0.038651259215792697,-9.4,0.9868020196942592,0.017509552589249154,0.9868020196942592,0.021171480020379167,15.4,0.9551776751729706,0.05857074863618704,0.9551776751729706,0.08379258100740368,40.0,0.7485872470791627,0.24477253211136996,0.7485872470791627,0.19728706982128447,31.8,0.9745264452968101,0.03316352219176514,0.9745264452968101,0.0404633616182289,69.0,0.9649464976611202,0.04321675142320366,0.9649464976611202,0.04601647314625456
19.6,0.9830916464713563,0.022227408211790946,0.9830916464713563,0.016485039909110336,1996.0,0.9519277704333758,0.06005035960606891,0.9519277704333758,0.03920464696164401,20.0,0.9724685469190775,0.03488909186375298,0.9724685469190775,0.0388929987273527,0.0,0.9868020196942592,0.017509552589249515,0.9868020196942592,0.02255852893778166,6.0,0.9566391363335375,0.05693021989918345,0.9566391363335375,0.0799675590180955,36.0,0.7505405558287598,0.24456382459849518,0.7505405558287598,0.19560637414007712,23.9,0.9758860890284847,0.03115505331340224,0.9758860890284847,0.03617303951770098,76.1,0.9649464976611202,0.043216751423204365,0.9649464976611202,0.04707867333262757
32.9,0.9834676506841058,0.021810176092499772,0.9834676506841058,0.01531973575369757,834.0,0.9516729382466991,0.060361521035388346,0.9516729382466991,0.0396675774396644,33.0,0.9726303819641662,0.034728931784946064,0.9726303819641662,0.039122654044890404,4.7,0.9881332142639874,0.01570230111716541,0.9881332142639874,0.021442700445069678,3.93,0.955505875626593,0.058409330524713976,0.955505875626593,0.08409879367667324,25.0,0.7535239460692003,0.2438670799030376,0.7535239460692003,0.19676267543485543,20.0,0.9743036468738265,0.03342968300056797,0.9743036468738265,0.03840244089448171,57.6,0.9654241282707807,0.042634929607319634,0.9654241282707807,0.04639534338535261
35.3,0.9832448522611222,0.022081490004544315,0.9832448522611222,0.016602927254762073,814.0,0.9500153963323231,0.061982232203600246,0.9500153963323231,0.04021613158689146,32.0,0.97413964688386,0.03278441468835054,0.97413964688386,0.03618094904992088,-2.3,0.9881332142639874,0.01570230111716541,0.9881332142639874,0.020801722371074582,3.7,0.9545326358607666,0.05958217901579542,0.9545326358607666,0.08518217894030909,16.0,0.7521535985304721,0.24409120982622867,0.7521535985304721,0.20135524701292687,19.6,0.9724842309093579,0.03567241597029012,0.9724842309093579,0.04006514973939466,53.3,0.9644508885049544,0.04383709628746165,0.9644508885049544,0.04644994153512477
32.9,0.9828688480483727,0.02249852003353144,0.9828688480483727,0.01621540649302163,798.0,0.9494170076178905,0.06243986059513499,0.9494170076178905,0.03898147054607074,33.0,0.9734840167865758,0.03372975093217875,0.9734840167865758,0.0363912616770177,3.1,0.9896424791836813,0.013696074030710485,0.9896424791836813,0.01780750457606349,3.81,0.9513959972982768,0.0636849187288159,0.9513959972982768,0.09423034108716814,10.0,0.7485289657939477,0.24563237422392342,0.7485289657939477,0.20557088510051794,20.0,0.9724842309093579,0.03567241597029012,0.9724842309093579,0.04142682096891531,58.0,0.9649285191146146,0.043255902346133454,0.9649285191146146,0.046718678165135176
36.5,0.9821826927908487,0.02322123218796161,0.9821826927908487,0.016934529227901122,813.0,0.9471484102057081,0.06526308600394978,0.9471484102057081,0.039775341091351106,47.0,0.9731260619826739,0.03426406725374932,0.9731260619826739,0.03642087250273496,-1.6,0.9892217468979142,0.014199951069685293,0.9892217468979142,0.01828674462890126,6.57,0.9518167295840438,0.06322265520062464,0.9518167295840438,0.09543626456364536,9.0,0.7485289657939477,0.24563237422392342,0.7485289657939477,0.20557088510051794,27.5,0.9724842309093579,0.03567241597029012,0.9724842309093579,0.04257726653180599,51.8,0.9654810265946736,0.04253166073114705,0.9654810265946736,0.045003435960452816
63.5,0.9824928438356232,0.02291522452547628,0.9824928438356232,0.017402210989515273,1935.0,0.9438337721555939,0.07041200732531346,0.9438337721555939,0.04768269668403818,21.0,0.9731260619826739,0.03426406725374932,0.9731260619826739,0.03364578003142263,2.3,0.9894765790845912,0.013863373169669239,0.9894765790845912,0.018277645581680053,21.15,0.9489497434574289,0.06650672213086153,0.9489497434574289,0.09632481329707271,20.0,0.7526027799781856,0.24365905280281314,0.7526027799781856,0.20148779851299123,33.7,0.9710564726805374,0.03719500146788222,0.9710564726805374,0.04317626156965668,68.6,0.9661565910671177,0.041731388319173925,0.9661565910671177,0.044794564795057126
18.4,0.9817175379325807,0.023934572964569426,0.9817175379325807,0.017915968673722703,2348.0,0.943938404822835,0.0703413590003661,0.943938404822835,0.04876354254452708,35.0,0.97267688053496,0.03499517402016936,0.97267688053496,0.03521649657663577,7.0,0.9897314112712678,0.013526620019286116,0.9897314112712678,0.017876919561653316,6.49,0.9471303274929602,0.06862427032597423,0.9471303274929602,0.10136981699574416,17.0,0.7590069782420168,0.236432805451192,0.7590069782420168,0.2233720507455975,24.3,0.9690927601601911,0.040259723550203776,0.9690927601601911,0.04911459717457139,59.6,0.9685410358732309,0.03819718438392335,0.9685410358732309,0.04089314411361019
40.4,0.9830487325023087,0.022145576889075702,0.9830487325023087,0.01603156298179228,823.0,0.9453411145505344,0.06905359516265579,0.9453411145505344,0.05089596713198533,48.0,0.97267688053496,0.03499517402016936,0.97267688053496,0.03521649657663577,-1.6,0.9901521435570351,0.013022191032739062,0.9901521435570351,0.017046344589776233,4.59,0.9459790173771682,0.06995002182165738,0.9459790173771682,0.10078733039274915,21.0,0.7609654246094245,0.23489742940698372,0.7609654246094245,0.21861120011404084,20.8,0.968119520394365,0.04146917466592154,0.968119520394365,0.04823014791279179,52.2,0.9693481721248469,0.03694005322354461,0.9693481721248469,0.0381650735072177
55.3,0.9832268028522747,0.02195432017208508,0.9832268028522747,0.01599893938156292,1912.0,0.9462500682310419,0.06814272601431848,0.9462500682310419,0.04963134267846218,44.0,0.97267688053496,0.03499517402016936,0.97267688053496,0.03521649657663577,0.8,0.991062605840996,0.011708513817806666,0.991062605840996,0.014871528371676764,15.51,0.9476878977108378,0.06733166503791671,0.9476878977108378,0.09889420283411626,28.0,0.7639093065154848,0.23412542374603837,0.7639093065154848,0.22016813983404915,31.4,0.9667598766626904,0.04344645740446384,0.9667598766626904,0.04944968859425901,69.4,0.9702018069472566,0.03594639436734205,0.9702018069472566,0.03599496336934121
51.0,0.981555702887492,0.024098116569733877,0.981555702887492,0.017388471360826666,2476.0,0.9447408033113479,0.06997213534476093,0.9447408033113479,0.05168391129160058,20.0,0.9719162428541387,0.03582745691500897,0.9719162428541387,0.03676779988877255,-10.2,0.9918379117440385,0.010669547313599974,0.9918379117440385,0.013387000388996543,19.27,0.9476878977108378,0.0673316650379174,0.9476878977108378,0.103075353614374,34.0,0.7639093065154848,0.23412542374603837,0.7639093065154848,0.22016813983404915,32.9,0.9659368378628623,0.0442613654611709,0.9659368378628623,0.05235119431741646,72.5,0.9715697620505981,0.03478490602826028,0.9715697620505981,0.037162998869117565
20.0,0.9806452406035312,0.025387480880916614,0.9806452406035312,0.019023749225503178,1645.0,0.9459207146160638,0.06893214753563043,0.9459207146160638,0.052868697132852166,35.0,0.9726089694529347,0.035204416376170763,0.9726089694529347,0.03813429044319829,3.9,0.9909842769216286,0.011708535519432024,0.9909842769216286,0.01409261820090836,4.23,0.9508046018981682,0.06235883569223649,0.9508046018981682,0.09030079723959081,32.0,0.7639093065154848,0.23412542374603837,0.7639093065154848,0.22016813983404915,21.6,0.9659368378628621,0.04426136546117088,0.9659368378628621,0.05111883176029933,62.7,0.9726707232957196,0.033865115987210107,0.9726707232957196,0.037746186735276646
35.7,0.9800464379677981,0.02607158743953282,0.9800464379677981,0.01934679759596617,1593.0,0.9438608647410643,0.07098283671797244,0.9438608647410643,0.05555100976327746,21.0,0.9745674158203425,0.032527644933329714,0.9745674158203425,0.03458944981445533,0.0,0.9909842769216286,0.011708535519432024,0.9909842769216286,0.01409261820090836,8.19,0.9512822325078284,0.06179578404398661,0.9512822325078284,0.09012559982788643,30.0,0.7639093065154848,0.23412542374603837,0.7639093065154848,0.22016813983404915,26.7,0.9672499830237429,0.04271563285228876,0.9672499830237429,0.049355079658116835,72.5,0.9742768792630719,0.03233169821183246,0.9742768792630719,0.03744557177551753
64.7,0.979688483163896,0.026612470778330496,0.979688483163896,0.017635983924850242,1719.0,0.9442188195449663,0.07047927829548947,0.9442188195449663,0.05411299475368229,40.0,0.9745674158203425,0.032527644933329714,0.9745674158203425,0.03536496834170822,-3.1,0.9909842769216286,0.011708535519432024,0.9909842769216286,0.01409261820090836,15.23,0.9495733521741588,0.06443495422443521,0.9495733521741588,0.09237115244979824,38.0,0.7674816455727033,0.23245281180076643,0.7674816455727033,0.21676392042444015,31.4,0.9686096267554175,0.04073625992370561,0.9686096267554175,0.048355804483036655,68.2,0.975428189378864,0.030916866507292418,0.975428189378864,0.03527221568121963
47.8,0.9792002617691556,0.027105967463673386,0.9792002617691556,0.016888596068297398,1887.0,0.9455103487794955,0.06927022101666393,0.9455103487794955,0.05621974862991208,39.0,0.9750556372150829,0.03203932615442422,0.9750556372150829,0.036045529385074174,-5.5,0.9909842769216286,0.011708535519432024,0.9909842769216286,0.01409261820090836,13.37,0.9495733521741588,0.06443495422443452,0.9495733521741588,0.08819000166954052,43.0,0.7696689112457502,0.2317858895178987,0.7696689112457502,0.21550003460880063,33.3,0.9683639347437002,0.04093683155681724,0.9683639347437002,0.04741928525786491,63.8636053593179,0.9765614500858084,0.029372154383856174,0.9765614500858084,0.032653075955035596
18.4,0.9795762659819052,0.026692326994680268,0.9795762659819052,0.017782038182342468,1397.0,0.9464604763986556,0.06839612813658494,0.9464604763986556,0.056667061467902353,28.0,0.9758162748959045,0.031201221113446576,0.9758162748959045,0.0362465766335842,-2.3,0.9909842769216286,0.011708535519432024,0.9909842769216286,0.01409261820090836,3.42,0.9508578961461157,0.06330982783342394,0.9508578961461157,0.08984094300833452,39.0,0.7709298169025345,0.23152228651788437,0.7709298169025345,0.21081474187935978,20.0,0.9705659262621903,0.03839162924246691,0.9705659262621903,0.04428393941892899,67.1,0.9773367559888512,0.02836267142062892,0.9773367559888512,0.03161902255950778
34.1,0.9792363605868507,0.02704463407996766,0.9792363605868507,0.019549844650891483,809.0,0.9459001576541148,0.06879869737951219,0.9459001576541148,0.05830905770402862,32.0,0.9749626400734949,0.03220515143709839,0.9749626400734949,0.03781526607065114,-4.7,0.9914619075312889,0.011094696601975339,0.9914619075312889,0.013389210533459652,3.83,0.950969076639286,0.06322964688650624,0.950969076639286,0.09195173971450567,5.0,0.7730041634711847,0.23085355993936227,0.7730041634711847,0.2091867262810626,20.0,0.9711400496686007,0.03786642718710477,0.9711400496686007,0.04369915409116297,61.6,0.976916023703084,0.028853820779415597,0.976916023703084,0.03252409163649212
35.7,0.9788603563741012,0.027457988573047612,0.9788603563741012,0.021372605474447914,796.0,0.9448543204313032,0.0698214006677105,0.9448543204313032,0.05589970948744569,36.0,0.9749626400734949,0.03220515143709875,0.9749626400734949,0.0384153929882283,0.8,0.992435147297115,0.009824311767513895,0.992435147297115,0.012259405457360754,4.22,0.948075170874939,0.06795021356143509,0.948075170874939,0.10310617006999946,0.0,0.7730041634711847,0.23085355993936227,0.7730041634711847,0.2091867262810626,21.2,0.9711400496686007,0.03786642718710513,0.9711400496686007,0.04635419167519651,58.8,0.9764383930934237,0.029449808867668466,0.9764383930934237,0.03296403861226978
55.7,0.9775291618043729,0.029231871282903336,0.9775291618043729,0.022529661929473296,550.0,0.9434265622024829,0.07124603952987217,0.9434265622024829,0.05665451705916599,37.0,0.9748008050284064,0.032366142232138705,0.9748008050284064,0.03644378763425244,-3.9,0.9921803151104382,0.010162954756780888,0.9921803151104382,0.012730468854855393,9.22,0.9457619988632788,0.07044239369919011,0.9457619988632788,0.10305941027529587,5.0,0.7730041634711847,0.23085355993936227,0.7730041634711847,0.2091867262810626,29.4,0.969056661342496,0.040319908550421786,0.969056661342496,0.04700776181480107,62.0,0.9744746805730774,0.03254795972737188,0.9744746805730774,0.037210634927362166
42.7,0.9764833245815615,0.030336148862001637,0.9764833245815615,0.0232610263326705,1107.0,0.9425160999185219,0.0724379981467323,0.9425160999185219,0.05913639267511246,19.0,0.9743516235806924,0.033099436763468916,0.9743516235806924,0.03531943606336188,-2.3,0.9921803151104382,0.010162954756780888,0.9921803151104382,0.012730468854855395,6.99,0.9453859946505292,0.07082363638258399,0.9453859946505292,0.10054941422402722,6.0,0.7730041634711847,0.23085355993936227,0.7730041634711847,0.2091867262810626,25.5,0.9692545952052797,0.04010105660546627,0.9692545952052797,0.04360984381286253,59.2,0.9744746805730774,0.03254795972737188,0.9744746805730774,0.036913526855462335
51.4,0.9764833245815615,0.030336148862001637,0.9764833245815615,0.022873672443478463,1031.0,0.9398770263408516,0.07678248698320285,0.9398770263408516,0.061056327895067014,49.0,0.9750072536779768,0.03215279397489889,0.9750072536779768,0.03588470608195519,4.7,0.9926010473962055,0.009655823415820004,0.9926010473962055,0.012190487353875809,7.46,0.9465192553574737,0.06937652841190652,0.9465192553574737,0.09402851007855567,8.0,0.7692849756620818,0.23224834799829597,0.7692849756620818,0.21282844713656757,26.3,0.9698071026853388,0.03937154995481658,0.9698071026853388,0.03970323400602487,63.5,0.9762550565905191,0.03004889165120877,0.9762550565905191,0.03391983692437387
68.2,0.9774987944490598,0.029166991894735983,0.9774987944490598,0.02028551321580763,1749.0,0.9398770263408518,0.07678248698320356,0.9398770263408518,0.061790552996841386,42.0,0.9746312494652273,0.03256230276282514,0.9746312494652273,0.03612194501118511,5.5,0.9912698528264773,0.011479557407174868,0.9912698528264773,0.014664525080562015,20.82,0.9475879861690192,0.06841276983415566,0.9475879861690192,0.09222408533681842,23.0,0.7663015854216413,0.23304484046358406,0.7663015854216413,0.21460704608049708,33.7,0.971138297255067,0.03762621021608068,0.971138297255067,0.037271661002811325,68.2,0.9756562539547863,0.030726935397524763,0.9756562539547863,0.036183889343954265
89.0,0.9763474843332678,0.030587046381316263,0.9763474843332678,0.019305598107484542,2387.0,0.9404148655986897,0.07625885992127601,0.9404148655986897,0.06311284616595562,59.0,0.9741536188555671,0.03315501282559001,0.9741536188555671,0.03673155332863677,-6.2,0.9919454172989212,0.010635192927466204,0.9919454172989212,0.013474996592589819,32.6,0.9460806437740789,0.06977595836799803,0.9460806437740789,0.0926464910505189,42.0,0.7654925576899828,0.2330699316200171,0.7654925576899828,0.21159624779800412,37.3,0.9700695664435213,0.03865161933345311,0.9700695664435213,0.03687976030880498,66.7,0.9745229932478418,0.032268577147283754,0.9745229932478418,0.03623640468341997
20.4,0.9752142236263234,0.032129994573991495,0.9752142236263234,0.019660182502462625,2055.0,0.941388105364516,0.0751224088365381,0.941388105364516,0.06163998268939681,54.0,0.971429268654399,0.03706901888097387,0.971429268654399,0.04227178403737524,-0.8,0.9922430925923034,0.010209800494101457,0.9922430925923034,0.01292763950376478,6.12,0.947614905806751,0.06697373062063297,0.947614905806751,0.08261363735504969,47.0,0.7645843899450921,0.2330994653120771,0.7645843899450921,0.20862857630158715,24.3,0.9696203849958077,0.03937829755779383,0.9696203849958077,0.035680095450697766,63.1,0.9745229932478418,0.032268577147283754,0.9745229932478418,0.03623640468341997
47.1,0.9767234885460173,0.030176011873023045,0.9767234885460173,0.01718359144437387,2358.0,0.9402832938195179,0.07669070074576045,0.9402832938195179,0.06059704531204413,25.0,0.9685566024535449,0.04109790474896055,0.9685566024535449,0.047324369325454745,-4.7,0.9907338276726095,0.012226720220012243,0.9907338276726095,0.015259412768872034,16.28,0.947614905806751,0.06697373062063297,0.947614905806751,0.08256086888562687,49.0,0.7635756796911741,0.23313399256538248,0.7635756796911741,0.2057048701518625,31.8,0.9700980156054678,0.038791561499174544,0.9700980156054678,0.03303757952533911,72.9,0.9745229932478416,0.03226857714728375,0.9745229932478416,0.03623640468341997
18.8,0.9783218332488879,0.02832873161142293,0.9783218332488879,0.01728997109007977,1731.0,0.9389520992497897,0.07832187297163178,0.9389520992497897,0.061435647830089264,29.0,0.9670473375338511,0.043017721074319365,0.9670473375338511,0.05038504830986474,11.7,0.9915874624950192,0.011188445943351274,0.9915874624950192,0.014765734160205088,4.22,0.9485238594872588,0.06605835882940685,0.9485238594872588,0.07999088201722125,45.0,0.7677845286401287,0.23035654025186142,0.7677845286401287,0.2018699640459628,21.2,0.9693227097024254,0.0397848922170124,0.9693227097024254,0.03641659012048508,74.5,0.9724027118353455,0.03510585337836977,0.9724027118353455,0.0414819965480373
41.6,0.9794550939558322,0.02677623166265202,0.9794550939558322,0.016275315503747226,763.0,0.9389520992497897,0.07832187297163178,0.9389520992497897,0.061435647830089264,31.0,0.9665697069241909,0.04360040344086382,0.9665697069241909,0.05261357691324007,-0.8,0.9920650931046795,0.01057397619436722,0.9920650931046795,0.013976692702196012,4.49,0.9469414173326006,0.06820800205334278,0.9469414173326006,0.08176962101962558,38.0,0.7697384755973437,0.2296107592209784,0.7697384755973437,0.19763624781207667,20.8,0.9680095645415447,0.0413381604174593,0.9680095645415447,0.036432197401824004,60.0,0.9717470817380612,0.036047858926573945,0.9717470817380612,0.04466999628627483
33.3,0.9792002617691556,0.027105967463673386,0.9792002617691556,0.016888596068297398,789.0,0.9381914615689684,0.0790882451187518,0.9381914615689684,0.0603467225455146,28.0,0.9672452713966347,0.04279990919156856,0.9672452713966347,0.05383567844028322,3.9,0.9920650931046795,0.01057397619436722,0.9920650931046795,0.013419130342103305,3.92,0.9469414173326006,0.06820800205334278,0.9469414173326006,0.07966580758647641,35.0,0.7666512679331842,0.2312574083670023,0.7666512679331842,0.2037490201374588,20.0,0.9681578805412309,0.04120092854284021,0.9681578805412309,0.0346223497928836,59.2,0.9713263494522941,0.03653273053865537,0.9713263494522941,0.04514355949163008
41.6,0.9792002617691556,0.027105967463673386,0.9792002617691556,0.017278739537068488,1034.0,0.9393247222759128,0.0776634160265937,0.9393247222759128,0.058123531308311466,23.0,0.968409057263819,0.04151826404973667,0.968409057263819,0.05171758234357331,7.0,0.9924230479085815,0.010020231181203229,0.9924230479085815,0.012475100305709167,6.94,0.9488998637000083,0.06567377560683131,0.9488998637000083,0.07948240181461486,34.0,0.761512225740229,0.23521538081232354,0.761512225740229,0.2120159019457822,26.3,0.9689331864442734,0.040210001014999656,0.9689331864442734,0.033885606030265095,63.9,0.9720869871331156,0.03570153872043095,0.9720869871331156,0.042338572911447235
18.8,0.9797527692492146,0.02636118050274598,0.9797527692492146,0.016539008678454693,1646.0,0.9373695050681543,0.07960951127883982,0.9373695050681543,0.06126274085007128,25.0,0.968821345625141,0.04115465235712386,0.968821345625141,0.052975966380093366,7.8,0.9926011182585474,0.009824899190190873,0.9926011182585474,0.011906090576953559,4.67,0.9493490451477219,0.06497585460962069,0.9493490451477219,0.07989937686014739,33.0,0.7596219647323087,0.2358263543129899,0.7596219647323087,0.21336669822412593,24.3,0.9669694739239268,0.043261568224669616,0.9669694739239268,0.03551140383105705,66.7,0.9728336918472342,0.03507578445244375,0.9728336918472342,0.04434471872612089
18.0,0.980408399346499,0.025404538435036348,0.980408399346499,0.01504765815637681,1573.0,0.9365623688165388,0.08078632920541812,0.9365623688165388,0.061164209245747905,19.0,0.9707850581454874,0.038092646473624835,0.9707850581454874,0.04880974871710968,12.5,0.9917474834361378,0.010865428101149092,0.9917474834361378,0.013217680262397741,4.34,0.9515355560910518,0.06177510655318982,0.9515355560910518,0.0737535497523901,30.0,0.7596219647323087,0.2358263543129899,0.7596219647323087,0.21336669822412593,22.0,0.9677447798269695,0.04227358929579973,0.9677447798269695,0.032652782190590104,65.1,0.9721581273747905,0.035886615338444,0.9721581273747905,0.04438063254595662
26.3,0.9793551491101137,0.027240445424423207,0.9793551491101137,0.01778588186263665,1432.0,0.9402169122617072,0.07539769290909594,0.9402169122617072,0.052380844067554805,42.0,0.972098203306368,0.036530219770200795,0.972098203306368,0.04806849944067842,2.3,0.9917474834361378,0.010865428101149092,0.9917474834361378,0.013190304886056409,9.11,0.9515355560910518,0.06177510655318982,0.9515355560910518,0.07589443891602293,33.0,0.7614413806967774,0.23458628878174603,0.7614413806967774,0.2091495392941623,29.8,0.9660358994932999,0.044996800193635986,0.9660358994932999,0.03576947233251783,73.7,0.9730685896587513,0.034618642046759476,0.9730685896587513,0.04234328326519811
36.5,0.9786795846376696,0.02806244599982148,0.9786795846376696,0.01933690149609145,1627.0,0.9413682223774994,0.07408771737878904,0.9413682223774994,0.05003726198865401,31.0,0.9720982033063682,0.036530219770201156,0.9720982033063682,0.04789067591365334,-1.6,0.9917474834361378,0.010865428101148728,0.9917474834361378,0.012824696595113382,5.67,0.9524460183750129,0.060560217554873494,0.9524460183750129,0.07221632775502809,30.0,0.7647560187468914,0.2312504147493904,0.7647560187468914,0.2019868058087971,22.7,0.9669463617772609,0.04374581512704627,0.9669463617772609,0.03489782262976854,71.4,0.975453034464865,0.031040320314212028,0.975453034464865,0.03679077844970959
37.6,0.9776641147701713,0.029234236008111796,0.9776641147701713,0.019668261362352214,810.0,0.9425014830844439,0.07265140423983636,0.9425014830844439,0.04744509037377715,33.0,0.9740619158267143,0.03344797370404637,0.9740619158267143,0.042547378496375576,-4.7,0.989967107418696,0.013440392183915089,0.989967107418696,0.015901973476308753,4.19,0.9529838576328508,0.06001926434149016,0.9529838576328508,0.07201635354824718,11.0,0.7676549900087297,0.2305756664906865,0.7676549900087297,0.20346728908203704,27.23618212807402,0.9666486864838786,0.044149876807490274,0.9666486864838786,0.03584255413013121,56.9,0.9758737667506321,0.03055088648357344,0.9758737667506321,0.037564940874473006
34.5,0.9791733796898654,0.027270632537138437,0.9791733796898654,0.017194955743491006,1690.0,0.9409672210517716,0.07542806952066568,0.9409672210517716,0.0535540971723917,19.0,0.9748690520783302,0.032179385558132226,0.9748690520783302,0.04086287624098874,-1.6,0.9890566451347348,0.014750999360369244,0.9890566451347348,0.018146906629300366,8.86,0.9551703685761807,0.05679377484223009,0.9551703685761807,0.06847107445039571,10.0,0.7685631577536204,0.230540810467156,0.7685631577536204,0.20634417023730195,28.2,0.9674239923869211,0.043162960854923875,0.9674239923869211,0.03518230905501922,71.0,0.9752181366533479,0.03149948579268438,0.9752181366533479,0.03918330258060112
41.2,0.9787526474040983,0.027763220352513978,0.9787526474040983,0.0185459840094774,780.0,0.9406092662478696,0.07592782623269782,0.9406092662478696,0.053203951678421534,32.0,0.976378316998024,0.03022620503422479,0.976378316998024,0.038153153851133215,0.6281970010971596,0.9882813392316924,0.01578380391839019,0.9882813392316924,0.019851700118367628,4.54,0.9557228760562398,0.05608518735295514,0.9557228760562398,0.0661860885590464,1.0,0.7693721854852789,0.2305109853269972,0.7693721854852789,0.2092657304935259,20.8,0.9679764998669802,0.04243666631069201,0.9679764998669802,0.032349028406523206,55.7,0.9755580420484024,0.03115025376639493,0.9755580420484024,0.0371478591877566
46.3,0.9790627984488729,0.027459771594283013,0.9790627984488729,0.01930266552590339,790.0,0.9403864678248862,0.07617405478104644,0.9403864678248862,0.0518047908720971,36.0,0.9773937868655225,0.029057066099514726,0.9773937868655225,0.03451511506224358,9.4,0.9866102392669095,0.017949456636540684,0.9866102392669095,0.02253056549738541,5.1,0.9546696258198545,0.057839614337063056,0.9546696258198545,0.06784909887753403,3.0,0.7716694204681952,0.2300703387278287,0.7716694204681952,0.2101918440005099,22.7,0.9670660375830191,0.04369030449499078,0.9670660375830191,0.03509176588100742,52.9,0.9753799716984365,0.031338277666686225,0.9753799716984365,0.03616254947391014
40.8,0.9790627984488729,0.027459771594283013,0.9790627984488729,0.018845753181324792,815.0,0.9415197285318307,0.07474193804004013,0.9415197285318307,0.0518428043210511,35.0,0.9767182223930786,0.029876088316451145,0.9767182223930786,0.03575621921660601,-0.8,0.9871480785247478,0.017363471437774943,0.9871480785247478,0.0217466274725414,4.58,0.9546696258198545,0.057839614337062355,0.9546696258198545,0.06978130684237341,0.0,0.7801944618382587,0.22202433008599037,0.7801944618382587,0.2090608688996866,21.2,0.9678266752638407,0.04286863663751878,0.9678266752638407,0.037035588233892955,52.5,0.9759787743341695,0.03066081180053934,0.9759787743341695,0.03513871308461341
44.3,0.9800360382146991,0.02622180019900187,0.9800360382146991,0.017998978947955012,831.0,0.9391019238529293,0.07726730610581085,0.9391019238529293,0.05291501088589473,38.0,0.9760426579206347,0.03069394976808543,0.9760426579206347,0.03632574678309775,3.9,0.9879552147763634,0.01606396351950019,0.9879552147763634,0.0202039483694706,5.04,0.9538624895682389,0.05905908442397716,0.9538624895682389,0.0668493782034552,0.0,0.7829000034775335,0.22126708710410442,0.7829000034775335,0.20766050288235907,22.4,0.9675718430771642,0.04319005306455709,0.9675718430771642,0.035354561127213885,53.7,0.9759787743341695,0.03066081180053934,0.9759787743341695,0.03513871308461341
46.3,0.9800360382146991,0.02622180019900187,0.9800360382146991,0.01821659817498484,757.0,0.9401885339621024,0.07637829910217221,0.9401885339621024,0.05276536480719891,38.0,0.9749378463756367,0.03237671121529626,0.9749378463756367,0.0383745168531578,-2.3,0.9888656770603245,0.014756054739716267,0.9888656770603245,0.019095341873847902,5.54,0.9528892498024126,0.06022904578132803,0.9528892498024126,0.06897422912850551,3.0,0.7855641988614571,0.2205001612997872,0.7855641988614571,0.20946817702400553,23.5,0.9678695183705464,0.042785284377735704,0.9678695183705464,0.0357679813183121,56.5,0.9759787743341695,0.03066081180053934,0.9759787743341695,0.03513871308461341
38.0,0.9796153059289319,0.02671529308299422,0.9796153059289319,0.019174822070626197,849.0,0.9415197285318305,0.07474193804004012,0.9415197285318305,0.05375032274172372,35.0,0.9754154769852968,0.031783116781011894,0.9754154769852968,0.03785964713071547,0.0,0.9901968716300524,0.012941223594543791,0.9901968716300524,0.017028855742472572,4.43,0.9550757607457425,0.05700438443965496,0.9550757607457425,0.060250096894679764,2.0,0.7855641988614571,0.2205001612997872,0.7855641988614571,0.20946817702400553,21.2,0.9673918877608861,0.04336861320969695,0.9673918877608861,0.035371762930164405,52.5,0.9750055345683433,0.031889010291900645,0.9750055345683433,0.03765993365435882
40.4,0.980588545694758,0.02547585334864658,0.980588545694758,0.01733707823227175,806.0,0.9460197902635297,0.0686535991555114,0.9460197902635297,0.04963756069714825,33.0,0.9746632832289205,0.03250207446467881,0.9746632832289205,0.03914697761002048,0.8,0.991330132336997,0.011351498844758444,0.991330132336997,0.015050772310550613,4.57,0.9560258883649027,0.0561078545909037,0.9560258883649027,0.058327889475090676,0.0,0.7868953934311853,0.2194158080886997,0.7868953934311853,0.20590742740217563,20.8,0.9670817367161114,0.043663134430873614,0.9670817367161114,0.03642990409418599,51.0,0.9750055345683433,0.031889010291900645,0.9750055345683433,0.03765993365435882
43.1,0.9809284510898125,0.0251224902504035,0.9809284510898125,0.018376800891659658,787.0,0.9485823054196092,0.06508893161334983,0.9485823054196092,0.044890121185625693,37.0,0.9746632832289205,0.03250207446467881,0.9746632832289205,0.040089977513621415,-4.7,0.9907776248569382,0.012113806495859232,0.9907776248569382,0.015507684655129209,4.51,0.9555482577552423,0.0566768657974103,0.9555482577552423,0.06046724671616972,33.67243525896414,0.789883711163712,0.21793364091774717,0.789883711163712,0.20315077305043175,20.8,0.9662281018937017,0.04464657962690542,0.9662281018937017,0.036313213413791734,55.3,0.9745279039586829,0.03248229016910705,0.9745279039586829,0.03794374828909507
40.8,0.9806183000450378,0.025427289558443644,0.9806183000450378,0.01892694239046125,796.0,0.9484042350696434,0.06526506539735476,0.9484042350696434,0.04406696102898716,33.0,0.9749609585223029,0.0320908818109545,0.9749609585223029,0.03988361768771634,-3.1,0.9915529307599806,0.011075460930971497,0.9915529307599806,0.013625816507346233,4.52,0.9573104323368595,0.05496272473553865,0.9573104323368595,0.05790909449110852,0.0,0.792756377364566,0.2153388914020203,0.792756377364566,0.19873477615435456,20.8,0.9672435717612,0.04350539416026171,0.9672435717612,0.03482508749690759,55.3,0.9724076225461866,0.03531911646134123,0.9724076225461866,0.041997749359176655
54.1,0.9806183000450378,0.025427289558443644,0.9806183000450378,0.019339724744304645,820.0,0.9493862125115756,0.06442356518665877,0.9493862125115756,0.04433613794845396,47.0,0.9741073236998932,0.03309310456592817,0.9741073236998932,0.04253192760420121,2.3,0.9915529307599806,0.011075460930971497,0.9915529307599806,0.014556568909440487,5.13,0.9581143394288258,0.054281727704473356,0.9581143394288258,0.058847466142410584,1.0,0.7960710154146801,0.21170379163221115,0.7960710154146801,0.19275153841731865,22.7,0.9672435717612,0.04350539416026171,0.9672435717612,0.03482508749690759,60.0,0.9724076225461866,0.03531911646134123,0.9724076225461866,0.041997749359176655
43.1,0.9817820859122223,0.02410591480050564,0.9817820859122223,0.01761120122287115,807.0,0.9493862125115756,0.06442356518665877,0.9493862125115756,0.042275651102437514,44.0,0.9734211684423689,0.03380162565172449,0.9734211684423689,0.045189722754039284,1.6,0.9921054382400396,0.010311967943130024,0.9921054382400396,0.012830842475545706,4.84,0.9581143394288258,0.054281727704473356,0.9581143394288258,0.058847466142410584,0.0,0.8044719732514627,0.20305909705249367,0.8044719732514627,0.19767564000300947,21.6,0.9672435717612,0.04350539416026171,0.9672435717612,0.03482508749690759,52.5,0.9733808623120129,0.03409779006674355,0.9733808623120129,0.0397131756276228
47.8,0.9808716236282613,0.025395579845423927,0.9808716236282613,0.018041834363447015,643.0,0.9522531986381906,0.06113151700277807,0.9522531986381906,0.038777199019593867,36.0,0.973841900728136,0.03331446018461906,0.973841900728136,0.04422692070893123,1.6,0.9916847059542725,0.010818563617377342,0.9916847059542725,0.013439089698674963,5.9,0.9572053857483181,0.05521881033440774,0.9572053857483181,0.05805770169511048,1.0,0.8044719732514627,0.20305909705249367,0.8044719732514627,0.19907589395338995,25.1,0.966092261645408,0.04489274080891717,0.966092261645408,0.034401343879444046,53.3,0.9733808623120129,0.03409779006674355,0.9733808623120129,0.0397131756276228
41.6,0.9805739483348789,0.025811416453860037,0.9805739483348789,0.019853964934013344,863.0,0.9534261246803343,0.05998829134602086,0.9534261246803343,0.04110111120366476,40.0,0.974254189089458,0.032945138557314714,0.974254189089458,0.045708560655636256,-2.3,0.9924600118573151,0.009778238192939588,0.9924600118573151,0.011600630826472407,5.12,0.9588037304511886,0.053452193058490055,0.9588037304511886,0.0551256187185049,2.0,0.8042939029014969,0.2031738820330938,0.8042939029014969,0.2021080510114355,25.5,0.9653316239645864,0.04571122046378605,0.9653316239645864,0.03614118082380814,49.8,0.9733808623120129,0.03409779006674355,0.9733808623120129,0.0397131756276228
38.8,0.9808716236282613,0.025395579845423927,0.9808716236282613,0.01975277884924224,826.0,0.9540249273160671,0.05934493403740421,0.9540249273160671,0.040000795548852566,35.0,0.9759252890542407,0.0308330492433069,0.9759252890542407,0.04221919516594927,-2.3,0.9922372134343314,0.010054824451907042,0.9922372134343314,0.012205417598000073,4.41,0.9590265288741722,0.05319516338013753,0.9590265288741722,0.0553272205108246,0.0,0.8080280437416639,0.20070046830817717,0.8080280437416639,0.19816961352138351,20.4,0.9655864561512632,0.04539126629200986,0.9655864561512632,0.03449544433128332,52.9,0.9733808623120129,0.03409779006674319,0.9733808623120129,0.03968580025128147
65.5,0.9835959738294293,0.021409204639095493,0.9835959738294293,0.016581916704548613,677.0,0.9558053033335091,0.05695074238654677,0.9558053033335091,0.03803679461803065,41.0,0.9756276137608584,0.031245051768431994,0.9756276137608584,0.04528006343350446,-0.8,0.9932104532001577,0.008782410192403015,0.9932104532001577,0.010333864371917967,6.64,0.9612951262863546,0.05030417802246711,0.9612951262863546,0.05472462443664564,5.0,0.8156973980763709,0.19185641818409233,0.8156973980763709,0.19413600108221768,25.5,0.9681489713073423,0.04168373047368653,0.9681489713073423,0.032287494891982106,61.6,0.9727767935233411,0.035180313930839,0.9727767935233411,0.04235217652990934
37.3,0.9851052387491234,0.019421153025043967,0.9851052387491234,0.014229445426677163,848.0,0.9551496732362247,0.05786085881567784,0.9551496732362247,0.03540813146562785,33.0,0.9756276137608584,0.031245051768431994,0.9756276137608584,0.044530954044898444,1.6,0.9918973080392769,0.010417624015978162,0.9918973080392769,0.01228896522092865,4.41,0.9612951262863546,0.05030417802246711,0.9612951262863546,0.052919865894294836,4.0,0.8176808415567568,0.18917939914432655,0.8176808415567568,0.18724096094118556,20.8,0.9694621164682231,0.04013069145719452,0.9694621164682231,0.029614471098483985,54.1,0.9709964175058993,0.03766067883227931,0.9709964175058993,0.04523367534258217
38.4,0.9860784785149495,0.018167271359138402,0.9860784785149495,0.013721094291586985,810.0,0.957113385756571,0.05487869090598594,0.957113385756571,0.03368978178318113,35.0,0.9759252890542407,0.0308330492433069,0.9759252890542407,0.043320945540458344,-1.6,0.9916424758526003,0.010755928268811969,0.9916424758526003,0.012567138488377583,4.14,0.9623638570979002,0.04930176198543007,0.9623638570979002,0.05439638136949106,0.0,0.8188321516725487,0.1882260009695897,0.8188321516725487,0.18419953760185168,20.4,0.9716641079867132,0.03758056747844716,0.9716641079867132,0.02616756218601798,59.2,0.9720118873733976,0.03650609994652854,0.9720118873733976,0.04309622500555331
73.3,0.9864992108007166,0.01766672589645955,0.9864992108007166,0.012871817824659728,722.0,0.9577690158538553,0.053964498739503236,0.9577690158538553,0.033808862182717093,33.0,0.9762832438581427,0.030295865670906773,0.9762832438581427,0.04454500683422918,3.9,0.9914445419898166,0.01098606771876673,0.9914445419898166,0.013007298153829113,7.24,0.9644472454240046,0.046885834032696715,0.9644472454240046,0.0549473739433743,4.0,0.8227418472156366,0.18603640034786095,0.8227418472156366,0.18091290549314962,26.3,0.9730918662155336,0.03605752880517256,0.9730918662155336,0.026934123814585098,50.2,0.9728157944653639,0.03579798264987014,0.9728157944653639,0.04322692543385352
44.3,0.9858130555431923,0.018395585942782025,0.9858130555431923,0.01257265152603829,830.0,0.9568585535698945,0.0551930994899986,0.9568585535698945,0.034766222620861195,35.0,0.975522606177321,0.03113510075057955,0.975522606177321,0.04789557382572205,3.1,0.9910865871859146,0.011538910714315998,0.9910865871859146,0.012941022989802549,4.91,0.9660455901268753,0.04509067474866592,0.9660455901268753,0.05325127774404784,5.0,0.825097829990794,0.1851795931735831,0.825097829990794,0.18216645222031608,22.0,0.9743925356250217,0.034637554626596276,0.9743925356250217,0.025672268745465514,47.8,0.971664484349572,0.037203048114497976,0.971664484349572,0.044232299484367105
40.8,0.9858130555431925,0.01839558594278203,0.9858130555431925,0.01299282579080955,1859.0,0.9568585535698945,0.0551930994899986,0.9568585535698945,0.03572213283228075,72.0,0.9762979120803635,0.03012814153810828,0.9762979120803635,0.044869792717476015,2.3,0.9910865871859146,0.011538910714315998,0.9910865871859146,0.012318293687289851,33.96,0.9657354390821007,0.04538419435465681,0.9657354390821007,0.05215014894025904,32.0,0.825097829990794,0.1851795931735831,0.825097829990794,0.18216645222031608,38.8,0.9740165314122724,0.03504583065285535,0.9740165314122724,0.025498986181580877,62.7,0.9711119768695128,0.03793527163048839,0.9711119768695128,0.04497635319174464
88.2,0.9869178670881903,0.016677592569892614,0.9869178670881903,0.012122107508857848,3012.0,0.9540962001105204,0.05844780869704702,0.9540962001105204,0.038906990224320565,20.0,0.9778962567832342,0.028281629491517538,0.9778962567832342,0.04231959551387805,-1.6,0.9906089565762543,0.012152299022799106,0.9906089565762543,0.012971323312183689,39.73,0.9665890739045104,0.04440194236750725,0.9665890739045104,0.052639568497632044,42.0,0.8234345738144326,0.18564393742429938,0.8234345738144326,0.18368686147408206,38.4,0.9749254850927799,0.034071655400325085,0.9749254850927799,0.024458793198280385,67.1,0.9705741376116749,0.03850002893905715,0.9705741376116749,0.04637010407946682
18.4,0.9869178670881903,0.016677592569892614,0.9869178670881903,0.011756791603161554,1582.0,0.953798524817138,0.05884155158827162,0.953798524817138,0.03952278297447224,29.0,0.9801648541954167,0.02527120109694262,0.9801648541954167,0.03795619961647116,-3.9,0.9901882242904874,0.012657335396692565,0.9901882242904874,0.012492886561706561,3.94,0.9676938854495084,0.04274795032704332,0.9676938854495084,0.048971102074485,39.0,0.8215905370998445,0.18699994424192032,0.8215905370998445,0.1839543288324835,21.2,0.9760767952085722,0.03265788683947392,0.9760767952085722,0.025409015077913804,63.9,0.9701981333989254,0.03890510309618878,0.9701981333989254,0.04587495898296433
32.9,0.9875934315606344,0.01584055956986153,0.9875934315606344,0.010947139239761806,799.0,0.953798524817138,0.05884155158827162,0.953798524817138,0.03952278297447224,31.0,0.979389548292374,0.026286182914525197,0.979389548292374,0.03977827715686921,3.1,0.9910986865744483,0.011343274004695316,0.9910986865744483,0.011240548140490043,3.76,0.9680040364942829,0.04245293169748584,0.9680040364942829,0.04836441834432876,26.0,0.8234149412426857,0.1861505465332936,0.8234149412426857,0.18285018050952526,19.6,0.9752231603861623,0.033660826065107556,0.9752231603861623,0.025633290229844754,58.0,0.9699753349759416,0.03916869547776715,0.9699753349759416,0.0455232232571864
38.4,0.9869946289249013,0.016535523715010488,0.9869946289249013,0.012295717444584176,790.0,0.953798524817138,0.05884155158827162,0.953798524817138,0.03952278297447224,33.0,0.9793895482923741,0.02628618291452448,0.9793895482923741,0.03858353096316986,-2.3,0.9916365258322865,0.010750950619523893,0.9916365258322865,0.010666626677340923,3.98,0.9699624828616908,0.03980414550475084,0.9699624828616908,0.04470986036894301,12.0,0.8234149412426857,0.1861505465332936,0.8234149412426857,0.18285018050952526,20.4,0.9749254850927799,0.034071655400325085,0.9749254850927799,0.026164013282853123,58.4,0.9696776596825594,0.039575512200689625,0.9696776596825594,0.048180832281449405
32.9,0.9853962842220307,0.01841912250106672,0.9853962842220307,0.013802446812198723,747.0,0.9526255987749944,0.059986692197949575,0.9526255987749944,0.03758995946037008,35.0,0.9763799985492161,0.03050439118205761,0.9763799985492161,0.04434317313250865,1.6,0.9910377231965534,0.011451913472866181,0.9910377231965534,0.012217759919904725,3.68,0.9712936774314189,0.03805910291335565,0.9712936774314189,0.04065865470048837,0.0,0.821930442494899,0.18677382302577106,0.821930442494899,0.18473336202106394,19.6,0.9749254850927799,0.034071655400325085,0.9749254850927799,0.027075281312294332,60.8,0.9692000290728991,0.040161591186580796,0.9692000290728991,0.0497474194832065
33.3,0.9851734857990473,0.018691754675544302,0.9851734857990473,0.013476082971257183,1630.0,0.9523707665883177,0.06029812238585889,0.9523707665883177,0.040281394918362044,29.0,0.9768576291588763,0.029908956327280935,0.9768576291588763,0.042071292252328425,0.8,0.9898864130807613,0.012913185414324927,0.9898864130807613,0.013610660672645518,6.66,0.9706896086427472,0.039136749618831075,0.9706896086427472,0.04136150101329528,8.0,0.8198101610824027,0.18874324628908243,0.8198101610824027,0.18836741477556815,22.0,0.9712709416476116,0.0398361985350784,0.9712709416476116,0.032463908911677004,72.5,0.9680201177681834,0.041266414750536454,0.9680201177681834,0.04911911293178145
42.7,0.9846209783189881,0.019445129950685154,0.9846209783189881,0.01447769132360888,1344.0,0.950661886254648,0.06294325940870767,0.950661886254648,0.0427882438673176,43.0,0.9768576291588765,0.029908956327280942,0.9768576291588765,0.044865747935476916,6.2,0.9898864130807613,0.012913185414325288,0.9898864130807613,0.01241251505282514,8.92,0.9706896086427472,0.03913674961883072,0.9706896086427472,0.042168626752376495,17.0,0.8223442142075259,0.18777844025241394,0.8223442142075259,0.19010561176725244,27.5,0.9705103039667901,0.040663407096069755,0.9705103039667901,0.03255978837875689,70.2,0.9686621898150612,0.04072391768315316,0.9686621898150612,0.04947476557112807
20.0,0.9844230444562044,0.0196718622677114,0.9844230444562044,0.01486391177000161,1911.0,0.9517151364910335,0.061202380458197134,0.9517151364910335,0.04030735407825274,30.0,0.9771124613455532,0.029580774181618304,0.9771124613455532,0.04471130610369972,-1.6,0.9895887377873791,0.01333673967167926,0.9895887377873791,0.013363412370604772,5.54,0.9700140441703033,0.03994285842134444,0.9700140441703033,0.045950678281982446,44.0,0.8223442142075259,0.18777844025241394,0.8223442142075259,0.19010561176725244,23.1,0.9700895716810229,0.041145620648335206,0.9700895716810229,0.032383944454911946,77.3,0.971313362781265,0.037449179633873064,0.971313362781265,0.0455361691762322
35.7,0.9841253691628222,0.020090991430694198,0.9841253691628222,0.015598962912402405,790.0,0.9540283085026938,0.058669933793505734,0.9540283085026938,0.038419009599132276,32.0,0.9781657115819387,0.027751723780707484,0.9781657115819387,0.04113157488287773,3.9,0.9898864130807613,0.012913185414325288,0.9898864130807613,0.01292412643424033,3.95,0.9692534064894818,0.04076883120899551,0.9692534064894818,0.047436060752997763,37.0,0.8223442142075259,0.18777844025241394,0.8223442142075259,0.19010561176725244,20.0,0.9703444038676996,0.040822771916083564,0.9703444038676996,0.032916911241458645,62.0,0.9730387963034675,0.035517241798002266,0.9730387963034675,0.04331482033325228
43.9,0.9845013733755716,0.019672486633711937,0.9845013733755716,0.015738877262379578,1083.0,0.9538055100797103,0.058924215867257004,0.9538055100797103,0.03862731594236598,56.0,0.9784633868753209,0.0273375371381014,0.9784633868753209,0.039159841321057626,3.1,0.9895465076857068,0.013274127300084424,0.9895465076857068,0.012664639070495892,7.28,0.968804225041768,0.04149388645010747,0.968804225041768,0.04659875189218739,25.0,0.8219862594036239,0.18815850893473163,0.8219862594036239,0.1909160015825873,27.5,0.9683806913473533,0.04387779002235143,0.9683806913473533,0.03590344913879442,64.3,0.9735913037835267,0.03478210774078486,0.9735913037835267,0.04130205304371935
68.2,0.9831701788058436,0.021467562488161743,0.9831701788058436,0.01688930407315854,2277.0,0.9532067074439774,0.059567672103967614,0.9532067074439774,0.03961450197829602,71.0,0.9780510985139989,0.027710938141653714,0.9780510985139989,0.038001642069482054,-6.2,0.9892488323923246,0.013697424828214936,0.9892488323923246,0.012244464805724631,32.92,0.9683265944321078,0.04207845634611216,0.9683265944321078,0.04850323389674496,40.0,0.8231375695194161,0.1871958721380206,0.8231375695194161,0.18715477226209523,37.6,0.9674717376668456,0.04483578691771608,0.9674717376668456,0.03788509568295646,68.6,0.9728159978804841,0.035782434106193535,0.9728159978804841,0.04339936329848481
21.6,0.9829921084558776,0.02165889589149969,0.9829921084558776,0.018160856835055764,3178.0,0.9532067074439774,0.059567672103967614,0.9532067074439774,0.03961450197829602,23.0,0.9777962663273219,0.028039937633344315,0.9777962663273219,0.037261142656134456,3.9,0.9895465076857068,0.013274127300084424,0.9895465076857068,0.012007817967533075,8.79,0.9686367454768825,0.041783012542127046,0.9686367454768825,0.04682301896959571,39.0,0.8280104796672539,0.18365146851589678,0.8280104796672539,0.18044379340115468,27.1,0.9665612753828846,0.04608647135444837,0.9665612753828846,0.04142784120515943,67.8,0.9725058468357094,0.03608118133972406,0.9725058468357094,0.043839068063743686
26.3,0.9824396009758186,0.022408887883475278,0.9824396009758186,0.01890058769366956,1905.0,0.9534295058669607,0.059313717316496796,0.9534295058669607,0.0395801319795874,31.0,0.9784518964246063,0.027086400777724843,0.9784518964246063,0.0353858559131504,6.2,0.9898013398723837,0.012937198107049611,0.9898013398723837,0.012055931173497318,6.13,0.9673055509071543,0.04351787137784063,0.9673055509071543,0.05068556390064818,30.0,0.8269056681222559,0.18486314609347063,0.8269056681222559,0.18475100394393354,23.1,0.9662511243381099,0.04637984361622627,0.9662511243381099,0.0426319678595487,71.0,0.9740151117554035,0.03413902522484792,0.9740151117554035,0.040725597628761816
41.6,0.9814241311083205,0.023591251556565586,0.9814241311083205,0.019885888904083063,1358.0,0.9522495945622449,0.06037523474164993,0.9522495945622449,0.040429834326803464,28.0,0.9790044039046653,0.026342195039350428,0.9790044039046653,0.03361405831057277,3.1,0.990222072158151,0.012432482139278549,0.990222072158151,0.011324077291874369,8.78,0.9635026914622997,0.049334796271665725,0.9635026914622997,0.05597596116760703,17.0,0.824817473251552,0.1858869404646253,0.824817473251552,0.18923349318844165,27.5,0.9665059565247867,0.04605973812486616,0.9665059565247867,0.040122179727824045,58.0,0.9740151117554035,0.03413902522484792,0.9740151117554035,0.03908817745184462
17.6,0.9804086612408219,0.02477112053801136,0.9804086612408219,0.020540812421066906,1359.0,0.9496870794061656,0.06396776428074052,0.9496870794061656,0.04219856612518191,27.0,0.9782290980016228,0.027355078699888142,0.9782290980016228,0.035229257964465646,10.9,0.9895465076857071,0.0132741273000837,0.9895465076857071,0.011552078598341273,3.57,0.9632478592756231,0.04965296501857724,0.9632478592756231,0.05497322951596965,15.0,0.824817473251552,0.1858869404646253,0.824817473251552,0.18923349318844165,20.4,0.9679171615650738,0.043741759414317335,0.9679171615650738,0.03700062726597484,64.7,0.9746906762278473,0.03332533933799041,0.9746906762278473,0.03837059523935732
36.1,0.9804086612408219,0.02477112053801136,0.9804086612408219,0.020540812421066906,813.0,0.9490115149337215,0.06473756361813136,0.9490115149337215,0.04142509006976104,35.0,0.978884728098907,0.026400644391067013,0.978884728098907,0.03428591893183567,2.3,0.9892488323923246,0.01369742482821421,0.9892488323923246,0.012668876934486456,3.81,0.9622746195097968,0.050845134104158723,0.9622746195097968,0.05760740611714239,13.0,0.8232036138238813,0.18654272068871877,0.8232036138238813,0.19122085849032036,20.0,0.9666164921555858,0.04513943341302256,0.9666164921555858,0.03951177597385859,58.4,0.976399556561517,0.030555892419223175,0.976399556561517,0.034911209854545454
49.4,0.9794354214749958,0.026011022974388162,0.9794354214749958,0.020768813727533808,1483.0,0.9505207798534155,0.06289056522881434,0.9505207798534155,0.042256388767520525,31.0,0.9770653121344385,0.02866759303370016,0.9770653121344385,0.03716650800684803,4.7,0.9905619775532054,0.012070998795587495,0.9905619775532054,0.011036785619521337,9.93,0.9611233093940047,0.05221602978661616,0.9611233093940047,0.06028803277277168,21.0,0.8238791782963252,0.185988006563956,0.8238791782963252,0.19057195475021182,27.5,0.966361659968909,0.04545982092415115,0.966361659968909,0.04070792189965761,65.5,0.9755924203099015,0.031827899525115,0.9755924203099015,0.034537114708181514
33.7,0.9797330967683782,0.025595747908806872,0.9797330967683782,0.01960029718272435,1855.0,0.951923489581115,0.06158138770693894,0.951923489581115,0.04174653371918346,30.0,0.9760920723686122,0.02989921370623221,0.9760920723686122,0.03832472875187289,0.0,0.9905619775532054,0.012070998795587495,0.9905619775532054,0.011693606722484155,9.2,0.9612716253936908,0.05208154305799802,0.9612716253936908,0.05999077873987595,26.0,0.826142785552673,0.1851399139075407,0.826142785552673,0.19142452366063722,28.2,0.9662247764266052,0.045579109889387404,0.9662247764266052,0.04248751487042567,73.3,0.9757293038522051,0.03170540020410287,0.9757293038522051,0.03715203134197346
18.4,0.9794354214749958,0.026011022974388162,0.9794354214749958,0.022267468623418177,1185.0,0.9511481836780725,0.06253635910295909,0.9511481836780725,0.04411619355991107,32.0,0.9755395648885533,0.030639102317764927,0.9755395648885533,0.0395545439003174,-2.3,0.9913372834562478,0.011032849674660254,0.9913372834562478,0.010085356931046955,3.54,0.9614334604387796,0.05192625565023316,0.9614334604387796,0.062275303559648845,22.0,0.8275544331442701,0.18474025694130852,0.8275544331442701,0.19055562601234113,18.4,0.9666455087123723,0.04510088957938699,0.9666455087123723,0.043378266634744034,60.8,0.9766382575327126,0.030726286808611922,0.9766382575327126,0.03806354321933008
44.3,0.9799879289550547,0.025265432239950363,0.9799879289550547,0.022069720218937498,1047.0,0.9487303789991712,0.06512255659718479,0.9487303789991712,0.04713847969701071,22.0,0.9760920723686122,0.029899213706232566,0.9760920723686122,0.03874063468622019,3.9,0.9918897909363068,0.010269501577314476,0.9918897909363068,0.009531196942182386,7.24,0.9594771609320069,0.054219775598836735,0.9594771609320069,0.0671434302028143,24.0,0.8322831152786065,0.18117166327982964,0.8322831152786065,0.1881525917616174,26.3,0.9658702028093297,0.04608540067878072,0.9658702028093297,0.04583636986904182,63.9,0.9778020433998971,0.029416828491912,0.9778020433998971,0.036746877036471184
27.8,0.9816590289198376,0.02312717575568674,0.9816590289198376,0.018965219465159153,1990.0,0.948252748389511,0.06568225551218634,0.948252748389511,0.050067204065467844,21.0,0.97579439707523,0.03031157466624393,0.97579439707523,0.04108919195446869,0.0,0.9921874662296892,0.009844023602522805,0.9921874662296892,0.008580299624402755,7.79,0.9594771609320069,0.054219775598836735,0.9594771609320069,0.0671434302028143,25.0,0.8363569294628445,0.17837992064196628,0.8363569294628445,0.18579689731261848,26.7,0.9658702028093297,0.04608540067878072,0.9658702028093297,0.04583636986904182,76.1,0.9778020433998973,0.029416828491912007,0.9778020433998973,0.03932331841514057
20.0,0.9813613536264552,0.023544046517503314,0.9813613536264552,0.019123115280315683,2082.0,0.948252748389511,0.06568225551218634,0.948252748389511,0.050067204065467844,31.0,0.9750190911721873,0.03131784369819295,0.9750190911721873,0.04334697710823625,3.9,0.9927862688654223,0.009141261594008975,0.9927862688654223,0.008002899670392536,6.18,0.9594771609320069,0.054219775598836735,0.9594771609320069,0.0671434302028143,22.0,0.8399292685200629,0.17611312231177667,0.8399292685200629,0.18479538942362694,24.7,0.9658702028093297,0.04608540067878072,0.9658702028093297,0.04583636986904182,74.9,0.977115888142373,0.03013079516260151,0.977115888142373,0.03990379889535744
39.2,0.9813613536264552,0.023544046517503314,0.9813613536264552,0.01872805164337055,770.0,0.948252748389511,0.06568225551218634,0.948252748389511,0.050067204065467844,33.0,0.975872725994597,0.030313075190228245,0.975872725994597,0.04025898594501793,5.5,0.9927862688654223,0.009141261594009338,0.9927862688654223,0.008897840915517326,4.14,0.9594771609320069,0.054219775598836735,0.9594771609320069,0.0671434302028143,18.0,0.8423144680558934,0.17496102404252836,0.8423144680558934,0.18347397643121635,20.8,0.9658702028093297,0.04608540067878072,0.9658702028093297,0.04583636986904182,61.2,0.9764403236699292,0.030948830561092,0.9764403236699292,0.04226090661432393
54.1,0.9809853494137057,0.02395968461974844,0.9809853494137057,0.02057060786505172,1030.0,0.948252748389511,0.06568225551218634,0.948252748389511,0.050067204065467844,81.0,0.9740286892800091,0.032356271341260914,0.9740286892800091,0.04171587079363449,3.1,0.9925634704424388,0.009418083188894902,0.9925634704424388,0.008364599188070617,8.71,0.9610755056348775,0.05244687150193067,0.9610755056348775,0.06721105843723638,28.0,0.8448669029472067,0.17361967522090177,0.8448669029472067,0.1848140253992048,29.0,0.9653925721996693,0.04666580466533678,0.9653925721996693,0.04876509423749895,63.9,0.9764403236699292,0.030948830561092,0.9764403236699292,0.04124777501118503
100.0,0.9794760844940118,0.025932176869762236,0.9794760844940118,0.02073216749609184,2795.0,0.9462943020221031,0.0682145474923442,0.9462943020221031,0.05365889992357586,21.0,0.9718421783366792,0.035705536520454675,0.9718421783366792,0.04683720568644545,-7.8,0.9922657951490566,0.009843852433561569,0.9922657951490566,0.009686532688998651,43.91,0.9601022658690513,0.05363329332202711,0.9601022658690513,0.068710713996076,41.0,0.8455089749940845,0.1732542038570828,0.8455089749940845,0.18642990116435562,39.6,0.963964813970849,0.048160244897800526,0.963964813970849,0.049365671816421305,65.9,0.9769285450646696,0.030458721844143537,0.9769285450646696,0.03975678260617404
42.7,0.979773759787394,0.025516859949891276,0.979773759787394,0.020394334573129187,1962.0,0.9470696079251457,0.06726961909308013,0.9470696079251457,0.051060410355983896,20.0,0.9715873461500022,0.03603025861083697,0.9715873461500022,0.04614970166383325,-1.6,0.9922657951490566,0.009843852433561569,0.9922657951490566,0.01019376540540609,13.12,0.9601022658690513,0.05363329332202606,0.9601022658690513,0.0674908210166453,39.0,0.8445269975521523,0.17386165445033971,0.8445269975521523,0.18367123701802895,30.6,0.9643047193659035,0.04782117094970757,0.9643047193659035,0.04751165071100245,71.0,0.9769285450646696,0.030458721844143537,0.9769285450646696,0.03888943510385357
23.9,0.9804493242598379,0.024692142518603515,0.9804493242598379,0.020526366064120782,1057.0,0.9494874126040471,0.06469399939746126,0.9494874126040471,0.04826695394574862,31.0,0.9724581430987644,0.03522094589451446,0.9724581430987644,0.04669545687542595,0.0,0.9922657951490563,0.009843852433561203,0.9922657951490563,0.009163173025175067,2.79,0.9597623604739968,0.053968684123991854,0.9597623604739968,0.06770034323594572,28.0,0.8451258001878853,0.17338163391364947,0.8451258001878853,0.1814346588555957,18.4,0.9654776454080471,0.04664541187723898,0.9654776454080471,0.04625186953107167,60.0,0.977901784830496,0.029226553119876268,0.977901784830496,0.03637776918449197
32.9,0.9809871635176759,0.024113635877422906,0.9809871635176759,0.018967305021355546,807.0,0.9476433758894589,0.06661193175394477,0.9476433758894589,0.04951107895133949,61.0,0.972680941521748,0.034955728504048905,0.972680941521748,0.044943428768047834,-4.7,0.9922657951490563,0.009843852433561203,0.9922657951490563,0.009163173025175067,3.71,0.9591372555369524,0.05455471545117842,0.9591372555369524,0.06686098193871011,29.0,0.8431673538204776,0.17535704384289025,0.8431673538204776,0.18495183630601172,19.6,0.9657324775947238,0.04632565224465514,0.9657324775947238,0.04416108374849387,55.3,0.9773029821947631,0.029906306970062038,0.9773029821947631,0.03652217462788461
78.4,0.9803115990452319,0.024939223091705362,0.9803115990452319,0.01883527353036395,2812.0,0.9463121813197307,0.06827174251123698,0.9463121813197307,0.0534291970699486,19.0,0.9724581430987644,0.03522094589451446,0.9724581430987644,0.04559356117363871,0.0,0.9922657951490563,0.009843852433561203,0.9922657951490563,0.009163173025175067,32.75,0.9591372555369524,0.05455471545117842,0.9591372555369524,0.0673545370017987,36.0,0.842563285031806,0.17618736118331269,0.842563285031806,0.18913098562731578,36.9,0.9673308222975946,0.04452697075252164,0.9673308222975946,0.04248352949647961,67.8,0.9768253515851025,0.0305020280477778,0.9768253515851025,0.03681985972093941
66.3,0.979361471426072,0.025891558207427164,0.979361471426072,0.02010525892405441,1733.0,0.9477148910474301,0.06697715261276203,0.9477148910474301,0.052068543473878355,56.0,0.9734313828645905,0.03399945418983342,0.9734313828645905,0.04479238837135749,-3.1,0.9915902306766124,0.010689033259437375,0.9915902306766124,0.009705575576262265,17.65,0.9576757943763858,0.056203608338985474,0.9576757943763858,0.06875966960472615,39.0,0.8402336485634762,0.17732540308856837,0.8402336485634762,0.1904202176727751,32.5,0.9671527519476284,0.04471084993071212,0.9671527519476284,0.04270112702940725,68.6,0.9761391963275785,0.031214477506991592,0.9761391963275785,0.03880028909580525
67.1,0.9800370358985159,0.025067460850191296,0.9800370358985159,0.019153578623203136,2089.0,0.948390455519874,0.0662101267230989,0.948390455519874,0.049978684651423876,54.0,0.9734313828645905,0.03399945418983342,0.9734313828645905,0.0462070270867119,-0.8,0.9902770855157319,0.012319013183896116,0.9902770855157319,0.011931563494612676,20.56,0.9580337491802877,0.0556863760206581,0.9580337491802877,0.06423703966942004,45.0,0.8382244532403951,0.17818271246923884,0.8382244532403951,0.18892146361499065,33.7,0.9679280578506712,0.043723832547875915,0.9679280578506712,0.039045823086193455,67.8,0.9752302426470708,0.0321926062737904,0.9752302426470708,0.040209236197286925
29.0,0.9811883460143077,0.023635290269528902,0.9811883460143077,0.01970602983647567,2402.0,0.9497500992515487,0.06430533923485786,0.9497500992515487,0.04756270846147322,39.0,0.9719221179448965,0.03594059748639681,0.9719221179448965,0.05119349561747795,5.5,0.9904750193785155,0.012089416269452133,0.9904750193785155,0.012791048699526856,6.36,0.9580337491802877,0.0556863760206581,0.9580337491802877,0.06282866725849548,52.0,0.8342029327354631,0.1809765047370253,0.8342029327354631,0.19124777546099364,24.7,0.9676732256639944,0.04404505986551596,0.9676732256639944,0.04040194422450541,67.8,0.9754530410700544,0.0319258952439415,0.9754530410700544,0.03989132976210055
18.4,0.9826161042431283,0.022075975985464374,0.9826161042431283,0.01908270847806476,1722.0,0.9489747933485062,0.06525567548926313,0.9489747933485062,0.049320650835023856,20.0,0.9716119669001217,0.03623899867657491,0.9716119669001217,0.05085671989776636,0.0,0.9907726946718978,0.01166510073881322,0.9907726946718978,0.01148814280976055,4.55,0.9581820651799741,0.055552910674634165,0.9581820651799741,0.0638847845870599,50.0,0.8353574671137801,0.18063186504992615,0.8353574671137801,0.19085481062162352,22.4,0.9672261910769159,0.044459042516919935,0.9672261910769159,0.040948264447765094,63.1,0.975941262464795,0.03143680215877789,0.975941262464795,0.03737316265529931
30.2,0.9820635967630691,0.022825437102494746,0.9820635967630691,0.020794734685842402,881.0,0.9473172514341301,0.0668626377100643,0.9473172514341301,0.0493959608853431,30.0,0.9721001882948622,0.03575412388072896,0.9721001882948622,0.050995385233283494,4.7,0.9893112335113312,0.013437127890325104,0.9893112335113312,0.013040235334216466,3.32,0.9594952103408544,0.05403601467424592,0.9594952103408544,0.06021581632325019,30.0,0.837544732786827,0.1796581913959631,0.837544732786827,0.19356860884681676,19.2,0.9648417462708024,0.04797274395187979,0.9648417462708024,0.04485092865824704,56.5,0.9768502161453025,0.030457213281016558,0.9768502161453025,0.036831563056138106
38.8,0.9803924967982867,0.024965122238495136,0.9803924967982867,0.023080734421049777,799.0,0.9463352739921981,0.06769948296174051,0.9463352739921981,0.04931723634500251,43.0,0.973413333455743,0.03418628503291473,0.973413333455743,0.048723687264593786,1.6,0.9883379937455049,0.014699895072962174,0.9883379937455049,0.013148793587928068,4.11,0.9594952103408544,0.05403601467424592,0.9594952103408544,0.06021581632325019,25.0,0.8366162649292996,0.1799607056619083,0.8366162649292996,0.19726846969721337,20.4,0.9594833852297829,0.05834649112594365,0.9594833852297829,0.06845504176345818,58.4,0.9777591698258102,0.029475746911358503,0.9777591698258102,0.03629878443167789
80.4,0.9792411866824945,0.026394523106790527,0.9792411866824945,0.022879448605051367,2273.0,0.9459145417064309,0.06815676992045354,0.9459145417064309,0.052081084536852194,78.0,0.972542536506981,0.03499738094657547,0.972542536506981,0.04926415931140778,5.5,0.9891916285679148,0.01366631652349245,0.9891916285679148,0.01139568548607302,32.4,0.9588090550833304,0.054718218456059654,0.9588090550833304,0.061767912802432,41.0,0.8372918294017435,0.17938669938121732,0.8372918294017435,0.1928392482952381,37.3,0.9597382174164597,0.05803197728902402,0.9597382174164597,0.06834414641914764,68.6,0.9786696321097712,0.0281941194797835,0.9786696321097712,0.03482720726295992
100.0,0.9784805490016728,0.02723947616984689,0.9784805490016728,0.0232791356552321,3751.0,0.9461373401294142,0.06790699434769988,0.9461373401294142,0.05278954823165864,74.0,0.972900491310883,0.034463669925885745,0.972900491310883,0.046806852681993166,1.6,0.9888156243551652,0.014089170331505177,0.9888156243551652,0.012200364545550657,13.5,0.9586607390836442,0.054851911516519934,0.9586607390836442,0.06074666406947339,47.0,0.8388186859737036,0.17877201420832095,0.8388186859737036,0.19066585348535445,29.8,0.9600234169584496,0.057781941598142,0.9600234169584496,0.06728917953962398,63.1,0.9777606784292636,0.029177741975392118,0.9777606784292636,0.036349193948658584
20.4,0.9783187139565843,0.027401907762011585,0.9783187139565843,0.023777535982647462,1556.0,0.9473172514341301,0.0668626377100643,0.9473172514341301,0.05308253228814769,31.0,0.9747445280254711,0.03242697211576581,0.9747445280254711,0.044665486305474913,1.6,0.9875149549456769,0.015558579923926898,0.9875149549456769,0.013858271119953362,3.73,0.9589459386256342,0.054601249126564076,0.9589459386256342,0.06138344507906851,31.0,0.8417456905622548,0.17695584120027455,0.8417456905622548,0.1866636580829897,20.4,0.9609338792424108,0.05655138957060962,0.9609338792424108,0.0647855073064805,63.5,0.9772830478196034,0.029774111771165183,0.9772830478196034,0.03773551378167308
38.8,0.9791417527564124,0.026561418851342555,0.9791417527564124,0.023441847847417634,777.0,0.9473172514341301,0.0668626377100643,0.9473172514341301,0.05394018601297345,70.0,0.9754967217818475,0.03170789241315507,0.9754967217818475,0.044348858693228514,4.7,0.9872601227590001,0.015894038763507846,0.9872601227590001,0.012988810253854292,10.96,0.9569896391188615,0.056882817807979685,0.9569896391188615,0.06299084780634089,44.0,0.8494150448969617,0.16737482226795322,0.8494150448969617,0.18253761904568291,31.4,0.9603813717623516,0.05726392747201879,0.9603813717623516,0.06317159127554334,57.3,0.9766842451838703,0.030453077102633182,0.9766842451838703,0.03796598878108506
19.2,0.979917058659455,0.025546922096023557,0.979917058659455,0.023615110381272897,2663.0,0.9491612881487183,0.06494594128040919,0.9491612881487183,0.05272065654371767,19.0,0.9770950664847181,0.029865562546782427,0.9770950664847181,0.04274946421179135,0.0,0.9876808550447673,0.015391906412821971,0.9876808550447673,0.013872742832356438,7.57,0.9584989040385555,0.05500620662592887,0.9584989040385555,0.06250784976557952,55.0,0.8494150448969617,0.16737482226795322,0.8494150448969617,0.183083920149283,26.3,0.9613546115281779,0.056080808758397944,0.9613546115281779,0.06294358996907644,64.3,0.9773598096563142,0.029634483893063574,0.9773598096563142,0.03786187650733871
20.0,0.9802569640545095,0.0251938376378542,0.9802569640545095,0.022663801567324636,2386.0,0.949359222011502,0.06473705866636457,0.949359222011502,0.04992659382380676,32.0,0.9764394363874339,0.030815861031484964,0.9764394363874339,0.04683037757676576,8.6,0.9881278896318458,0.014955157019309795,0.9881278896318458,0.013516229124581022,6.53,0.9604626165589021,0.05200692283690417,0.9604626165589021,0.05635742660922055,36.0,0.8500906093694057,0.16677762092757864,0.8500906093694057,0.18120312779663403,24.7,0.9629529562310485,0.05430718262468444,0.9629529562310485,0.05900895159217528,63.9,0.9794800910688105,0.026770128131239173,0.9794800910688105,0.035061760205800444
34.1,0.9804187990995978,0.02503070180650728,0.9804187990995978,0.023926870425540172,794.0,0.949911729491561,0.06403780331688978,0.949911729491561,0.0485230727341092,33.0,0.9761417610940517,0.031228095826567336,0.9761417610940517,0.04844241884627194,6.2,0.9881278896318458,0.014955157019309795,0.9881278896318458,0.013142457847312819,3.9,0.9614780864264004,0.05088088291251603,0.9614780864264004,0.055684032659724714,28.0,0.8524202458377355,0.16558590702524567,0.8524202458377355,0.18009711269046777,20.0,0.9631147912761369,0.05415196705485733,0.9631147912761369,0.06157600365327089,59.6,0.981438537436218,0.02405662307005904,0.981438537436218,0.03150485906404047
60.8,0.9804187990995978,0.02503070180650728,0.9804187990995978,0.02216540123990927,2355.0,0.9504426210452683,0.06360197839643233,0.9504426210452683,0.04824849869618915,81.0,0.975694726506973,0.031651927439597535,0.975694726506973,0.049211638617071174,11.7,0.9887266922675788,0.014258414689985812,0.9887266922675788,0.011459195253569811,22.47,0.9629395475869671,0.04921668352142952,0.9629395475869671,0.056959689216664534,43.0,0.853822955565435,0.16460088375732365,0.853822955565435,0.17934525788208536,34.9,0.963652630533975,0.05360061752405439,0.963652630533975,0.06272647656889387,69.8,0.9818592697219852,0.023561029701295977,0.9818592697219852,0.03240847296748766
18.4,0.9800788937045434,0.025383904020221004,0.9800788937045434,0.023116710053857535,3325.0,0.9499047817874304,0.06413927994073569,0.9499047817874304,0.04937904954859817,85.0,0.9749425327505965,0.03237120628590968,0.9749425327505965,0.04878659500597463,3.9,0.9895803270899884,0.013224038860044285,0.9895803270899884,0.011109588493078517,9.03,0.9639550174544653,0.04808451718544885,0.9639550174544653,0.053360914356188095,54.0,0.8529999167656068,0.16519450985018,0.8529999167656068,0.17817861745999972,27.5,0.9639074627206516,0.053283348010281326,0.9639074627206516,0.06017358046857989,62.7,0.9821141019086621,0.02322944043010702,0.9821141019086621,0.032321802660861695
100.0,0.9809325285269532,0.024368473791715223,0.9809325285269532,0.02274895994549914,2758.0,0.9518599989951886,0.0621309639418014,0.9518599989951886,0.04728156392698723,72.0,0.976106318617781,0.031066109574933984,0.976106318617781,0.04775937335272302,-0.8,0.990744112957173,0.011875701897131724,0.990744112957173,0.009980549578421536,42.14,0.9631013826320557,0.04906061483931165,0.9631013826320557,0.05489267234801431,63.0,0.8504474818742935,0.1665840864900064,0.8504474818742935,0.1772916202480465,39.2,0.9640855330706176,0.05310172472643935,0.9640855330706176,0.05803117887202285,65.5,0.9822921722586279,0.02303856966652906,0.9822921722586279,0.03267852262869971
20.0,0.982245673687834,0.02277029429833728,0.982245673687834,0.022353439282105148,2059.0,0.9529932597021332,0.06066245064397005,0.9529932597021332,0.04418552916700913,29.0,0.976705121253514,0.030387943923454588,0.976705121253514,0.04494490944691419,1.6,0.9912217435668332,0.011262094995847788,0.9912217435668332,0.009434607726468008,5.82,0.9649207985965244,0.04686606494589081,0.9649207985965244,0.05059821869215131,59.0,0.8500906093694057,0.16677762092757864,0.8500906093694057,0.17547301620530784,23.5,0.9657944134042872,0.050398689864416424,0.9657944134042872,0.05417899459878106,63.5,0.9836518159903025,0.020999369685030807,0.9836518159903025,0.03031776638945292
35.7,0.9831546273683417,0.021775986608697902,0.9831546273683417,0.021817098873960692,795.0,0.9519245288905877,0.06164128277764775,0.9519245288905877,0.0444127518718459,31.0,0.975553811137722,0.03180534898507176,0.975553811137722,0.04602868308651166,-2.3,0.9918973080392769,0.010417624015978889,0.9918973080392769,0.008637878126925746,4.03,0.9649207985965244,0.046866064945890094,0.9649207985965244,0.05172748516143748,31.0,0.8524202458377355,0.16558590702524567,0.8524202458377355,0.1780329792025401,20.0,0.9653473788172087,0.05080884837059171,0.9653473788172087,0.05536256387759428,60.4,0.9844124536711242,0.020144906025432365,0.9844124536711242,0.028594502182640053
38.8,0.9816453624486474,0.023756362626413657,0.9816453624486474,0.024667462740387572,798.0,0.9504630677300211,0.06326562133581412,0.9504630677300211,0.045743836371571325,49.0,0.975553811137722,0.03180534898507247,0.975553811137722,0.047204858804318246,2.3,0.9907459979234851,0.011881388475291074,0.9907459979234851,0.011099692477195049,4.18,0.9617841600340344,0.05105918343583967,0.9617841600340344,0.058035332490169886,26.0,0.8515119622717475,0.16593348540485545,0.8515119622717475,0.18168034512426653,20.4,0.9647948713371498,0.051528245563078987,0.9647948713371498,0.05688488797838877,52.5,0.9844124536711242,0.020144906025432365,0.9844124536711242,0.0279872882649159
54.9,0.9806298925811491,0.024936338056795574,0.9806298925811491,0.02612384699797743,2372.0,0.9466602082851664,0.06889582934793517,0.9466602082851664,0.051171346208732704,66.0,0.97468301418896,0.032620489723974924,0.97468301418896,0.048195327869639246,3.1,0.9907459979234851,0.011881388475291074,0.9907459979234851,0.01131995798358209,24.73,0.9620481323956703,0.0508372348678559,0.9620481323956703,0.057964199080238345,43.0,0.851289163848764,0.16612924912507143,0.851289163848764,0.1826594637748692,34.9,0.9650497035238265,0.05121001912581204,0.9650497035238265,0.0572504962693318,70.6,0.9839348230614638,0.020749910946909665,0.9839348230614638,0.02795220110560675
20.0,0.9803197415363746,0.025241098604762147,0.9803197415363746,0.02732008592475959,2271.0,0.9460045781878821,0.06978820761113977,0.9460045781878821,0.05139611588417306,69.0,0.9719206607295859,0.036005867264237906,0.9719206607295859,0.052526193707104714,0.0,0.9902683673138248,0.012494396960424543,0.9902683673138248,0.011553092532446373,6.44,0.9612874947148486,0.05164728897440705,0.9612874947148486,0.05832031508196749,51.0,0.8525543199196399,0.16558728571497686,0.8525543199196399,0.18090920940094818,24.3,0.9641960687014167,0.05218455827524694,0.9641960687014167,0.057670149119820734,63.9,0.9842927778653658,0.02020446718262534,0.9842927778653658,0.02795601396489355
78.8,0.981080379217196,0.024392928512585704,0.981080379217196,0.028439072069918313,2641.0,0.948655751154086,0.06667658069235897,0.948655751154086,0.049701127631093,58.0,0.9726812984104075,0.035173719960630574,0.9726812984104075,0.05202269878575196,-1.6,0.9900135351271481,0.012831602262673648,0.9900135351271481,0.012146736240156553,31.32,0.9609475893197944,0.05198384305552683,0.9609475893197944,0.05905143583338219,60.0,0.8522470214569349,0.16566742558786274,0.8522470214569349,0.17771734036531037,36.5,0.9638200644886672,0.05258143625871013,0.9638200644886672,0.057948325974989355,68.2,0.9834391430429561,0.021227135229499424,0.9834391430429561,0.029551353957786356
66.3,0.9822316893329881,0.022958380835077747,0.9822316893329881,0.026668275061908556,2055.0,0.949013705957988,0.06616856748352141,0.949013705957988,0.04986198525483897,58.0,0.9717708361264464,0.036440642740462506,0.9717708361264464,0.05338189655178215,1.6,0.990566042607207,0.01207029318559388,0.990566042607207,0.011889398105147074,20.1,0.9621113751869786,0.05072232747957973,0.9621113751869786,0.0579939401500239,60.0,0.8498618219211043,0.1668707910757896,0.8498618219211043,0.17718923711501727,33.3,0.963522389195285,0.05298137502408335,0.963522389195285,0.05913322385160333,68.2,0.9834391430429561,0.021227135229499424,0.9834391430429561,0.029551353957786356
100.0,0.9829178445905123,0.022235447415695466,0.9829178445905123,0.024124498588590046,2006.0,0.9476109962302885,0.0674664010870651,0.9476109962302885,0.05165283530012999,69.0,0.970359631086159,0.03877897361580111,0.970359631086159,0.056110383649466876,-3.9,0.9907888410301906,0.011794633591690518,0.9907888410301906,0.011623134301458251,30.26,0.9634245203478592,0.049192003743624535,0.9634245203478592,0.05584942050214875,55.0,0.8478981094007579,0.16923247404045352,0.8478981094007579,0.18116835253109506,33.7,0.9643760240176947,0.05200828667460585,0.9643760240176947,0.05830631849707603,63.1,0.9846029289101406,0.019896820260216882,0.9846029289101406,0.027836425303568654
96.1,0.983172676777189,0.021903143891408607,0.983172676777189,0.021712653795541735,1520.0,0.9449598232640847,0.07057197062022266,0.9449598232640847,0.05325948194513662,75.0,0.9688522886912188,0.0402261792467179,0.9688522886912188,0.058621505987940845,0.0,0.991564146933233,0.010756026309596151,0.991564146933233,0.010195903476342577,21.26,0.96473766550874,0.04765731963573154,0.96473766550874,0.05537512675332703,59.0,0.8502833089365884,0.16804068865692265,0.8502833089365884,0.18169645578138816,34.9,0.9655273341334868,0.050632086633534676,0.9655273341334868,0.05699067314756413,60.8,0.9840504214300816,0.02064907060956343,0.9840504214300816,0.029923899623939453
73.3,0.9837714794129221,0.021214216210958727,0.9837714794129221,0.020535219149082306,1626.0,0.9436591538545966,0.07189669567761943,0.9436591538545966,0.05598163623846289,18.0,0.9684315564054516,0.040707698203519986,0.9684315564054516,0.058470346817954336,-7.8,0.991564146933233,0.010756026309596151,0.991564146933233,0.009804814806373829,16.63,0.9637221956412416,0.048790938088223906,0.9637221956412416,0.05634740482306965,60.0,0.8524150115421346,0.16701293742604373,0.8524150115421346,0.18365007796457522,31.0,0.9662134893910108,0.049941655663966286,0.9662134893910108,0.05576272603372071,66.7,0.9837955892434047,0.020982005772112382,0.9837955892434047,0.029843774587185866
17.6,0.9854425793777045,0.019060504954829076,0.9854425793777045,0.019316100402067823,1607.0,0.9451934158872688,0.06910565615957752,0.9451934158872688,0.054362307169735745,35.0,0.968729231698834,0.040301783357912846,0.968729231698834,0.05535571325771627,0.0,0.9902510017723527,0.012385873835397595,0.9902510017723527,0.011171342523588536,4.17,0.964199826250902,0.0482126710365506,0.964199826250902,0.053426708040697914,56.0,0.8546872919735686,0.1658297206563198,0.8546872919735686,0.18427743985342987,22.0,0.9647857311621905,0.05143264530831091,0.9647857311621905,0.057012120222025675,63.1,0.9849468993591968,0.019539342687649116,0.9849468993591968,0.02723437851294493
19.6,0.9856974115643814,0.018726497490075676,0.9856974115643814,0.017940278119631125,1259.0,0.947598896841755,0.06618438584529668,0.947598896841755,0.05090491602169515,28.0,0.968729231698834,0.040301783357912846,0.968729231698834,0.05535571325771627,8.6,0.9905058339590292,0.012048471382935565,0.9905058339590292,0.011205434324038657,3.56,0.9644226246738853,0.047952845045317036,0.9644226246738853,0.05282110322151735,33.0,0.856702369940269,0.16481544248416194,0.856702369940269,0.18359104694767567,20.0,0.9641869285264574,0.052089010527886344,0.9641869285264574,0.059284527765815276,60.0,0.9849468993591969,0.01953934268764912,0.9849468993591969,0.027044134662256435
37.6,0.9841881466446875,0.020716845429779054,0.9841881466446875,0.019541769973802012,761.0,0.9461961871140556,0.06747996628870226,0.9461961871140556,0.051775479381936225,78.0,0.9685511613488681,0.04048672875923614,0.9685511613488681,0.05722982963679016,3.1,0.9918189791199098,0.010417749234054098,0.9918189791199098,0.00892508191766676,3.67,0.9629948664450648,0.04944373733632566,0.9629948664450648,0.05555910547580634,28.0,0.8557487627461898,0.165205689284853,0.8557487627461898,0.1871553276988118,19.6,0.9628737833655766,0.05361670759984799,0.9628737833655766,0.06281594582931249,56.9,0.9849468993591968,0.019539342687648755,0.9849468993591968,0.027336704175107123
88.6,0.9833345118222776,0.02173895653374677,0.9833345118222776,0.020992296540010277,2748.0,0.9473760984187715,0.06643500174242932,0.9473760984187715,0.05334645610787007,20.0,0.9693264672519107,0.039494800531477775,0.9693264672519107,0.057431317878165605,1.6,0.9927922188857361,0.009146235217773057,0.9927922188857361,0.007668102770879932,37.07,0.9620859127645573,0.05039068794058739,0.9620859127645573,0.05796274525681976,38.0,0.855073198273746,0.1658098688683773,0.855073198273746,0.18945447424622477,37.6,0.9621982188931327,0.05440572135034109,0.9621982188931327,0.06499608730515223,67.8,0.9839736595933708,0.02079038707419777,0.9839736595933708,0.028917992288041816
27.5,0.9830368365288952,0.022156983185779563,0.9830368365288952,0.02080876911343057,1893.0,0.9490336403331476,0.06482717715276101,0.9490336403331476,0.052021778441411835,52.0,0.9695812994385873,0.03917178871087791,0.9695812994385873,0.05867352213366725,8.6,0.9930470510724128,0.008807119239936637,0.9930470510724128,0.008575872299879175,7.78,0.9607727676036767,0.051917059850480035,0.9607727676036767,0.05930901458294,37.0,0.858677978434029,0.1629396868443601,0.858677978434029,0.18073841440516691,26.7,0.9612877566091718,0.05564006527136356,0.9612877566091718,0.06616584279515392,75.7,0.982302559628588,0.022937848108751168,0.982302559628588,0.032695178513164426
56.1,0.9835144671385555,0.02155323220037868,0.9835144671385555,0.020773542752739217,1833.0,0.9505800017543535,0.06329348532274875,0.9505800017543535,0.05145693442295961,29.0,0.9704349342609971,0.038179840308091156,0.9704349342609971,0.058154011875376554,3.9,0.9932698494953963,0.008530023672705049,0.9932698494953963,0.008764405932106489,10.16,0.9607727676036767,0.051917059850480035,0.9607727676036767,0.059269096320080566,29.0,0.8611095560009042,0.16137292349157567,0.8611095560009042,0.1750321937509917,24.3,0.9612877566091718,0.05564006527136356,0.9612877566091718,0.06563601069614217,68.6,0.9819924085838135,0.023243786540639712,0.9819924085838135,0.0333553369594646
84.3,0.9829766278807174,0.02213469827727395,0.9829766278807174,0.02215552913678874,2886.0,0.9510682231490939,0.06283379323507758,0.9510682231490939,0.05286472617875706,19.0,0.9707928890648991,0.0376485152324961,0.9707928890648991,0.05703346811194756,0.0,0.9942853193628947,0.007317420426482827,0.9942853193628947,0.007255612763411,36.62,0.9622342287642435,0.0502557690116818,0.9622342287642435,0.05580331147832639,39.0,0.8613323544238878,0.16117267413492958,0.8613323544238878,0.17517261352096491,37.6,0.9604341217867619,0.05660651417943972,0.9604341217867619,0.06778862553912908,67.8,0.9823503633877154,0.022700358054735616,0.9823503633877154,0.03235353649679369
36.1,0.9835754305164505,0.021446054264085475,0.9835754305164505,0.022222825850339502,798.0,0.9525296843096606,0.061207634746371996,0.9525296843096606,0.05097566120155493,30.0,0.9701173245924553,0.03845575130830014,0.9701173245924553,0.05935847303420002,-0.8,0.994762949972555,0.006699390840876763,0.994762949972555,0.007453719679036825,3.83,0.9637434936839374,0.048357515284815855,0.9637434936839374,0.05186333032241599,19.0,0.8646469924740018,0.15686674581572468,0.8646469924740018,0.1689420843612173,20.0,0.9623925681541698,0.05400860822712202,0.9623925681541698,0.06633813497226994,57.3,0.9819296311019482,0.02319657812661969,0.9819296311019482,0.03146523734204753
41.6,0.9841132697742885,0.0208638428559141,0.9841132697742885,0.020814064533134558,771.0,0.9522999006241049,0.06137832627423323,0.9522999006241049,0.05122968900454328,33.0,0.9692068623084943,0.03971607727453796,0.9692068623084943,0.06014030161338239,-7.8,0.9942104424924958,0.0074669673226086825,0.9942104424924958,0.008498883812930114,4.45,0.9639983258706142,0.04803882681459129,0.9639983258706142,0.049279631979317264,0.0,0.8664226869467611,0.15596803824817676,0.8664226869467611,0.16858428380513193,20.8,0.9623925681541698,0.05400860822712202,0.9623925681541698,0.06588122262769133,58.0,0.9816747989152714,0.023528111362840446,0.9816747989152714,0.03288956467160451
42.0,0.9834271145167643,0.02158865019435257,0.9834271145167643,0.02171230082788293,736.0,0.9512311698125592,0.06235554296648355,0.9512311698125592,0.05017819008934085,48.0,0.966690244057181,0.04248296486067902,0.966690244057181,0.06348630199853066,3.1,0.9932999802085348,0.008788773415384771,0.9932999802085348,0.010702325006291084,4.84,0.9588947970162711,0.05808842521082829,0.9588947970162711,0.06475856161755184,10.0,0.8685108818174649,0.15477434677045773,0.8685108818174649,0.1690593571203626,23.1,0.9620948928607874,0.05440746488450558,0.9620948928607874,0.06683211994547096,54.5,0.9805234887994795,0.02496114602632389,0.9805234887994795,0.03300520254845112
48.6,0.9814686681493565,0.02431277369106438,0.9814686681493565,0.023708652281679128,1768.0,0.9520350769045256,0.06168570255174192,0.9520350769045256,0.05197848143075773,46.0,0.968021438626909,0.040747859088974984,0.968021438626909,0.058394319622528855,0.0,0.9928223495988746,0.009404879490638784,0.9928223495988746,0.011642960743990152,12.99,0.9573855320965773,0.0599610330125596,0.9573855320965773,0.06651536028516207,18.0,0.8675806885734644,0.15629340259757535,0.8675806885734644,0.17460319543355132,30.6,0.9601364464933797,0.057003685661729885,0.9601364464933797,0.07014044007584493,69.8,0.9805234887994795,0.02496114602632389,0.9805234887994795,0.033783831840775796
18.8,0.9804531982818584,0.025491951968996496,0.9804531982818584,0.026643954524791985,2422.0,0.9527957145853472,0.06089224956368799,0.9527957145853472,0.05107839615906082,19.0,0.96893190091087,0.03949013487188737,0.96893190091087,0.05550197825652222,-2.3,0.9928223495988746,0.009404879490638784,0.9928223495988746,0.010407419107086882,8.97,0.9562217462293928,0.061204509533895224,0.9562217462293928,0.06798824781878768,12.0,0.8668879619746682,0.15674668603080982,0.8668879619746682,0.17467128345732835,29.0,0.9607105698997903,0.05649574381978333,0.9607105698997903,0.06834603161411909,79.6,0.9800352674047389,0.025455908366552874,0.9800352674047389,0.03413952229704258
29.8,0.9802303998588748,0.025761567094276735,0.9802303998588748,0.026688201395387478,1496.0,0.952318083975687,0.061456749082858794,0.952318083975687,0.05349760067728121,33.0,0.9701173245924553,0.038455751308299424,0.9701173245924553,0.054650548204226546,3.1,0.992599551175891,0.009681652139139362,0.992599551175891,0.012436462102144562,6.44,0.9579306265630624,0.058539504675041605,0.9579306265630624,0.06561351300015389,7.0,0.8685728469463907,0.15578872356618026,0.8685728469463907,0.17426270711813935,22.4,0.9607105698997903,0.05649574381978227,0.9607105698997903,0.06891644743945176,74.1,0.9776297864502527,0.028588722055948482,0.9776297864502527,0.03733829446158629
