AltitudeVariation,VehicleSpeedInstantaneous,VehicleSpeedAverage,VehicleSpeedVariance,VehicleSpeedVariation,LongitudinalAcceleration,EngineLoad,EngineRPM,MassAirFlow,VerticalAcceleration,FuelConsumptionAverage,roadSurface,traffic,drivingStyle
-0.35897824593764377,0.0,38.811063580731144,171.92088758076872,-0.00018182406055956946,0.0156,25.49019623,801.0,7.849999905,-0.0078,16.344780882093918,SmoothCondition,LowCongestionCondition,EvenPaceStyle
-2.2999878,25.67051888,13.22350089,121.5926897,-2.4769802,0.3555,4.705882549,1796.0,15.81000042,-0.1133,19.49733543,SmoothCondition,LowCongestionCondition,EvenPaceStyle
-2.0999756,24.09425926,13.63891915,120.4225707,-1.57625962,0.4492,10.58823586,1689.0,14.64999962,-0.1289,19.51572227,SmoothCondition,LowCongestionCondition,EvenPaceStyle
-1.5,22.74317932,14.03104293,118.4567689,-1.35107994,0.4258,27.45098114,1599.0,11.85000038,-0.1328,19.44176483,SmoothCondition,LowCongestionCondition,EvenPaceStyle
0.1000366,22.29281998,14.17107305,117.5713084,-0.45035934,0.414,24.31372643,1620.0,12.21000004,-0.0859,19.38876915,SmoothCondition,LowCongestionCondition,EvenPaceStyle
0.0999756,23.64389992,14.3289535,117.0741485,1.35107994,0.3945,20.0,1708.0,11.90999985,-0.0664,19.30163765,SmoothCondition,LowCongestionCondition,EvenPaceStyle
0.1000366,24.76979828,14.74178347,115.268498,1.12589836,0.2187,23.52941132,1787.0,11.36999989,-0.0703,19.16961098,SmoothCondition,LowCongestionCondition,EvenPaceStyle
0.3000488,25.4453373,15.13960143,114.1115405,0.67553902,0.1719,23.13725471,1804.0,11.72999954,-0.082,19.04090309,SmoothCondition,LowCongestionCondition,EvenPaceStyle
0.2999878,26.79641914,15.57119641,112.7888151,1.35108184,0.1523,26.27450943,1939.0,13.82999992,-0.1289,18.98648643,SmoothCondition,LowCongestionCondition,EvenPaceStyle
0.2000122,28.14749908,16.0140504,111.9504755,1.35107994,0.0508,29.41176605,2151.0,16.38999939,-0.2031,18.97997665,SmoothCondition,LowCongestionCondition,EvenPaceStyle
0.6000366,29.7237606,16.48692841,111.2646558,1.57626152,0.0391,35.68627548,2270.0,17.96999931,-0.1406,18.99794388,SmoothCondition,LowCongestionCondition,EvenPaceStyle
0.5,31.52519989,16.98607741,111.0760557,1.80143929,0.1094,41.96078491,2452.0,22.5,-0.0469,19.07406425,SmoothCondition,LowCongestionCondition,EvenPaceStyle
0.4000244,34.22735977,17.5565334,110.8931707,2.70215988,0.1328,25.09803963,2169.0,26.22999954,-0.082,19.16825294,SmoothCondition,LowCongestionCondition,EvenPaceStyle
-0.6000366,35.8036232,18.14575445,111.2237509,1.57626343,0.0312,59.2156868,1589.0,20.35000038,-0.0664,19.15842628,SmoothCondition,LowCongestionCondition,EvenPaceStyle
-0.8999634,37.15470123,18.76499948,111.3773745,1.35107803,0.0391,51.37255096,1682.0,19.87999916,-0.0625,19.12820053,SmoothCondition,LowCongestionCondition,EvenPaceStyle
-1.2000122,39.40649796,19.42177444,112.1920364,2.25179673,0.1094,30.19607925,1734.0,20.73999977,-0.0742,19.08440971,SmoothCondition,LowCongestionCondition,EvenPaceStyle
-0.9000244,40.30722046,20.09356145,112.7330307,0.9007225,0.1172,19.2156868,1744.0,12.46000004,-0.1367,18.75436211,SmoothCondition,LowCongestionCondition,EvenPaceStyle
0.1999512,39.18132019,22.05262747,109.8101316,-1.12590027,0.1055,32.54901886,1740.0,12.02999973,0.0625,17.75112152,SmoothCondition,LowCongestionCondition,EvenPaceStyle
0.4000244,40.30722046,22.71690848,107.0998952,1.12590027,-0.0156,47.84313965,1814.0,23.28000069,0.1953,17.70003891,SmoothCondition,LowCongestionCondition,EvenPaceStyle
0.5999756,42.3338356,23.4224724,104.3693303,2.02661514,-0.1055,55.68627548,1936.0,26.93000031,0.2773,17.73310852,SmoothCondition,LowCongestionCondition,EvenPaceStyle
1.5,47.96333694,24.97996733,101.764199,2.4769783,-0.2305,50.19607925,2150.0,26.42000008,0.2656,17.69702721,SmoothCondition,LowCongestionCondition,EvenPaceStyle
1.2000122,50.89067459,25.78310924,104.0754167,2.92733765,-0.2656,43.52941132,2234.0,27.68000031,0.2305,17.68998337,SmoothCondition,LowCongestionCondition,EvenPaceStyle
0.7000122,51.34103775,26.5299562,108.2968937,0.45036316,-0.2813,55.68627548,2349.0,31.39999962,0.2695,17.70848274,SmoothCondition,LowCongestionCondition,EvenPaceStyle
0.4000244,53.36766052,27.27305023,114.6043812,2.02662277,-0.1953,49.01960754,2453.0,27.26000023,0.3047,17.66901779,SmoothCondition,LowCongestionCondition,EvenPaceStyle
-0.5,57.87125778,28.79676822,135.1738421,0.67553711,-0.3789,68.62744904,1875.0,16.20000076,0.3047,17.40805435,SmoothCondition,LowCongestionCondition,EvenPaceStyle
-1.0,59.22233582,29.54361515,146.7893163,1.35107804,-0.418,61.96078491,1950.0,28.67000008,0.3242,17.38067436,SmoothCondition,LowCongestionCondition,EvenPaceStyle
-1.2999878,61.92449951,30.30547415,160.9586305,2.70216369,-0.3672,52.15686417,2007.0,31.07999992,0.3359,17.367939,SmoothCondition,LowCongestionCondition,EvenPaceStyle
-1.0,62.8252182,31.05232112,175.7551803,0.90071869,-0.2969,33.33333206,2032.0,31.42000008,0.2851,17.34980965,SmoothCondition,LowCongestionCondition,EvenPaceStyle
-1.4000244,64.62665558,31.79541505,192.2442625,1.80143738,-0.3242,35.68627548,2047.0,19.94000053,0.3594,17.16148758,SmoothCondition,LowCongestionCondition,EvenPaceStyle
-1.1000366,65.07701874,32.53850905,208.2909166,0.45036316,-0.2344,37.64706039,2071.0,21.11000061,0.332,17.00611687,SmoothCondition,LowCongestionCondition,EvenPaceStyle
-1.0,65.52737427,33.337898,222.2856464,0.45035553,-0.2305,39.2156868,2094.0,20.81999969,0.2969,16.8465271,SmoothCondition,LowCongestionCondition,EvenPaceStyle
-0.9000244,67.32881927,35.14684391,242.8497178,0.67554473,-0.2383,32.54901886,2143.0,21.21999931,0.332,16.59281158,SmoothCondition,LowCongestionCondition,EvenPaceStyle
-0.8999634,68.00435638,36.14138886,247.9550537,0.67553711,-0.2617,39.2156868,2167.0,21.05999947,0.375,16.4460125,SmoothCondition,LowCongestionCondition,EvenPaceStyle
-1.5,69.13024902,38.06292459,259.54088,0.45035553,-0.2422,20.3921566,2174.0,17.88999939,0.2539,16.08792686,SmoothCondition,LowCongestionCondition,EvenPaceStyle
-1.5,68.67989349,39.76678645,274.3560284,-0.22518158,-0.1328,23.52941132,2171.0,17.23999977,0.0586,15.41043949,SmoothCondition,LowCongestionCondition,EvenPaceStyle
-2.2999878,69.35543823,42.02609227,299.8083326,0.45036316,0.0664,21.96078491,2194.0,16.52000046,-0.0195,14.91569996,SmoothCondition,LowCongestionCondition,EvenPaceStyle
-1.5,55.84463882,46.94252211,307.6110464,-2.25179673,0.8203,15.68627453,1755.0,13.77999973,-0.2617,14.37785816,SmoothCondition,LowCongestionCondition,EvenPaceStyle
-0.9000244,55.61945724,47.47544807,299.3978736,-0.22518158,0.7812,32.94117737,1758.0,14.92000008,-0.2656,14.27205944,SmoothCondition,LowCongestionCondition,EvenPaceStyle
-0.5,55.84463882,48.01588008,290.4791126,0.22518158,0.8047,35.29411697,1777.0,15.0,-0.2539,14.17148209,SmoothCondition,LowCongestionCondition,EvenPaceStyle
-0.7000122,56.52017593,48.56757104,281.1408229,0.67553711,0.8125,14.50980377,1780.0,13.38000011,-0.3359,14.04427814,SmoothCondition,LowCongestionCondition,EvenPaceStyle
-1.0,55.84463882,49.08923804,271.9802345,-0.67553711,0.8047,15.68627453,1767.0,12.5,-0.3164,13.90296555,SmoothCondition,LowCongestionCondition,EvenPaceStyle
-0.6999512,56.29499817,49.58463402,264.0164665,0.45035935,0.7734,39.2156868,1793.0,20.13999939,-0.3242,13.87477589,SmoothCondition,LowCongestionCondition,EvenPaceStyle
-0.5,57.19572067,50.06126502,257.3021164,0.9007225,0.7578,56.47058868,1845.0,25.23999977,-0.3125,13.87772655,SmoothCondition,LowCongestionCondition,EvenPaceStyle
-0.4000244,58.99715805,50.56791998,250.586362,1.80143738,0.6953,49.80392075,1885.0,22.85000038,-0.2812,13.86029911,SmoothCondition,LowCongestionCondition,EvenPaceStyle
-0.5999756,60.34823608,51.10459893,243.3948002,1.35107803,0.6679,49.41176605,1943.0,20.57999992,-0.2344,13.82261658,SmoothCondition,LowCongestionCondition,EvenPaceStyle
-0.2999878,61.69932175,51.70507898,233.966345,1.35108567,0.6484,45.49019623,1972.0,23.20000076,-0.1914,13.8035202,SmoothCondition,LowCongestionCondition,EvenPaceStyle
0.0999756,62.60003281,52.34684187,222.6380582,0.90071106,0.6133,43.92156982,2009.0,21.59000015,-0.1641,13.76759624,SmoothCondition,LowCongestionCondition,EvenPaceStyle
0.3000488,63.50076294,53.02613494,209.4235967,0.90073013,0.625,28.62745094,2016.0,15.55000019,-0.1523,13.66559601,SmoothCondition,LowCongestionCondition,EvenPaceStyle
1.6000366,63.95111847,54.38847392,180.8580149,0.22517777,0.4765,41.17647171,2035.0,18.79000092,-0.1875,13.60729885,SmoothCondition,LowCongestionCondition,EvenPaceStyle
1.5999756,64.62665558,55.05275488,167.3169686,0.67553711,0.4219,40.39215851,2060.0,21.87999916,-0.1602,13.57752705,SmoothCondition,LowCongestionCondition,EvenPaceStyle
1.2999878,65.52737427,55.72078883,153.8651434,0.90071869,0.3711,21.56862831,2070.0,14.93999958,-0.1562,13.41832161,SmoothCondition,LowCongestionCondition,EvenPaceStyle
0.3999634,64.85183716,56.97804371,128.2346061,-0.67553711,0.3945,0.0,1967.0,20.54999924,-0.1641,13.37944603,SmoothCondition,LowCongestionCondition,EvenPaceStyle
-0.6999512,59.67269897,57.99135373,104.2369076,-2.7021637,0.375,7.450980663,1836.0,21.11000061,-0.2148,13.32480431,SmoothCondition,LowCongestionCondition,EvenPaceStyle
-0.9000244,58.32162094,58.39292475,94.50311282,-1.35107803,0.457,0.0,1755.0,20.54999924,-0.2812,13.30541039,SmoothCondition,LowCongestionCondition,EvenPaceStyle
-2.0999756,36.02880096,59.03093465,78.04399797,-9.2323761,1.3981,9.019607544,1113.0,10.93000031,-0.6172,13.18479252,SmoothCondition,NormalCongestionCondition,EvenPaceStyle
-1.7999878,28.14749908,58.82827263,88.22611332,-7.88130188,1.6051,20.0,1048.0,5.980000019,-0.7851,13.09142399,SmoothCondition,NormalCongestionCondition,EvenPaceStyle
-1.5999756,20.49137878,58.4980086,107.211598,-7.6561203,1.7183,22.74509811,904.0,6.829999924,-0.832,13.07979965,SmoothCondition,NormalCongestionCondition,EvenPaceStyle
-1.7999878,13.73598003,58.0739196,134.6643719,-6.75539875,1.8394,23.52941132,888.0,5.650000095,-0.9062,13.09825134,SmoothCondition,NormalCongestionCondition,EvenPaceStyle
-1.7000122,9.90791893,57.56726457,168.3746442,-3.8280611,1.9839,27.05882454,873.0,5.159999847,-0.9648,13.13361835,SmoothCondition,NormalCongestionCondition,AggressiveStyle
-1.5999756,6.079859734,56.96303164,209.0015875,-3.828059196,2.0699,29.01960754,866.0,5.869999886,-1.0156,13.20899677,SmoothCondition,NormalCongestionCondition,AggressiveStyle
-0.2000122,7.881299973,39.11001161,833.2108981,7.881299973,0.3711,40.39215851,1728.0,13.31000042,-0.2031,13.29880238,SmoothCondition,NormalCongestionCondition,EvenPaceStyle
-0.2999878,11.93453979,38.16050269,829.7645665,4.053239817,0.2695,5.490196228,1299.0,15.78999996,-0.1563,13.38045311,SmoothCondition,NormalCongestionCondition,EvenPaceStyle
-0.4000244,17.11367989,36.38908687,812.0152863,2.92734051,0.0781,36.47058868,1438.0,14.76000023,-0.0117,13.48105335,SmoothCondition,NormalCongestionCondition,EvenPaceStyle
-0.6000366,20.04101944,35.57468594,797.9504539,2.92733955,0.1211,0.0,1317.0,13.15999985,-0.0273,13.52362728,SmoothCondition,NormalCongestionCondition,EvenPaceStyle
-0.9000244,16.21295929,33.84079999,767.526148,-2.25180054,0.2852,21.56862831,1134.0,10.02000046,-0.0781,13.6030674,SmoothCondition,NormalCongestionCondition,EvenPaceStyle
-0.7000122,5.629499912,30.02024618,726.2332255,-1.351079941,0.3789,31.76470566,839.0,4.96999979,-0.1133,13.73593998,SmoothCondition,NormalCongestionCondition,EvenPaceStyle
-0.6000366,6.305039883,29.11577315,719.1117034,0.675539971,0.3711,26.27450943,953.0,8.859999657,-0.082,13.81352615,SmoothCondition,NormalCongestionCondition,EvenPaceStyle
-0.2999878,8.331659317,27.49072423,704.8847832,0.225179672,0.2617,23.92156982,1246.0,8.079999924,-0.0078,13.93117332,SmoothCondition,NormalCongestionCondition,EvenPaceStyle
-0.2000122,9.90791893,26.72886526,696.1238286,1.576259613,0.2305,32.15686417,1522.0,11.39000034,-0.0039,13.99854088,SmoothCondition,NormalCongestionCondition,EvenPaceStyle
-0.1000366,10.5834589,23.70019437,645.6572798,0.900718689,0.4023,27.45098114,1575.0,9.819999695,-0.043,14.23694134,SmoothCondition,NormalCongestionCondition,EvenPaceStyle
-0.2999878,11.70935917,22.94208835,628.4936589,1.12590027,0.4883,22.74509811,1770.0,11.89999962,-0.0781,14.29646111,SmoothCondition,NormalCongestionCondition,EvenPaceStyle
-0.3999634,13.06044006,22.17647638,607.5192389,1.35108089,0.6015,18.8235302,1929.0,13.77999973,-0.1211,14.35855484,SmoothCondition,NormalCongestionCondition,EvenPaceStyle
-0.4000244,15.08705902,19.81959252,526.0836425,0.67553902,0.7812,12.54901981,2068.0,15.32999992,-0.2422,14.53835678,SmoothCondition,NormalCongestionCondition,AggressiveStyle
-0.3999634,13.96115971,18.99393247,493.6323495,-1.12589931,0.7304,3.137254953,1826.0,13.85999966,-0.2344,14.59923553,SmoothCondition,NormalCongestionCondition,AggressiveStyle
-0.2999878,12.38489914,18.13824844,459.7136216,-1.57626057,0.6445,11.37254906,1734.0,11.93000031,-0.207,14.6566534,SmoothCondition,NormalCongestionCondition,AggressiveStyle
-0.5,13.06044006,16.43813953,385.37098,-0.45035935,0.5234,12.15686321,1900.0,11.97999954,-0.1445,14.76530933,SmoothCondition,NormalCongestionCondition,AggressiveStyle
-0.3000488,13.28561974,15.56744362,343.9251958,0.22517968,0.4961,8.627450943,1874.0,11.90999985,-0.1211,14.81773567,SmoothCondition,NormalCongestionCondition,AggressiveStyle
-0.2000122,12.15971947,14.67798271,301.012475,-1.12590027,0.5195,11.76470566,1703.0,11.59000015,-0.1328,14.8723793,SmoothCondition,NormalCongestionCondition,EvenPaceStyle
0.0999756,10.80864048,13.77726276,257.773125,-1.35107899,0.5742,7.843137264,1576.0,10.31000042,-0.1719,14.92523003,SmoothCondition,NormalCongestionCondition,EvenPaceStyle
0.0,10.35828018,12.91031972,217.1776557,-0.4503603,0.5586,16.86274529,1423.0,8.470000267,-0.2227,14.97253036,SmoothCondition,NormalCongestionCondition,EvenPaceStyle
-0.2000122,7.205760002,10.42583375,108.0662397,-1.125899315,0.8086,18.8235302,1017.0,9.239999771,-0.3555,15.13012695,SmoothCondition,NormalCongestionCondition,EvenPaceStyle
-0.2999878,6.079859734,9.637703734,76.50044423,-1.125900268,0.7851,25.09803963,868.0,4.360000134,-0.3516,15.16713333,SmoothCondition,NormalCongestionCondition,EvenPaceStyle
0.2999878,6.755399704,7.592318805,33.58817556,0.900720119,0.5391,25.49019623,999.0,8.130000114,-0.2461,15.80899525,SmoothCondition,NormalCongestionCondition,EvenPaceStyle
0.2000122,8.556839943,7.734932804,32.60625473,1.801440239,0.4805,31.76470566,1277.0,8.600000381,-0.2422,15.86273766,SmoothCondition,NormalCongestionCondition,EvenPaceStyle
-0.4000244,18.6899395,8.669429764,33.62497313,2.47698021,0.0781,45.88235474,1436.0,17.47999954,-0.0586,16.0728035,SmoothCondition,NormalCongestionCondition,EvenPaceStyle
-0.5,22.74317932,8.812043763,36.44554618,4.05323982,0.043,29.41176605,1932.0,16.38999939,-0.0391,16.10015869,SmoothCondition,NormalCongestionCondition,EvenPaceStyle
-0.5999756,26.57123947,8.969669756,40.59776843,3.82806015,0.1133,7.843137264,1967.0,14.34000015,-0.0273,16.10807228,SmoothCondition,NormalCongestionCondition,AggressiveStyle
-0.7999878,27.69713783,9.097271729,44.44804539,1.12589836,0.1875,0.0,1846.0,19.37000084,-0.0469,16.13588142,SmoothCondition,NormalCongestionCondition,AggressiveStyle
-0.5999756,68.90507507,60.08552793,17.32627755,0.45035553,0.1562,22.35294151,2166.0,28.60000038,0.0703,15.6681385,SmoothCondition,LowCongestionCondition,EvenPaceStyle
-0.2000122,68.67989349,60.12681084,17.94218245,-0.22518158,0.25,32.94117737,2180.0,28.70999908,0.0625,15.60952187,SmoothCondition,LowCongestionCondition,EvenPaceStyle
1.0,69.58061981,60.27693068,20.00823613,0.45037079,0.3242,28.23529434,2186.0,20.88999939,0.0859,15.44397449,SmoothCondition,LowCongestionCondition,EvenPaceStyle
1.2000122,69.80579376,60.36700268,21.25061912,0.22517395,0.2031,9.8039217,2159.0,22.81999969,0.0117,15.39056206,SmoothCondition,LowCongestionCondition,EvenPaceStyle
1.1000366,68.00435638,60.56215852,23.19830209,-0.67553711,0.3125,0.0,2089.0,23.13999939,-0.0234,15.26533604,SmoothCondition,LowCongestionCondition,EvenPaceStyle
-0.7000122,62.37486267,60.65223058,23.8126186,-2.25179291,0.3008,20.3921566,1968.0,25.0,-0.2382,15.17271042,SmoothCondition,LowCongestionCondition,EvenPaceStyle
-1.0999756,62.60003281,60.65598342,23.82661229,0.22517014,0.3633,0.784313738,1951.0,21.97999954,-0.2656,15.1399765,SmoothCondition,LowCongestionCondition,EvenPaceStyle
-1.4000244,61.92449951,60.64472453,23.78970041,-0.6755333,0.3476,3.529411793,1934.0,21.35000038,-0.3085,15.08078671,SmoothCondition,LowCongestionCondition,EvenPaceStyle
-1.6000366,63.7259407,60.61470057,23.60062738,0.9007225,0.5039,21.56862831,2019.0,21.54000092,-0.2187,14.93214607,SmoothCondition,LowCongestionCondition,EvenPaceStyle
-2.0,65.07701874,60.6184536,23.63381572,1.35107804,0.5547,24.70588303,2059.0,22.87000084,-0.1874,14.8746109,SmoothCondition,LowCongestionCondition,EvenPaceStyle
-2.2999878,66.65327454,60.64847755,23.94641642,1.5762558,0.6172,22.74509811,2089.0,19.29000092,-0.2031,14.79206276,SmoothCondition,LowCongestionCondition,EvenPaceStyle
-2.7000122,66.42809296,60.68225454,24.2726964,-0.22518158,0.6484,0.0,2079.0,21.87999916,-0.2695,14.72021103,SmoothCondition,LowCongestionCondition,EvenPaceStyle
-3.2999878,65.07701874,60.83612754,24.85998448,0.90071869,0.6406,19.2156868,2052.0,29.36000061,-0.2421,14.56443501,SmoothCondition,LowCongestionCondition,EvenPaceStyle
-2.7999878,63.27557755,61.18890959,24.84399933,-1.80144119,0.6601,32.54901886,2009.0,30.13999939,-0.2773,14.41966248,SmoothCondition,LowCongestionCondition,EvenPaceStyle
-1.7000122,62.8252182,61.29399363,24.50870904,-0.45035935,0.6445,0.392156869,1992.0,27.06999969,-0.3085,14.37623596,SmoothCondition,LowCongestionCondition,EvenPaceStyle
-1.6000366,61.47413635,61.39907761,23.86219285,-1.35108185,0.6719,0.0,1921.0,20.75,-0.3242,14.31343079,SmoothCondition,LowCongestionCondition,EvenPaceStyle
0.0999756,56.97053528,61.46663164,23.27314309,-2.02662277,0.5508,38.03921509,1810.0,22.79999924,-0.3749,14.2010088,SmoothCondition,LowCongestionCondition,EvenPaceStyle
0.6000366,57.19572067,61.45161972,23.38956576,0.22518539,0.5351,18.8235302,1748.0,22.26000023,-0.332,14.15243435,SmoothCondition,LowCongestionCondition,EvenPaceStyle
0.1000366,56.52017593,61.39907773,23.79343773,-0.67554474,0.5469,32.94117737,1785.0,22.75,-0.0781,14.05117416,SmoothCondition,LowCongestionCondition,EvenPaceStyle
0.0999756,57.19572067,61.40658379,23.72577194,0.67554474,0.4726,38.03921509,1844.0,24.68000031,0.0273,14.01373196,SmoothCondition,LowCongestionCondition,EvenPaceStyle
-0.5999756,59.67269897,61.56045678,22.23001626,1.35107803,0.3945,32.54901886,1880.0,25.94000053,-0.0039,13.94043159,SmoothCondition,LowCongestionCondition,EvenPaceStyle
0.0999756,60.12305832,61.75185973,20.47038875,0.22518158,0.4062,8.627450943,1898.0,17.40999985,-0.0547,13.81819439,SmoothCondition,LowCongestionCondition,EvenPaceStyle
-0.2000122,59.44752121,61.81566079,19.91885284,-0.67553711,0.418,0.0,1889.0,20.73999977,-0.0859,13.76935768,SmoothCondition,LowCongestionCondition,EvenPaceStyle
-0.2999878,52.6921196,61.84943778,19.71804892,-2.92733764,0.6172,14.11764717,1623.0,18.42000008,-0.1328,13.59790325,SmoothCondition,LowCongestionCondition,EvenPaceStyle
-0.0999756,51.11585999,61.77813085,20.95932847,-1.57625961,1.0268,0.0,1317.0,18.19000053,-0.3359,13.54076862,SmoothCondition,LowCongestionCondition,EvenPaceStyle
0.0,42.3338356,61.56420981,26.58060929,-8.78202439,1.2923,19.2156868,920.0,11.03999996,-0.5234,13.44789696,SmoothCondition,LowCongestionCondition,EvenPaceStyle
-0.2999878,20.49137878,60.52838186,70.88667939,-8.55683899,1.5657,23.92156982,897.0,9.100000381,-0.6953,13.32324219,SmoothCondition,LowCongestionCondition,EvenPaceStyle
0.0,11.48418045,59.04594693,144.4831115,-3.37769985,1.5461,18.8235302,883.0,8.909999847,-0.6171,13.29280663,SmoothCondition,LowCongestionCondition,EvenPaceStyle
-0.4000244,10.13309956,58.24280491,184.3685312,-1.35108089,1.4602,29.41176605,1492.0,16.15999985,-0.5624,13.31322575,SmoothCondition,LowCongestionCondition,AggressiveStyle
-0.5999756,15.53741932,54.50856997,333.0833675,1.12589932,1.3782,0.0,2352.0,29.20000076,-0.5663,13.36694622,SmoothCondition,LowCongestionCondition,AggressiveStyle
-0.5,17.33885956,53.81051203,355.6279555,1.80144024,1.2844,59.60784531,1435.0,13.47000027,-0.5234,13.35870552,SmoothCondition,LowCongestionCondition,AggressiveStyle
-0.2000122,14.41152,50.13257208,443.5281417,-2.70215989,1.4055,27.05882454,1002.0,10.81999969,-0.5429,13.37383461,SmoothCondition,LowCongestionCondition,AggressiveStyle
-0.0999756,13.73598003,49.24686414,460.4301513,-0.67553997,1.3352,17.64705849,1004.0,9.869999886,-0.5703,13.37456703,SmoothCondition,LowCongestionCondition,AggressiveStyle
-0.1000366,12.61007977,47.40038821,489.6904501,-0.45036029,0.9646,44.70588303,879.0,8.600000381,-0.4062,13.37169456,SmoothCondition,LowCongestionCondition,AggressiveStyle
0.0,10.80864048,46.4321143,503.5930125,-1.80143929,0.746,22.35294151,1030.0,10.22999954,-0.3008,13.37883759,SmoothCondition,LowCongestionCondition,AggressiveStyle
0.1000366,8.106479645,45.4225574,519.063153,-2.702160835,0.6601,23.13725471,907.0,8.960000038,-0.2656,13.40209961,SmoothCondition,LowCongestionCondition,AggressiveStyle
-0.0999756,6.755399704,44.38297658,533.7792673,-1.351079941,0.4883,29.80392265,919.0,9.340000153,-0.1836,13.4413681,SmoothCondition,LowCongestionCondition,AggressiveStyle
0.0999756,7.656119347,42.30006167,554.5105157,0.900719643,0.418,24.31372643,1162.0,13.06000042,-0.1953,13.51192093,SmoothCondition,LowCongestionCondition,AggressiveStyle
0.2000122,8.331659317,41.29425777,561.2437079,0.67553997,0.4765,23.52941132,1265.0,14.39000034,-0.2422,13.5459795,SmoothCondition,LowCongestionCondition,AggressiveStyle
-0.0999756,10.5834589,38.48701393,571.2133772,0.22517872,0.5547,11.37254906,1562.0,13.25,-0.3242,13.60748005,SmoothCondition,LowCongestionCondition,EvenPaceStyle
-0.5,10.35828018,37.62007089,574.1879692,-0.22517872,0.7304,0.0,1470.0,13.84000015,-0.4023,13.6425972,SmoothCondition,LowCongestionCondition,EvenPaceStyle
-0.7000122,9.232379913,36.73061,576.4658347,-1.125900267,0.7343,18.03921509,1049.0,8.789999962,-0.4062,13.68529987,SmoothCondition,LowCongestionCondition,EvenPaceStyle
-0.5,6.305039883,35.80361901,580.5238772,-2.92734003,0.9296,24.31372643,846.0,8.300000191,-0.5039,13.71657658,SmoothCondition,LowCongestionCondition,EvenPaceStyle
1.3000488,12.61007977,4.00820392,34.56741814,4.728779797,-0.0547,5.882352829,1485.0,16.63999939,0.082,13.87135792,SmoothCondition,LowCongestionCondition,EvenPaceStyle
1.2000122,19.14029884,3.910625903,31.74707388,3.82806015,-0.289,63.13725662,1782.0,26.27000046,0.2266,13.85415459,SmoothCondition,LowCongestionCondition,EvenPaceStyle
1.2000122,29.27339935,4.293431886,45.37393258,4.05323982,-0.4062,28.23529434,2238.0,31.80999947,0.1719,13.85023689,SmoothCondition,LowCongestionCondition,AggressiveStyle
0.9000244,31.52519989,4.589918884,56.34229192,2.25180054,-0.3515,0.0,2167.0,20.64999962,0.1133,13.8307209,SmoothCondition,LowCongestionCondition,AggressiveStyle
-0.2999878,3.828059673,5.685794838,87.06590619,-8.331659797,0.4608,24.31372643,811.0,8.130000114,-0.2656,13.91247559,SmoothCondition,LowCongestionCondition,AggressiveStyle
0.4000244,9.232379913,4.582412877,88.5874309,9.232379913,0.211,42.35294342,1528.0,19.96999931,-0.0742,13.96307564,SmoothCondition,LowCongestionCondition,EvenPaceStyle
0.5,15.31223869,4.837616855,90.11663277,6.079858777,0.043,21.17647171,2279.0,27.62999916,-0.0352,14.01187706,SmoothCondition,LowCongestionCondition,EvenPaceStyle
0.7000122,22.51799965,5.501897842,96.82164594,5.17914009,-0.2812,58.03921509,1762.0,27.96999931,0.1055,14.09355831,SmoothCondition,LowCongestionCondition,EvenPaceStyle
0.7999878,27.92231941,5.967269832,104.6082588,5.40431976,-0.4569,60.39215851,2168.0,40.33000183,0.1406,14.12153912,SmoothCondition,LowCongestionCondition,AggressiveStyle
1.1000366,33.32663727,6.522713786,116.3780147,5.40431786,-0.66,47.45098114,2591.0,43.95000076,0.207,14.15815449,SmoothCondition,LowCongestionCondition,AggressiveStyle
1.4000244,39.63167572,7.183241715,133.7929255,6.30503845,-0.6679,0.0,2929.0,37.36000061,0.1602,14.17972946,SmoothCondition,LowCongestionCondition,AggressiveStyle
1.5,41.88347626,7.881299653,152.8314038,2.25180054,-0.8358,77.64705658,2025.0,27.53000069,0.3515,14.1998167,SmoothCondition,LowCongestionCondition,AggressiveStyle
1.2000122,55.84463882,10.39205653,235.6074032,4.95396423,-1.1952,49.01960754,2488.0,46.75999832,0.6132,14.25227928,SmoothCondition,LowCongestionCondition,AggressiveStyle
1.2999878,59.44752121,11.38284855,273.5657701,3.60288239,-1.328,62.35294342,2429.0,28.87999916,0.621,14.20923805,SmoothCondition,LowCongestionCondition,AggressiveStyle
1.2000122,62.60003281,13.4282334,349.6446443,2.47697449,-1.3202,16.47058868,1991.0,28.90999985,0.6914,14.11591721,SmoothCondition,LowCongestionCondition,AggressiveStyle
0.7999878,63.27557755,14.35147136,390.3708672,0.67554474,-1.2459,42.74509811,1994.0,24.82999992,0.7695,14.05862427,SmoothCondition,LowCongestionCondition,AggressiveStyle
0.0999756,63.95111847,15.20715534,431.2718985,0.67554092,-1.328,75.29412079,2036.0,32.79000092,0.8164,14.0160656,SmoothCondition,LowCongestionCondition,AggressiveStyle
-0.8999634,68.90507507,16.88474628,521.09724,2.70215606,-1.4022,54.11764908,2217.0,41.38999939,0.9257,13.98758316,SmoothCondition,LowCongestionCondition,AggressiveStyle
-1.5999756,73.40867615,18.40846419,621.5486884,0.90071869,-1.2147,47.84313965,2306.0,39.15000153,0.7773,13.97976589,SmoothCondition,LowCongestionCondition,EvenPaceStyle
-1.8999634,74.30940247,19.12153423,671.0801802,0.90072632,-1.1132,25.09803963,2352.0,35.11000061,0.746,13.9818325,SmoothCondition,LowCongestionCondition,EvenPaceStyle
-2.1000366,75.88565826,21.51594812,824.186833,-0.67553711,-0.703,58.4313736,2409.0,40.06000137,0.5703,13.93694115,SmoothCondition,LowCongestionCondition,EvenPaceStyle
-3.4000244,74.30940247,25.92197015,994.5877559,-2.47697448,-0.0547,0.0,2357.0,26.31999969,0.2578,13.82505226,SmoothCondition,LowCongestionCondition,EvenPaceStyle
-4.5,62.8252182,30.47435916,1050.719473,-3.37770081,0.621,54.90196228,1953.0,22.55999947,-0.0234,13.7033453,SmoothCondition,LowCongestionCondition,EvenPaceStyle
-4.2999878,64.17630005,32.58354521,1051.213877,1.80143738,0.5937,12.54901981,2073.0,37.97000122,0.0,13.67751789,SmoothCondition,LowCongestionCondition,EvenPaceStyle
-3.6999512,66.42809296,33.69068009,1051.387117,2.25179291,0.5351,13.72549057,2107.0,28.70999908,-0.0234,13.64452744,SmoothCondition,LowCongestionCondition,EvenPaceStyle
-1.7999878,65.52737427,35.88993788,1043.336021,-0.90071869,0.664,21.56862831,2040.0,22.71999931,-0.1758,13.56768036,SmoothCondition,LowCongestionCondition,EvenPaceStyle
-0.7999878,69.13024902,39.21134253,1014.23311,3.60287475,0.4687,100.0,2204.0,49.49000168,-0.0781,13.59761333,SmoothCondition,LowCongestionCondition,EvenPaceStyle
-0.5,73.63385773,40.43857349,1006.724879,4.50360871,0.4609,42.35294342,2350.0,48.70999908,-0.0547,13.60517693,SmoothCondition,LowCongestionCondition,EvenPaceStyle
-0.6000366,76.33602142,41.71084051,999.2033326,2.70216369,0.4257,27.84313774,2410.0,36.95000076,-0.043,13.60305786,SmoothCondition,LowCongestionCondition,EvenPaceStyle
-0.5,76.78637695,42.99061346,988.9021447,0.45035553,0.5429,0.392156869,2413.0,34.18999863,-0.0703,13.61515903,SmoothCondition,LowCongestionCondition,EvenPaceStyle
-1.0,75.88565826,44.25537443,974.290516,-0.90071869,0.664,0.0,2374.0,27.81999969,-0.043,13.62164021,SmoothCondition,LowCongestionCondition,EvenPaceStyle
-1.7000122,70.03097534,47.8394894,900.020727,-1.1259079,0.7031,7.450980663,2198.0,25.81999969,-0.0781,13.64495659,SmoothCondition,LowCongestionCondition,EvenPaceStyle
-1.7999878,68.90507507,48.98790731,867.4107326,-1.12590027,0.6913,13.72549057,2175.0,26.95000076,-0.0352,13.68239975,SmoothCondition,LowCongestionCondition,EvenPaceStyle
-2.8000488,66.87845612,51.23970722,792.6047291,-1.35108184,0.5547,21.17647171,2135.0,26.96999931,0.0273,13.72221279,SmoothCondition,LowCongestionCondition,EvenPaceStyle
-3.0999756,66.65327454,52.35059512,750.8763587,-0.22518158,0.5,23.13725471,2099.0,28.20000076,0.0195,13.77574539,SmoothCondition,LowCongestionCondition,EvenPaceStyle
-2.9000244,67.1036377,54.579877,660.0775014,0.45036316,0.707,8.235294342,2113.0,29.85000038,0.0508,13.86357975,SmoothCondition,LowCongestionCondition,EvenPaceStyle
-2.40002441,66.87845612,55.69451793,610.886766,-0.22518158,0.7383,0.0,2099.0,25.43000031,0.0117,13.90475178,SmoothCondition,LowCongestionCondition,EvenPaceStyle
-0.7000122,63.27557755,58.94461578,446.9132663,-2.02662277,0.8398,9.019607544,1973.0,22.68000031,-0.0391,14.00615406,SmoothCondition,LowCongestionCondition,EvenPaceStyle
-0.2999878,62.14967728,59.98044373,387.1069666,-1.12590027,0.9921,0.0,1942.0,24.54000092,-0.0781,14.054389,SmoothCondition,LowCongestionCondition,EvenPaceStyle
0.60003661,57.19572067,62.76516968,213.7746815,-1.57625962,1.2773,21.17647171,1783.0,21.79999924,-0.2383,14.17712879,SmoothCondition,LowCongestionCondition,EvenPaceStyle
0.29998779,56.74535751,63.45572167,175.7381689,-0.45036316,1.332,1.568627477,1784.0,21.92000008,-0.25,14.23430061,SmoothCondition,LowCongestionCondition,EvenPaceStyle
-0.5,56.29499817,64.10499064,140.1316939,-0.45035934,1.2617,36.07843018,1760.0,19.87000084,-0.2031,14.27044106,SmoothCondition,LowCongestionCondition,EvenPaceStyle
-1.20001219,55.61945724,64.6566816,111.7294004,-0.67554093,1.1992,45.49019623,1761.0,23.09000015,-0.1523,14.30292606,SmoothCondition,LowCongestionCondition,EvenPaceStyle
-1.49999999,56.29499817,65.12955958,89.81563038,0.67554093,1.1093,44.70588303,1795.0,25.22999954,-0.0937,14.34674931,SmoothCondition,LowCongestionCondition,EvenPaceStyle
-0.2000122,30.17411804,23.05843119,95.16095098,-0.45035935,0.6836,11.76470566,2196.0,24.40999985,-0.0547,14.38155746,SmoothCondition,LowCongestionCondition,EvenPaceStyle
0.10003662,29.49857903,23.05467819,94.79808793,-0.45035934,0.7656,5.882352829,2113.0,23.32999992,-0.1602,14.38527489,SmoothCondition,LowCongestionCondition,EvenPaceStyle
-0.09997559,29.04821777,23.09220817,95.16821304,-0.45036126,0.8046,0.0,2046.0,21.63999939,-0.2422,14.3819046,SmoothCondition,LowCongestionCondition,EvenPaceStyle
-1.39996338,17.78922081,22.94584122,95.95419933,-2.25179863,1.1132,11.76470566,1241.0,13.26000023,-0.125,14.48527813,SmoothCondition,LowCongestionCondition,EvenPaceStyle
-1.40002442,16.43813896,22.81448622,96.6224734,-1.35108185,0.9999,25.88235283,1194.0,12.97000027,-0.0352,14.50905228,SmoothCondition,LowCongestionCondition,EvenPaceStyle
-1.5,16.66331863,22.69063721,97.22041796,0.22517967,0.9452,20.3921566,1216.0,13.13000011,-0.0039,14.51869488,SmoothCondition,LowCongestionCondition,EvenPaceStyle
-1.0,26.79641914,21.79742324,96.70550925,4.72878074,0.7304,45.09804153,2011.0,32.88999939,0.1875,14.69508839,SmoothCondition,LowCongestionCondition,AggressiveStyle
-0.5,30.84966087,21.71110424,94.65404885,4.05324173,0.8085,34.11764908,2250.0,39.81999969,0.1523,14.73167038,SmoothCondition,LowCongestionCondition,AggressiveStyle
-0.39996338,32.87627792,21.64730324,92.95268967,2.02661705,0.6835,83.92156982,2040.0,22.55999947,0.0625,14.75466633,SmoothCondition,LowCongestionCondition,AggressiveStyle
-0.59997558,34.45253754,21.62478514,92.33476097,1.57625962,0.6406,70.98039246,1516.0,21.46999931,0.1211,14.79027081,SmoothCondition,LowCongestionCondition,AggressiveStyle
-0.90002441,38.28059769,21.68483312,94.14528064,3.82806015,0.621,45.88235474,1662.0,24.21999931,0.1367,14.83039474,SmoothCondition,LowCongestionCondition,EvenPaceStyle
-1.2000122,40.53239822,21.81994111,98.19213731,2.25180053,0.5117,37.25490189,1745.0,24.72999954,0.0977,14.8713665,SmoothCondition,LowCongestionCondition,EvenPaceStyle
-1.0,42.10865784,22.01134412,103.8177994,1.57625962,0.4101,37.64706039,1808.0,26.12999916,0.1367,14.91014004,SmoothCondition,LowCongestionCondition,EvenPaceStyle
-0.60003662,43.23456192,22.26654816,110.7936909,1.12590408,0.3671,32.15686417,1860.0,26.86000061,0.2266,14.94994831,SmoothCondition,LowCongestionCondition,EvenPaceStyle
-0.69995118,44.13527679,22.57429413,118.6067726,0.90071487,0.2656,31.76470566,1905.0,28.02000046,0.2656,14.99144173,SmoothCondition,LowCongestionCondition,EvenPaceStyle
-0.90002442,45.9367218,22.93833517,127.6837417,1.80144501,0.1445,6.666666985,1936.0,26.62999916,0.1641,15.02769661,SmoothCondition,LowCongestionCondition,EvenPaceStyle
-1.10003662,44.81082153,23.33240023,135.5812079,-1.12590027,0.0703,5.882352829,1897.0,23.11000061,0.1484,15.0290947,SmoothCondition,LowCongestionCondition,EvenPaceStyle
-0.5,40.98275757,24.18808413,144.9183347,-2.02661896,-0.0312,12.94117641,1784.0,18.48999977,0.1016,15.01266575,SmoothCondition,LowCongestionCondition,EvenPaceStyle
0.0,41.20793915,24.67972713,146.9429808,0.22518158,0.0273,14.11764717,1750.0,17.36000061,0.0273,15.02292824,SmoothCondition,LowCongestionCondition,EvenPaceStyle
0.5,38.95613861,25.19388811,145.4731791,-2.25180054,-0.0078,0.0,1674.0,17.04999924,-0.0195,15.0420084,SmoothCondition,LowCongestionCondition,EvenPaceStyle
2.39996338,25.4453373,26.76639506,116.4957586,-7.20576286,0.496,34.11764908,1207.0,12.63000011,-0.3047,15.01070881,SmoothCondition,LowCongestionCondition,EvenPaceStyle
2.60003662,19.5906601,27.09290606,105.1170247,-5.8546772,0.7108,19.2156868,941.0,9.199999809,-0.4687,14.99653339,SmoothCondition,LowCongestionCondition,EvenPaceStyle
2.7999878,15.53741932,27.35186305,94.87092626,-4.05324078,0.992,21.17647171,893.0,9.050000191,-0.5781,15.02325249,SmoothCondition,LowCongestionCondition,EvenPaceStyle
2.5,5.179140091,27.43818205,90.51598004,-10.35827923,1.0584,24.70588303,865.0,8.260000229,-0.6367,15.08062267,SmoothCondition,LowCongestionCondition,EvenPaceStyle
1.89996338,4.728779793,27.36312205,93.63339833,-0.450360298,0.9061,47.84313965,1039.0,11.18000031,-0.5781,15.16078091,SmoothCondition,LowCongestionCondition,EvenPaceStyle
1.5,12.38489914,27.23927304,97.46552857,3.602880479,1.0311,14.50980377,1618.0,17.98999977,-0.6836,15.30828094,SmoothCondition,LowCongestionCondition,EvenPaceStyle
1.2000122,11.0338192,27.08164705,101.1196286,-1.35107994,1.1365,0.784313738,1238.0,10.27999973,-0.7344,15.37493134,SmoothCondition,LowCongestionCondition,EvenPaceStyle
0.90002441,6.530220032,26.78891306,108.0398841,-4.503599168,1.2811,1.568627477,792.0,9.100000381,-0.6719,15.44445992,SmoothCondition,LowCongestionCondition,EvenPaceStyle
0.20001221,6.079859734,26.45489605,115.1877583,-0.450360298,1.3475,23.92156982,850.0,8.449999809,-0.6758,15.52846241,SmoothCondition,LowCongestionCondition,AggressiveStyle
-0.90002441,7.205760002,22.78070916,182.6193423,7.205760002,0.9803,61.56863022,1413.0,17.34000015,-0.3906,15.68431664,SmoothCondition,LowCongestionCondition,EvenPaceStyle
-1.09997559,16.21295929,22.34536123,187.2124486,3.15251923,0.2695,71.37255096,1555.0,21.04000092,-0.1367,15.85874462,SmoothCondition,LowCongestionCondition,EvenPaceStyle
-0.90002441,23.41871834,22.3641262,187.2315708,7.20575905,0.0898,45.49019623,1878.0,28.15999985,-0.0078,15.93393993,SmoothCondition,LowCongestionCondition,EvenPaceStyle
-1.10003662,28.37267876,22.47671619,188.1820941,-0.22518158,-0.0742,36.47058868,2341.0,40.25999832,0.0937,16.0923748,SmoothCondition,LowCongestionCondition,AggressiveStyle
-1.30004882,34.00217819,22.58930619,190.1690829,2.4769783,-0.0898,69.80392456,1598.0,22.95999908,0.0781,16.17069817,SmoothCondition,LowCongestionCondition,AggressiveStyle
-0.5,37.379879,22.70189621,192.7697012,3.37770081,-0.1797,51.76470566,1721.0,24.78000069,0.1133,16.21945763,SmoothCondition,LowCongestionCondition,AggressiveStyle
-0.2999878,39.63167572,22.85952218,196.6560161,2.25179672,-0.2344,31.76470566,1789.0,23.78000069,0.1719,16.25325394,SmoothCondition,LowCongestionCondition,AggressiveStyle
0.20001221,41.88347626,23.05843114,201.8980012,2.25180054,-0.3125,16.86274529,1790.0,17.94000053,0.1875,16.26360703,SmoothCondition,LowCongestionCondition,AggressiveStyle
0.20001221,41.65829849,24.0679882,225.6815245,-2.7021637,-0.3672,0.784313738,1731.0,17.92000008,0.0313,16.29194069,SmoothCondition,LowCongestionCondition,AggressiveStyle
-0.59997559,39.85686111,24.7022452,234.0423621,-1.12589646,-0.3789,26.27450943,1721.0,23.01000023,0.0859,16.32189178,SmoothCondition,LowCongestionCondition,EvenPaceStyle
-1.0,42.3338356,25.52039909,241.1555851,1.35107803,-0.1875,34.50980377,1840.0,25.67000008,-0.0117,16.38443184,SmoothCondition,LowCongestionCondition,EvenPaceStyle
-1.2999878,43.91009903,25.97451209,245.3481287,1.57626343,-0.1641,26.66666794,1876.0,26.27000046,-0.0625,16.4114666,SmoothCondition,LowCongestionCondition,EvenPaceStyle
-0.89996338,43.45973969,26.40986009,249.0733323,-0.45035934,-0.1445,24.70588303,1916.0,23.95999908,0.0,16.41797447,SmoothCondition,LowCongestionCondition,EvenPaceStyle
-0.5,42.78419876,26.88649108,250.8542456,-0.67554093,-0.0625,23.92156982,1946.0,25.20999908,-0.0859,16.43638039,SmoothCondition,LowCongestionCondition,EvenPaceStyle
-0.29998779,47.28779984,27.44193509,254.7633664,4.50360108,0.0391,21.56862831,1959.0,22.98999977,-0.1055,16.43817711,SmoothCondition,LowCongestionCondition,EvenPaceStyle
0.59997559,0.0,28.87558093,254.3455007,-1.576259971,1.6639,25.09803963,801.0,7.96999979,-0.5898,20.17099953,SmoothCondition,LowCongestionCondition,EvenPaceStyle
-0.59997559,9.232379913,22.0638864,277.2459447,9.232379913,1.1014,4.705882549,1677.0,21.51000023,-0.3945,20.48497391,SmoothCondition,LowCongestionCondition,EvenPaceStyle
-1.0,13.06044006,21.62103247,273.1894642,3.828060147,0.9296,73.72549438,1331.0,11.73999977,-0.3359,20.60959435,SmoothCondition,LowCongestionCondition,EvenPaceStyle
-1.09997559,15.08705902,21.21570849,268.384596,2.02661896,0.8046,47.05882263,1179.0,13.67000008,-0.2656,20.74455261,SmoothCondition,LowCongestionCondition,EvenPaceStyle
-1.0,18.46475983,20.84416156,261.8998554,3.37770081,0.6522,39.2156868,1413.0,16.80999947,-0.2109,20.8170948,SmoothCondition,LowCongestionCondition,EvenPaceStyle
-1.20001221,20.26619911,20.49888558,254.910331,1.80143928,0.539,21.17647171,1559.0,19.07999992,-0.1523,20.88850212,SmoothCondition,LowCongestionCondition,EvenPaceStyle
-1.40002441,21.84246063,20.21365762,249.0841226,1.57626152,0.3828,21.56862831,1636.0,15.90999985,-0.0508,20.94129181,SmoothCondition,LowCongestionCondition,EvenPaceStyle
-1.5,24.99497986,19.92842971,244.1787601,2.02661896,-0.0586,26.66666794,1796.0,23.45000076,0.1406,21.11173439,SmoothCondition,LowCongestionCondition,EvenPaceStyle
-1.5,25.89570045,20.04852573,244.7983478,-0.45035935,0.0,6.666666985,1734.0,18.20999908,0.1523,21.2430706,SmoothCondition,LowCongestionCondition,AggressiveStyle
-1.29998779,24.54461861,20.24368171,244.2203561,-1.35108184,0.0196,7.843137264,1668.0,15.31000042,0.1484,21.27178764,SmoothCondition,LowCongestionCondition,AggressiveStyle
-0.80004882,23.64389992,20.51014472,241.6585697,-0.90071869,0.0352,8.235294342,1607.0,16.68000031,0.125,21.32094955,SmoothCondition,LowCongestionCondition,AggressiveStyle
-0.7000122,22.0676384,21.13314269,231.6832897,-0.45036125,0.0781,7.450980663,1547.0,14.42000008,0.1016,21.40785217,SmoothCondition,LowCongestionCondition,EvenPaceStyle
-0.69995118,21.39209938,21.48967768,223.9854983,-0.67553902,0.0078,31.76470566,1480.0,15.15999985,0.125,21.46299553,SmoothCondition,LowCongestionCondition,EvenPaceStyle
-0.59997559,22.0676384,21.85747165,216.0263703,0.67553902,-0.0586,32.15686417,1568.0,18.90999985,0.1641,21.54791832,SmoothCondition,LowCongestionCondition,EvenPaceStyle
-0.5,22.9683609,22.24027767,207.8008208,0.9007225,-0.1406,45.88235474,1741.0,24.18000031,0.2148,21.63059807,SmoothCondition,LowCongestionCondition,EvenPaceStyle
0.7999878,27.47196007,23.01714863,195.1375911,2.02662277,0.0508,32.54901886,2246.0,38.13000107,0.1367,21.7871933,SmoothCondition,LowCongestionCondition,EvenPaceStyle
1.2000122,30.84966087,23.34365965,193.7256863,3.3777008,0.1601,39.60784531,2241.0,25.90999985,0.1484,21.82581711,SmoothCondition,LowCongestionCondition,EvenPaceStyle
1.60003662,35.35326004,23.85031467,196.4511357,2.70215988,0.3125,0.784313738,1550.0,18.86000061,0.1094,21.84052277,SmoothCondition,LowCongestionCondition,EvenPaceStyle
1.90002441,28.14749908,24.0492236,198.811987,-4.2784195,0.7734,24.70588303,1160.0,11.90999985,-0.125,21.82122803,SmoothCondition,LowCongestionCondition,EvenPaceStyle
2.09997559,24.09425926,23.83905562,196.0526628,-4.05323982,1.0272,19.6078434,1134.0,11.30000019,-0.2539,21.83027458,SmoothCondition,LowCongestionCondition,EvenPaceStyle
1.89996338,18.01440048,23.49002665,192.6304787,-6.07985878,1.2341,22.35294151,925.0,9.079999924,-0.375,21.86090088,SmoothCondition,LowCongestionCondition,EvenPaceStyle
1.5,10.5834589,22.94208864,188.389392,-7.43094158,1.3552,22.74509811,873.0,8.619999886,-0.4062,21.94882202,SmoothCondition,LowCongestionCondition,EvenPaceStyle
1.2999878,6.079859734,22.29281965,184.5063558,-4.503599166,1.1638,39.2156868,855.0,8.159999847,-0.3555,22.08223534,SmoothCondition,LowCongestionCondition,EvenPaceStyle
1.39996338,7.205760002,21.00929359,176.4403118,3.377700329,1.0623,21.17647171,1247.0,14.42000008,-0.3281,22.31565475,SmoothCondition,LowCongestionCondition,AggressiveStyle
1.89996338,8.782018661,20.44634361,170.7810051,1.576258659,1.0427,12.54901981,1427.0,16.29999924,-0.3086,22.37999916,SmoothCondition,LowCongestionCondition,AggressiveStyle
1.69995118,8.782018661,19.43678663,161.6482341,-0.90072155,0.9529,25.49019623,1667.0,19.75,-0.2265,22.43066597,SmoothCondition,LowCongestionCondition,AggressiveStyle
0.60003662,10.13309956,18.99393266,157.8621846,1.351080899,0.9802,10.98039246,1981.0,25.64999962,-0.1914,22.41780663,SmoothCondition,LowCongestionCondition,AggressiveStyle
-0.59997558,14.18633938,18.60737366,152.3724263,4.05323982,0.9607,78.8235321,1131.0,12.52999973,-0.168,22.36684227,SmoothCondition,LowCongestionCondition,AggressiveStyle
-1.20001221,18.23958015,18.27710967,145.8531773,4.05324077,0.992,39.2156868,1410.0,18.30999947,-0.2265,22.3362999,SmoothCondition,LowCongestionCondition,AggressiveStyle
-1.70001221,21.61728096,17.99938772,139.1818119,3.37770081,1.1092,36.07843018,1669.0,21.78000069,-0.1797,22.34039307,SmoothCondition,LowCongestionCondition,AggressiveStyle
-2.19995118,23.86907959,17.76670174,133.045237,2.25179863,1.1013,35.29411697,1839.0,26.07999992,-0.1328,22.34299278,SmoothCondition,LowCongestionCondition,EvenPaceStyle
-2.7999878,25.22015953,17.56779272,127.5755018,1.35107994,1.0388,34.11764908,2071.0,32.06999969,-0.1758,22.35392189,SmoothCondition,LowCongestionCondition,EvenPaceStyle
-3.5,29.94893837,17.47396766,124.666707,4.72877884,1.0545,20.7843132,2275.0,36.68000031,-0.1992,22.3973217,SmoothCondition,LowCongestionCondition,EvenPaceStyle
-3.79998779,32.65110016,17.45895568,124.1893261,2.70216179,0.9451,70.58823395,1948.0,19.54000092,-0.125,22.37254333,SmoothCondition,LowCongestionCondition,AggressiveStyle
-3.89996338,34.22735977,17.48147371,124.9258537,1.57625961,0.7732,68.62744904,1522.0,20.97999954,-0.0273,22.33967781,SmoothCondition,LowCongestionCondition,AggressiveStyle
-3.20001221,37.15470123,17.57154571,128.0266567,2.92734146,0.6951,0.0,1650.0,20.04000092,0.0117,22.29676819,SmoothCondition,LowCongestionCondition,AggressiveStyle
-2.0,26.57123947,18.61112669,142.2326966,-3.15252113,0.6835,24.70588303,1085.0,11.10999966,0.0039,21.97872543,SmoothCondition,LowCongestionCondition,EvenPaceStyle
-2.29998779,17.78922081,19.21160669,133.3817725,-5.40431786,0.8398,23.13725471,915.0,9.0,-0.2304,21.88859367,SmoothCondition,LowCongestionCondition,EvenPaceStyle
-2.40002442,18.01440048,19.51184669,127.0587018,0.22517967,0.9999,23.92156982,896.0,8.659999847,-0.3125,21.86280251,SmoothCondition,LowCongestionCondition,EvenPaceStyle
-3.20001221,9.457559586,19.95845368,115.7437657,-7.881299974,1.1639,24.70588303,847.0,8.449999809,-0.4296,21.90412521,SmoothCondition,LowCongestionCondition,AggressiveStyle
-3.5,4.053239822,20.02600768,113.2753274,-5.404319764,1.3006,24.31372643,848.0,8.279999733,-0.5234,21.94128418,SmoothCondition,LowCongestionCondition,AggressiveStyle
-0.90002442,8.331659317,11.13139783,163.3874966,8.331659317,0.7578,30.98039246,1392.0,16.15999985,-0.2852,21.99851418,SmoothCondition,LowCongestionCondition,EvenPaceStyle
-1.0,14.41152,10.55718885,150.6469197,2.70216083,0.6055,52.54901886,1239.0,8.300000191,-0.2148,22.01366043,SmoothCondition,LowCongestionCondition,EvenPaceStyle
-0.90002442,20.94173813,10.83115782,151.1034594,0.45035935,0.4922,7.450980663,1534.0,14.81999969,-0.1523,22.02806473,SmoothCondition,LowCongestionCondition,EvenPaceStyle
-1.0,22.0676384,11.36408377,153.6332023,1.12590027,0.4961,17.64705849,1559.0,14.89999962,-0.0977,21.99695206,SmoothCondition,LowCongestionCondition,EvenPaceStyle
-0.5,22.29281998,11.58926379,155.4929964,0.22518158,0.5664,0.0,1565.0,14.77999973,-0.0586,21.97914314,SmoothCondition,LowCongestionCondition,EvenPaceStyle
-1.0,21.39209938,11.78441977,157.0213965,-0.9007206,0.5429,4.705882549,1482.0,14.25,-0.0469,21.97066689,SmoothCondition,LowCongestionCondition,EvenPaceStyle
-1.5,19.81583786,11.96831676,157.9275012,-1.57626152,0.4961,10.1960783,1389.0,11.10000038,-0.0234,21.92930603,SmoothCondition,LowCongestionCondition,EvenPaceStyle
-1.90002442,19.14029884,12.11843675,158.7193172,-0.67553902,0.5234,0.392156869,1337.0,12.43999958,-0.0195,21.91242027,SmoothCondition,LowCongestionCondition,EvenPaceStyle
-2.10003662,17.56403732,12.17473172,159.1462358,-1.57626152,0.5664,0.0,1217.0,11.10999966,-0.0469,21.89571571,SmoothCondition,LowCongestionCondition,EvenPaceStyle
-2.20001221,15.76259995,12.13344871,158.7392553,-1.80143737,0.6093,4.705882549,1070.0,9.649999619,-0.0547,21.87461662,SmoothCondition,LowCongestionCondition,EvenPaceStyle
-2.39996338,13.06044006,11.9908347,157.2086776,-2.70215989,0.7109,22.74509811,887.0,8.399999619,-0.1094,21.86178398,SmoothCondition,LowCongestionCondition,EvenPaceStyle
-2.5,9.457559586,11.7506427,154.8673767,-3.602880474,0.7773,23.92156982,870.0,8.470000267,-0.125,21.87347794,SmoothCondition,LowCongestionCondition,EvenPaceStyle
-2.2000122,2.927339792,10.96626573,147.604913,-2.251800299,1.0156,23.13725471,850.0,8.430000305,-0.2305,21.94188309,SmoothCondition,LowCongestionCondition,EvenPaceStyle
-6.5,32.200737,38.811063580731144,171.92088758076872,2.92733765,0.441,32.15686417,2357.0,20.39999962,-0.2382,23.99102592,SmoothCondition,LowCongestionCondition,AggressiveStyle
-2.2999878,43.91009903,16.69334321,225.415733,0.22517777,-0.387,20.3921566,1890.0,12.27000046,0.082,19.02667999,SmoothCondition,LowCongestionCondition,EvenPaceStyle
-2.2000122,43.68492126,17.42142523,232.5016884,-0.22517777,-0.371,38.82352829,1874.0,12.68000031,0.0664,18.58636665,SmoothCondition,LowCongestionCondition,EvenPaceStyle
-1.9000244,45.26117706,18.17577819,239.9152956,1.5762558,-0.355,41.5686264,1917.0,18.60000038,0.0586,18.43258667,SmoothCondition,LowCongestionCondition,EvenPaceStyle
-0.9000244,48.41369629,18.98267312,249.1510246,3.15251923,-0.285,49.01960754,1970.0,25.53000069,0.0781,18.43110275,SmoothCondition,LowCongestionCondition,EvenPaceStyle
-0.2000122,49.08923721,19.80082708,257.7256139,0.67554092,-0.289,47.84313965,2064.0,25.90999985,0.0039,18.41811371,SmoothCondition,LowCongestionCondition,EvenPaceStyle
1.6000366,52.24176025,21.36207508,280.3638836,2.25180053,-0.195,39.2156868,2224.0,22.45999908,0.0117,18.26209068,SmoothCondition,LowCongestionCondition,EvenPaceStyle
2.3999634,52.6921196,22.20274707,290.0921093,0.45035935,-0.148,35.68627548,2251.0,20.84000015,-0.0625,18.10990524,SmoothCondition,LowCongestionCondition,EvenPaceStyle
3.5999756,53.36766052,23.83530206,309.8633812,-0.22517777,-0.125,34.90196228,2307.0,20.20999908,-0.0781,17.77252197,SmoothCondition,LowCongestionCondition,EvenPaceStyle
2.4000244,53.81801987,25.47536303,322.0064323,1.8014412,0.0234,20.0,2349.0,17.64999962,-0.1406,17.37577248,SmoothCondition,LowCongestionCondition,EvenPaceStyle
1.5,54.49356079,26.34605904,326.3663514,0.67554092,0.152,16.47058868,2239.0,23.71999931,-0.1641,17.31198883,SmoothCondition,LowCongestionCondition,EvenPaceStyle
1.0999756,52.24176025,27.19048405,326.6080664,-2.25180054,0.312,0.0,2175.0,23.18000031,-0.2383,17.25654602,SmoothCondition,LowCongestionCondition,EvenPaceStyle
-0.5,44.36046219,30.06903501,297.5025363,1.35108566,0.352,62.74509811,1990.0,30.52000046,-0.1797,17.2361908,SmoothCondition,LowCongestionCondition,EvenPaceStyle
-0.7000122,47.06261826,30.85341198,286.446946,2.70215607,0.336,55.29411697,2121.0,32.31999969,-0.1875,17.2931385,SmoothCondition,LowCongestionCondition,EvenPaceStyle
-0.3000488,50.89067459,31.70158989,276.3858361,3.82805633,0.246,44.31372452,2197.0,27.37999916,-0.1211,17.29532814,SmoothCondition,LowCongestionCondition,EvenPaceStyle
0.3999634,52.46693802,32.57603886,265.8829415,1.57626343,0.145,47.45098114,2283.0,27.88999939,-0.0859,17.2919693,SmoothCondition,LowCongestionCondition,EvenPaceStyle
0.7000122,54.71873856,33.37918084,262.0390813,2.25180054,0.0976,41.96078491,2358.0,23.88999939,-0.0937,17.22950363,SmoothCondition,LowCongestionCondition,EvenPaceStyle
1.5,56.52017593,34.20108777,258.8174853,1.80143737,0.0859,46.66666794,2429.0,27.34000015,-0.0898,17.20617867,SmoothCondition,LowCongestionCondition,EvenPaceStyle
1.1000366,57.19572067,35.0079828,256.1659479,0.67554474,0.109,43.92156982,2495.0,25.67000008,-0.1367,17.15392303,SmoothCondition,LowCongestionCondition,EvenPaceStyle
0.6000366,58.99715805,35.84865477,253.3424532,1.80143738,0.172,30.98039246,2533.0,21.73999977,-0.1094,17.04104996,SmoothCondition,LowCongestionCondition,EvenPaceStyle
0.7000122,59.22233582,36.7193507,247.7064622,0.22517777,0.262,29.01960754,2560.0,22.06999969,-0.0977,16.93247604,SmoothCondition,LowCongestionCondition,EvenPaceStyle
-0.0999756,59.89787674,38.46449566,233.5046907,0.22517777,0.301,6.666666985,1887.0,23.13999939,-0.0508,16.72982597,SmoothCondition,LowCongestionCondition,EvenPaceStyle
-0.5999756,60.34823608,39.3164266,226.4001877,0.45035934,0.297,53.72549057,1938.0,26.76000023,-0.0117,16.68841362,SmoothCondition,LowCongestionCondition,EvenPaceStyle
-1.0999756,63.95111847,41.05406547,215.8074229,1.35108566,0.285,50.98039246,2046.0,26.39999962,0.0781,16.59810066,SmoothCondition,LowCongestionCondition,EvenPaceStyle
-2.5999756,65.07701874,41.77088847,218.956368,1.12590027,0.246,54.11764908,2093.0,29.29999924,0.1016,16.5643158,SmoothCondition,LowCongestionCondition,EvenPaceStyle
-2.2000122,67.1036377,42.47645246,224.4282643,2.02661896,0.148,54.90196228,2144.0,29.06999969,0.125,16.52176476,SmoothCondition,LowCongestionCondition,EvenPaceStyle
-1.4000244,68.45471954,43.16325145,231.4558216,1.35108184,0.0,48.62745285,2186.0,27.04999924,0.1562,16.45684814,SmoothCondition,LowCongestionCondition,EvenPaceStyle
-0.7000122,69.80579376,43.88007436,238.4239869,1.35107422,-0.0703,50.58823776,2225.0,27.30999947,0.2305,16.38888931,SmoothCondition,LowCongestionCondition,EvenPaceStyle
-0.6000366,71.38205719,44.62692132,245.5985034,1.57626343,0.0039,52.15686417,2272.0,27.17000008,0.2617,16.31792068,SmoothCondition,LowCongestionCondition,EvenPaceStyle
-0.2999878,72.50795746,45.4075453,252.0636653,1.12590027,-0.0313,30.98039246,2273.0,18.87999916,0.2695,16.12805748,SmoothCondition,LowCongestionCondition,EvenPaceStyle
0.0999756,72.05760193,47.97084428,251.4863771,-0.45035553,0.148,36.86274719,2292.0,21.96999931,0.2031,15.84496117,SmoothCondition,LowCongestionCondition,EvenPaceStyle
0.5999756,72.50795746,48.93536525,241.9115752,0.45035553,0.199,38.82352829,2298.0,21.15999985,0.1641,15.71251297,SmoothCondition,LowCongestionCondition,EvenPaceStyle
0.2999878,73.63385773,51.05205733,204.9797175,0.90071106,0.309,37.25490189,2301.0,21.51000023,0.1094,15.3336668,SmoothCondition,LowCongestionCondition,EvenPaceStyle
-0.2999878,72.05760193,52.01282536,188.7647923,-1.5762558,0.32,32.94117737,2302.0,19.89999962,0.0664,15.2028265,SmoothCondition,LowCongestionCondition,EvenPaceStyle
-0.7000122,72.95832062,53.79925343,164.2021091,-0.22518158,0.277,27.84313774,2269.0,16.45000076,0.0,15.01444244,SmoothCondition,LowCongestionCondition,EvenPaceStyle
-0.9000244,72.28277588,54.55735938,157.0496356,-0.67554474,0.203,34.11764908,2267.0,19.42000008,-0.0117,14.89229107,SmoothCondition,LowCongestionCondition,EvenPaceStyle
-1.2000122,72.50795746,55.27793535,151.1477975,0.22518158,0.305,23.52941132,2234.0,20.70000076,-0.0469,14.79249763,SmoothCondition,LowCongestionCondition,EvenPaceStyle
-1.4000244,71.6072464,55.9347105,146.2021721,-0.90071106,0.387,0.0,2173.0,23.5,-0.1016,14.7274828,SmoothCondition,LowCongestionCondition,EvenPaceStyle
-1.7999878,39.63167572,58.40793756,111.8421952,-3.6028862,1.38,66.66666412,1265.0,9.409999847,-0.5859,14.07712555,SmoothCondition,LowCongestionCondition,EvenPaceStyle
-2.4000244,39.18132019,58.32912458,114.5388529,-0.45035553,1.33,79.21569061,1261.0,14.02999973,-0.5,14.04724503,SmoothCondition,LowCongestionCondition,EvenPaceStyle
2.2000122,8.106479645,16.95605361,63.45352809,0.0,0.8906,23.92156982,1160.0,9.359999657,-0.3047,25.33601189,SmoothCondition,LowCongestionCondition,EvenPaceStyle
2.59997558,6.305039883,16.97481861,63.04924051,-0.900720119,0.8671,17.64705849,1054.0,6.96999979,-0.2852,25.40183067,SmoothCondition,LowCongestionCondition,EvenPaceStyle
3.30004882,2.026619911,16.72712065,68.30547866,-3.15252018,0.8164,25.49019623,807.0,7.320000172,-0.2969,25.57022285,SmoothCondition,LowCongestionCondition,EvenPaceStyle
-0.3000488,111.6892776,116.6019536,19.28804499,0.6755371,0.41,59.60784531,2253.0,31.51000023,-0.5039,10.00047779,SmoothCondition,LowCongestionCondition,EvenPaceStyle
-0.5,113.9410706,116.0690273,19.31543109,0.225174,0.34,51.37255096,2292.0,32.97000122,-0.414,9.934053421,SmoothCondition,LowCongestionCondition,EvenPaceStyle
-0.9000244,113.7158966,115.8588595,19.05084354,-1.1259003,0.437,37.25490189,2292.0,23.46999931,-0.2617,9.830170631,SmoothCondition,LowCongestionCondition,EvenPaceStyle
-1.1999512,114.1662521,115.7687874,18.85764482,0.4503555,0.469,45.49019623,2287.0,23.95000076,-0.1914,9.782176971,SmoothCondition,LowCongestionCondition,EvenPaceStyle
-1.5,113.9410706,115.6824682,18.71631195,-0.2251815,0.371,45.09804153,2286.0,25.28000069,-0.289,9.738400459,SmoothCondition,LowCongestionCondition,EvenPaceStyle
-1.8999634,114.3914413,115.6074081,18.56390647,0.4503707,0.363,45.49019623,2291.0,25.02000046,-0.3125,9.699338913,SmoothCondition,LowCongestionCondition,EvenPaceStyle
-2.1999512,114.6166153,115.5398542,18.41694525,0.225174,0.375,45.09804153,2296.0,25.43000031,-0.3359,9.662167549,SmoothCondition,LowCongestionCondition,EvenPaceStyle
-2.8999634,115.29216,115.3784753,18.09103789,0.6755447,0.48,43.13725662,2303.0,24.03000069,-0.1484,9.555710793,SmoothCondition,LowCongestionCondition,EvenPaceStyle
-3.5,115.517334,115.3334394,17.95249929,0.225174,0.559,34.50980377,2304.0,22.94000053,-0.0625,9.523532867,SmoothCondition,LowCongestionCondition,EvenPaceStyle
-4.0,115.29216,115.2771445,17.76063319,-0.225174,0.57,43.92156982,2312.0,24.25,-0.0547,9.495377541,SmoothCondition,LowCongestionCondition,EvenPaceStyle
-4.5,115.0669708,115.2133433,17.5353917,-0.2251892,0.566,27.84313774,2313.0,23.18000031,-0.0859,9.465982437,SmoothCondition,LowCongestionCondition,EvenPaceStyle
-5.0,115.29216,115.0144342,16.59439284,-0.225174,0.523,49.41176605,2312.0,21.15999985,-0.3242,9.321332932,SmoothCondition,LowCongestionCondition,EvenPaceStyle
-5.20001219,115.517334,114.8493023,15.60364952,0.225174,0.652,41.17647171,2340.0,29.54000092,-0.2695,9.279604912,SmoothCondition,LowCongestionCondition,EvenPaceStyle
-5.49999999,116.6432419,114.7704894,14.9307635,1.1259079,0.73,24.31372643,2342.0,20.36000061,-0.2421,9.234663963,SmoothCondition,LowCongestionCondition,EvenPaceStyle
-5.60003661,116.8684235,114.6879234,14.15556243,0.2251816,0.773,28.62745094,2347.0,17.54999924,-0.2617,9.180957794,SmoothCondition,LowCongestionCondition,EvenPaceStyle
-5.69995119,117.0935974,114.6016045,13.27100029,0.2251739,0.781,28.23529434,2341.0,19.12000084,-0.3242,9.136158943,SmoothCondition,LowCongestionCondition,EvenPaceStyle
-5.80004881,116.8684235,114.5002736,12.16685659,-0.2251739,0.828,31.76470566,2335.0,19.29999924,-0.2968,9.093142509,SmoothCondition,LowCongestionCondition,EvenPaceStyle
-6.0999756,116.6432419,114.4026958,11.15090486,-0.2251816,0.797,35.29411697,2336.0,19.87999916,-0.3437,9.067367554,SmoothCondition,LowCongestionCondition,EvenPaceStyle
-6.09997558,115.7425156,114.1324796,8.645509701,-0.4503555,0.773,38.4313736,2315.0,17.40999985,-0.5312,8.979017258,SmoothCondition,LowCongestionCondition,EvenPaceStyle
-6.30004882,115.0669708,113.9410763,6.999150175,-0.6755448,0.895,16.47058868,2313.0,20.15999985,-0.5468,8.937062263,SmoothCondition,LowCongestionCondition,EvenPaceStyle
-5.69995118,114.6166153,113.8359924,6.16975087,-0.4503555,0.977,0.0,2288.0,23.25,-0.539,8.918409348,SmoothCondition,LowCongestionCondition,EvenPaceStyle
-5.30004882,113.0403519,113.7158964,5.469377444,-1.5762634,0.961,25.88235283,2256.0,24.40999985,-0.5898,8.906988144,SmoothCondition,LowCongestionCondition,EvenPaceStyle
-4.59997559,111.0137405,113.5770354,5.036384505,-2.0266114,0.996,0.0,2238.0,20.80999947,-0.6367,8.895834923,SmoothCondition,LowCongestionCondition,EvenPaceStyle
-1.60003662,98.85401917,112.6312794,14.24322482,-1.80142973,1.46,10.98039246,1693.0,16.48999977,-0.4375,8.771211624,SmoothCondition,LowCongestionCondition,EvenPaceStyle
-1.5,97.50293732,112.4173584,17.9866616,-1.35108185,1.37,49.80392075,2384.0,22.67000008,-0.4687,8.756570816,SmoothCondition,LowCongestionCondition,EvenPaceStyle
-1.70001221,97.7281189,112.1921785,21.5687407,0.22518158,1.31,70.58823395,2416.0,42.68000031,-0.457,8.766572952,SmoothCondition,LowCongestionCondition,EvenPaceStyle
-1.20001221,100.2050934,112.0157875,23.93913414,2.4769745,1.29,67.05882263,2454.0,43.93000031,-0.3633,8.777177811,SmoothCondition,LowCongestionCondition,EvenPaceStyle
-1.19995118,100.8806381,111.8581615,25.96771858,0.6755447,1.2,40.39215851,2467.0,44.29000092,-0.4531,8.786558151,SmoothCondition,LowCongestionCondition,EvenPaceStyle
-1.09997559,101.3309937,111.6967824,27.8074749,0.4503556,1.19,50.58823776,2489.0,33.54000092,-0.3789,8.787136078,SmoothCondition,LowCongestionCondition,EvenPaceStyle
-1.0,104.2583389,111.2576817,31.44511327,1.3510818,1.16,61.56863022,2539.0,38.22999954,-0.1406,8.813108444,SmoothCondition,LowCongestionCondition,EvenPaceStyle
-0.89996338,104.0331573,111.1375857,32.31507967,-0.2251816,1.06,70.98039246,2569.0,39.61000061,-0.0937,8.813165665,SmoothCondition,LowCongestionCondition,EvenPaceStyle
-1.0,105.1590576,111.0400077,32.910947,1.1259003,0.961,80.0,2602.0,53.31999969,0.082,8.82065773,SmoothCondition,LowCongestionCondition,EvenPaceStyle
-0.79998779,107.6360397,110.9874658,33.10345765,2.4769821,0.887,61.17647171,2649.0,56.45999908,0.0664,8.827479362,SmoothCondition,LowCongestionCondition,EvenPaceStyle
-0.80004882,109.6626511,110.9424297,33.13336592,-0.6755447,0.785,68.62744904,2190.0,36.68999863,0.125,8.814815521,SmoothCondition,LowCongestionCondition,EvenPaceStyle
-1.40002442,111.9144516,110.8861346,33.2242499,0.9007111,0.391,48.23529434,2242.0,39.54000092,0.1797,8.868767738,SmoothCondition,LowCongestionCondition,EvenPaceStyle
-1.10003662,112.1396408,110.8748756,33.18768149,0.2251892,0.312,49.80392075,2246.0,33.08000183,0.1719,8.858315468,SmoothCondition,LowCongestionCondition,EvenPaceStyle
-0.59997559,112.8151779,110.8823817,33.21380816,0.6755371,0.25,50.98039246,2255.0,29.07999992,0.1406,8.839526176,SmoothCondition,LowCongestionCondition,EvenPaceStyle
-1.2999878,113.2655411,110.8598637,33.12820961,1.3510895,0.203,41.17647171,2265.0,26.87999916,0.207,8.789856911,SmoothCondition,LowCongestionCondition,EvenPaceStyle
-1.59997559,112.8151779,110.8410988,33.03173996,-0.4503632,0.176,50.58823776,2273.0,23.54999924,0.1406,8.755330086,SmoothCondition,LowCongestionCondition,EvenPaceStyle
-1.5,114.1662521,110.8298397,32.94773069,1.3510742,0.219,52.94117737,2287.0,28.37999916,0.1445,8.73072052,SmoothCondition,LowCongestionCondition,EvenPaceStyle
-1.90002441,114.8417969,110.8260864,32.91966865,0.6755448,0.246,61.17647171,2305.0,36.75999832,-0.082,8.623119354,SmoothCondition,LowCongestionCondition,EvenPaceStyle
-1.7999878,115.517334,110.8410984,33.04892582,0.6755371,0.273,60.7843132,2318.0,35.02000046,-0.0664,8.616954803,SmoothCondition,LowCongestionCondition,EvenPaceStyle
-1.60003662,115.9676971,110.8636164,33.25226587,0.4503631,0.324,57.64706039,2325.0,33.54999924,-0.1133,8.622562408,SmoothCondition,LowCongestionCondition,EvenPaceStyle
2.2000122,33.77699661,92.47016455,554.512268,0.0,2.33,21.17647171,1502.0,9.359999657,-1.1639,7.593099117,SmoothCondition,LowCongestionCondition,EvenPaceStyle
-0.79998779,32.42591858,83.20025469,816.2579609,-1.57625961,2.08,50.19607925,1453.0,15.09000015,-0.9452,7.612359524,SmoothCondition,LowCongestionCondition,EvenPaceStyle
-1.89996338,36.25397873,80.62944972,858.7072827,2.02661896,1.69,53.72549057,1606.0,18.02000046,-0.8202,7.638240814,SmoothCondition,LowCongestionCondition,EvenPaceStyle
-2.2000122,38.73096085,79.41347777,870.6065233,2.47698212,1.54,50.19607925,1698.0,17.31999969,-0.7303,7.649436951,SmoothCondition,LowCongestionCondition,EvenPaceStyle
-1.89996338,40.53239822,78.22752978,877.1425019,1.80143737,1.2,39.2156868,1761.0,16.73999977,-0.5663,7.658245087,SmoothCondition,LowCongestionCondition,EvenPaceStyle
-1.70001221,42.10865784,77.08286489,879.9516091,1.57625962,1.04,45.88235474,1837.0,19.48999977,-0.2812,7.670091152,SmoothCondition,LowCongestionCondition,EvenPaceStyle
-1.7999878,43.91009903,75.97948284,878.8735414,1.80144119,0.773,42.35294342,1901.0,16.76000023,-0.1797,7.677726746,SmoothCondition,LowCongestionCondition,EvenPaceStyle
-1.40002441,44.81082153,74.87985401,873.5729174,0.9007225,0.547,0.0,1881.0,18.37000084,-0.1094,7.686423779,SmoothCondition,LowCongestionCondition,EvenPaceStyle
0.2999878,27.02159882,69.96717698,886.021873,-3.82806205,0.754,15.29411793,1149.0,17.40999985,-0.0898,7.72425127,SmoothCondition,LowCongestionCondition,EvenPaceStyle
0.40002441,24.76979828,68.63110902,898.1070992,-2.25180054,0.57,47.05882263,2086.0,36.72999954,0.0195,7.75334692,SmoothCondition,LowCongestionCondition,EvenPaceStyle
0.59997559,30.62447739,66.15788183,906.7850482,4.05323792,0.348,1.960784316,1613.0,37.72000122,0.1602,7.798787117,SmoothCondition,LowCongestionCondition,EvenPaceStyle
0.7999878,37.379879,65.084524,898.141255,6.75540161,0.164,84.70588684,1760.0,22.95999908,0.1758,7.837413311,SmoothCondition,LowCongestionCondition,EvenPaceStyle
0.40002441,41.65829849,64.06746105,882.4318844,4.27841949,-0.0118,75.29412079,1964.0,30.94000053,0.2227,7.871476173,SmoothCondition,LowCongestionCondition,EvenPaceStyle
0.30004882,46.61225891,63.12545792,860.8279661,4.95396042,-0.109,67.05882263,2143.0,36.93000031,0.2461,7.905077457,SmoothCondition,LowCongestionCondition,EvenPaceStyle
1.2000122,50.66549683,62.25851494,836.1742242,4.05323792,-0.223,46.27450943,2268.0,38.77999878,0.2578,7.937859058,SmoothCondition,LowCongestionCondition,EvenPaceStyle
0.90002441,53.59283829,61.43660796,808.7545945,2.92734146,-0.289,36.47058868,2347.0,34.47999954,0.2422,7.969614506,SmoothCondition,LowCongestionCondition,EvenPaceStyle
1.09997558,55.39427567,60.63346586,778.6106265,1.80143738,-0.273,32.94117737,2413.0,29.21999931,0.25,8.013820648,SmoothCondition,LowCongestionCondition,EvenPaceStyle
1.2999878,57.42089844,59.13226589,718.0475757,0.45036316,-0.281,16.47058868,1805.0,21.44000053,0.1406,8.089653015,SmoothCondition,LowCongestionCondition,EvenPaceStyle
1.30004882,57.87125778,58.42670196,688.975436,0.45035934,-0.328,78.4313736,1885.0,24.75,0.0859,8.118145943,SmoothCondition,LowCongestionCondition,EvenPaceStyle
1.09997558,59.89787674,57.78118594,661.1949477,2.02661896,-0.195,43.52941132,1909.0,33.43000031,0.082,8.147076607,SmoothCondition,LowCongestionCondition,EvenPaceStyle
1.09997559,61.02377701,57.17319994,634.2545755,1.12590027,-0.0665,0.0,1879.0,23.52000046,0.0781,8.166484833,SmoothCondition,LowCongestionCondition,EvenPaceStyle
0.69995118,59.67269897,56.54269597,606.3886037,-1.35107804,0.0234,13.72549057,1845.0,21.61000061,0.1016,8.182429314,SmoothCondition,LowCongestionCondition,EvenPaceStyle
-0.40002441,58.54679871,55.89342699,577.5916892,-1.12590026,0.0039,21.96078491,1834.0,16.76000023,0.1094,8.185605049,SmoothCondition,LowCongestionCondition,EvenPaceStyle
-0.2000122,56.97053528,54.66619603,525.4612097,-1.57626343,-0.285,18.4313736,1764.0,17.72999954,0.2148,8.172401428,SmoothCondition,LowCongestionCondition,EvenPaceStyle
-0.40002441,56.0698204,54.01317409,497.1433535,-0.90071488,-0.445,19.6078434,1743.0,12.38000011,0.168,8.164468765,SmoothCondition,LowCongestionCondition,EvenPaceStyle
-0.20001221,55.84463882,53.34514017,466.9710931,-0.22518158,-0.281,0.0,1712.0,11.31999969,0.0742,8.154446602,SmoothCondition,LowCongestionCondition,EvenPaceStyle
-0.5,45.9367218,50.27893934,331.2102406,-3.60287476,0.875,14.11764717,1020.0,13.60000038,-0.4375,8.170433998,SmoothCondition,LowCongestionCondition,EvenPaceStyle
-0.79998779,31.3000164,49.24686432,304.9723775,-14.6367054,1.24,21.17647171,889.0,5.599999905,-0.5703,8.149427414,SmoothCondition,LowCongestionCondition,EvenPaceStyle
-1.0,21.61728096,48.07592828,285.7198884,-9.68273544,1.56,24.70588303,953.0,8.06000042,-0.5351,8.180959702,SmoothCondition,LowCongestionCondition,AggressiveStyle
-0.59997559,20.49137878,44.52183731,244.8449637,7.20575904,1.58,20.0,1890.0,15.35999966,-0.5898,8.262699127,SmoothCondition,LowCongestionCondition,EvenPaceStyle
-0.40002441,25.4453373,43.54230434,223.3299258,4.95395852,1.67,1.960784316,1818.0,16.79999924,-0.5351,8.28621769,SmoothCondition,LowCongestionCondition,EvenPaceStyle
-0.69995118,25.67051888,42.6040544,202.8254988,0.22518158,1.75,25.09803963,1906.0,12.86999989,-0.5156,8.306836128,SmoothCondition,LowCongestionCondition,EvenPaceStyle
-0.40002441,27.02159882,41.73711143,183.6775698,1.35107994,1.82,14.11764717,1971.0,13.82999992,-0.4687,8.328298569,SmoothCondition,LowCongestionCondition,EvenPaceStyle
0.59997558,26.79641914,40.29971242,161.3362173,-0.22517968,1.48,47.84313965,2375.0,26.07999992,-0.4492,8.369867325,SmoothCondition,LowCongestionCondition,EvenPaceStyle
0.80004882,30.62447739,39.83809336,157.2012251,3.82805825,1.5,23.52941132,2126.0,30.0,-0.4726,8.396263123,SmoothCondition,LowCongestionCondition,EvenPaceStyle
0.90002441,30.84966087,39.52284147,156.799359,0.22518348,1.36,67.05882263,1636.0,19.12000084,-0.4023,8.414503098,SmoothCondition,LowCongestionCondition,EvenPaceStyle
0.5,34.00217819,39.36521544,157.0279657,3.15251732,1.17,83.92156982,1813.0,23.93000031,-0.3164,8.435763359,SmoothCondition,LowCongestionCondition,EvenPaceStyle
0.59997559,39.85686111,39.46654652,156.4923292,5.85468292,1.15,67.45098114,1989.0,31.55999947,-0.2422,8.458782196,SmoothCondition,LowCongestionCondition,AggressiveStyle
0.20001221,45.71154022,39.70298553,156.0275962,5.85467911,1.09,51.37255096,2172.0,36.97000122,-0.1133,8.482790947,SmoothCondition,LowCongestionCondition,AggressiveStyle
0.40002441,51.34103775,40.28470047,158.2022957,1.57626343,0.976,29.80392265,2254.0,25.57999992,0.0859,8.527436256,SmoothCondition,LowCongestionCondition,AggressiveStyle
-0.2999878,53.81801987,40.61871753,160.4752869,2.47698212,0.789,27.45098114,2297.0,21.51000023,0.168,8.545342445,SmoothCondition,LowCongestionCondition,AggressiveStyle
-0.39996338,54.94392014,40.97149959,163.0335068,1.12590027,0.633,20.7843132,2342.0,19.29999924,0.2227,8.568492889,SmoothCondition,LowCongestionCondition,AggressiveStyle
-0.7000122,55.1690979,41.31677559,165.608456,0.22517776,0.383,10.98039246,2337.0,17.55999947,0.2656,8.586882591,SmoothCondition,LowCongestionCondition,AggressiveStyle
-0.59997558,54.26837921,41.99982162,169.6752496,-1.12589646,-0.0039,0.0,2251.0,24.62999916,0.1406,8.630746841,SmoothCondition,LowCongestionCondition,EvenPaceStyle
-0.79998779,52.01657867,42.26253161,170.7460923,-2.25180054,0.0391,12.94117641,2229.0,21.29999924,0.1094,8.65414238,SmoothCondition,LowCongestionCondition,EvenPaceStyle
-0.60003662,52.6921196,42.57403064,171.3345833,0.67554093,0.0977,18.4313736,2240.0,18.29999924,0.1367,8.675127983,SmoothCondition,LowCongestionCondition,EvenPaceStyle
-1.0,53.14247894,42.91930664,171.3609391,0.45035934,0.082,15.68627453,2243.0,16.85000038,0.168,8.693815231,SmoothCondition,LowCongestionCondition,EvenPaceStyle
-1.30004882,52.91730118,43.23080567,171.6759909,-0.22517776,-0.0078,16.47058868,2252.0,16.29999924,0.1484,8.711847305,SmoothCondition,LowCongestionCondition,EvenPaceStyle
-1.10003662,52.46693802,43.72244862,173.0161343,0.45035935,0.0469,19.2156868,2282.0,16.82999992,0.1406,8.752462387,SmoothCondition,LowCongestionCondition,EvenPaceStyle
-0.90002442,54.71873856,44.34544667,178.4695257,0.22517777,0.281,15.29411793,2327.0,17.79000092,0.1914,8.849011421,SmoothCondition,LowCongestionCondition,EvenPaceStyle
-0.5,0.0,22.19899418,151.5771504,0.0,1.61,26.27450943,804.0,4.510000229,-0.7265,14.45579433,SmoothCondition,LowCongestionCondition,AggressiveStyle
0.2999878,9.007200241,19.40300928,164.3720422,9.007200241,1.15,47.45098114,1963.0,28.05999947,-0.4062,14.73025036,SmoothCondition,LowCongestionCondition,EvenPaceStyle
0.40002442,15.76259995,18.99393227,157.0199387,6.755399709,0.898,4.313725471,1577.0,15.14000034,-0.2969,14.85816097,SmoothCondition,LowCongestionCondition,EvenPaceStyle
0.5,20.71656036,18.22081432,139.5692722,4.95396041,0.648,25.09803963,1598.0,11.61999989,-0.1641,15.20157433,SmoothCondition,LowCongestionCondition,EvenPaceStyle
0.2999878,23.86907959,17.93933938,131.4208584,3.15251923,0.547,23.92156982,1725.0,12.84000015,-0.1562,15.29944229,SmoothCondition,LowCongestionCondition,EvenPaceStyle
0.10003662,23.41871834,17.69164139,124.8543423,-0.45036125,0.437,0.0,1622.0,16.03000069,-0.0625,15.34927559,SmoothCondition,LowCongestionCondition,EvenPaceStyle
-0.2000122,20.94173813,17.36888341,118.6649417,-1.80144119,0.301,18.4313736,1537.0,10.03999996,0.0312,15.40581608,SmoothCondition,LowCongestionCondition,AggressiveStyle
-0.39996338,22.0676384,17.32384741,118.1087224,1.12590027,0.289,20.7843132,1625.0,10.31000042,0.1211,15.46009731,SmoothCondition,LowCongestionCondition,AggressiveStyle
-0.89996338,24.31943893,17.37638943,118.6850524,2.25180053,0.371,21.17647171,1704.0,10.84000015,0.168,15.51773834,SmoothCondition,LowCongestionCondition,AggressiveStyle
-1.10003662,26.12088013,17.51900348,119.959808,1.8014412,0.363,20.7843132,1730.0,16.37000084,0.1328,15.60133362,SmoothCondition,LowCongestionCondition,AggressiveStyle
-1.2999878,25.22015953,17.69914747,120.7683544,-0.9007206,0.414,5.09803915,1688.0,11.93000031,0.1602,15.66830444,SmoothCondition,LowCongestionCondition,AggressiveStyle
-1.39996338,24.31943893,18.07820046,121.1703787,0.45035934,0.367,24.31372643,1753.0,15.02000046,0.3008,15.78322601,SmoothCondition,LowCongestionCondition,EvenPaceStyle
-1.2000122,26.79641914,18.31088646,121.9376726,2.47698021,0.254,45.09804153,1945.0,22.04999924,0.3242,15.88251495,SmoothCondition,LowCongestionCondition,EvenPaceStyle
-1.0,28.37267876,18.56233744,123.1612778,1.57625962,0.191,39.60784531,2198.0,21.14999962,0.3555,15.91258144,SmoothCondition,LowCongestionCondition,EvenPaceStyle
-0.7999878,31.75038147,18.85131846,125.7322035,3.37770271,0.211,23.52941132,2308.0,18.19000053,0.3633,15.92438412,SmoothCondition,LowCongestionCondition,EvenPaceStyle
-0.60003662,32.42591858,19.14029946,128.5303309,0.67553711,0.32,3.921568632,2238.0,23.02000046,0.3047,15.94983387,SmoothCondition,LowCongestionCondition,EvenPaceStyle
-0.2999878,30.84966087,19.36172652,130.7622419,-1.57625771,0.539,0.0,2034.0,21.93000031,0.2422,15.98786354,SmoothCondition,LowCongestionCondition,EvenPaceStyle
-0.2000122,23.41871834,19.59816546,132.5798809,-1.80144119,0.875,14.11764717,1635.0,13.68999958,0.0703,16.10783577,SmoothCondition,LowCongestionCondition,EvenPaceStyle
-0.20001221,22.9683609,19.51559948,131.5910275,-0.45035744,0.973,0.0,1610.0,15.69999981,0.0391,16.14653015,SmoothCondition,LowCongestionCondition,EvenPaceStyle
0.2999878,18.6899395,19.27165449,130.0520135,-0.9007206,1.03,3.137254953,1275.0,11.64000034,0.0547,16.28594589,SmoothCondition,LowCongestionCondition,EvenPaceStyle
0.40002442,17.33885956,19.15906449,129.7082438,-1.35107994,0.996,27.05882454,1260.0,9.829999924,0.082,16.27649498,SmoothCondition,LowCongestionCondition,EvenPaceStyle
0.5,18.6899395,19.0652395,129.2516748,1.35107994,0.926,52.54901886,1484.0,16.46999931,0.0898,16.25951004,SmoothCondition,LowCongestionCondition,EvenPaceStyle
0.89996338,22.0676384,19.0202035,128.8508394,3.3776989,0.82,46.27450943,1746.0,16.92000008,0.0156,16.23994064,SmoothCondition,LowCongestionCondition,EvenPaceStyle
1.10003662,28.14749908,19.02770949,129.0485641,3.3777008,0.664,33.72549057,2156.0,19.38999939,0.0312,16.23699188,SmoothCondition,LowCongestionCondition,EvenPaceStyle
1.40002441,30.84966087,19.0652395,129.8635851,2.70216179,0.66,17.64705849,2229.0,16.39999962,0.0586,16.20893669,SmoothCondition,LowCongestionCondition,EvenPaceStyle
1.0,29.04821777,18.98642649,127.9347361,-1.57625962,0.832,5.09803915,2031.0,17.13999939,-0.1133,16.17954826,SmoothCondition,LowCongestionCondition,EvenPaceStyle
0.80004882,27.92231941,18.88134248,125.3398476,-1.12589836,0.965,5.490196228,1958.0,14.68000031,-0.1328,16.17855835,SmoothCondition,LowCongestionCondition,EvenPaceStyle
0.7000122,27.2467804,18.76875252,122.6378186,-0.67553901,1.04,7.450980663,1910.0,13.73999977,-0.1641,16.19208145,SmoothCondition,LowCongestionCondition,EvenPaceStyle
0.7999878,27.02159882,18.66366855,120.1889186,-0.22518158,1.0,9.8039217,1926.0,13.47000027,-0.2031,16.21988678,SmoothCondition,LowCongestionCondition,EvenPaceStyle
0.40002441,26.57123947,18.57359655,118.2369944,-0.45035935,0.906,14.50980377,1902.0,12.64999962,-0.1484,16.22820091,SmoothCondition,LowCongestionCondition,EvenPaceStyle
-0.10003662,25.67051888,18.46100652,116.0884332,-0.90072059,0.867,2.745098114,1716.0,16.72999954,-0.1133,16.29069328,SmoothCondition,LowCongestionCondition,EvenPaceStyle
-0.2000122,23.64389992,18.40095852,115.2317589,-2.02661896,0.894,11.37254906,1618.0,11.89999962,-0.043,16.32645607,SmoothCondition,LowCongestionCondition,EvenPaceStyle
-0.80004882,21.1669178,18.34466347,114.6840904,-1.57626152,1.04,0.0,1319.0,13.77999973,-0.043,16.40724945,SmoothCondition,LowCongestionCondition,EvenPaceStyle
-0.90002441,18.01440048,18.31463951,114.6483384,-3.15251732,1.05,4.705882549,921.0,11.68000031,-0.0742,16.50764465,SmoothCondition,LowCongestionCondition,EvenPaceStyle
-1.10003662,13.51079941,18.25083851,115.0191943,-4.50360107,1.09,22.35294151,868.0,4.829999924,-0.1016,16.51447105,SmoothCondition,LowCongestionCondition,EvenPaceStyle
-1.79998779,7.205760002,18.2170615,115.4321908,-4.728779788,1.48,22.35294151,862.0,6.679999828,0.0351,16.78770638,SmoothCondition,LowCongestionCondition,AggressiveStyle
-1.40002442,6.079859734,18.2620975,114.1946199,-1.125900268,1.57,23.52941132,852.0,4.489999771,-0.0625,16.86455727,SmoothCondition,LowCongestionCondition,AggressiveStyle
-1.39996338,5.854679585,18.3484165,111.5541107,-0.225180149,1.55,41.5686264,1346.0,9.199999809,-0.0039,16.96873856,SmoothCondition,LowCongestionCondition,AggressiveStyle
-1.60003662,7.205760002,18.4685125,107.9376534,1.351080417,1.51,34.50980377,1831.0,15.11999989,-0.0117,17.07751656,SmoothCondition,LowCongestionCondition,AggressiveStyle
-2.0,12.61007977,18.67868049,102.6933322,5.404319768,1.61,20.0,1556.0,14.05000019,0.0039,17.17325211,SmoothCondition,LowCongestionCondition,AggressiveStyle
-1.2999878,14.63669968,18.92262549,96.99628055,2.02661991,1.43,76.07843018,1219.0,11.72999954,-0.0117,17.38948822,SmoothCondition,LowCongestionCondition,AggressiveStyle
-1.09997559,16.43813896,19.19659447,90.95565983,1.80143928,1.21,73.72549438,1579.0,13.88000011,-0.043,17.47326279,SmoothCondition,LowCongestionCondition,AggressiveStyle
-1.2000122,21.84246063,19.56063548,84.69362283,5.40432167,1.02,56.86274719,1942.0,20.45000076,0.0976,17.4936409,SmoothCondition,LowCongestionCondition,AggressiveStyle
-1.0,26.12088013,19.99598348,78.74526142,4.2784195,0.922,43.13725662,2221.0,29.14999962,0.1211,17.50277138,SmoothCondition,LowCongestionCondition,AggressiveStyle
-1.20001221,31.3000164,20.51765042,73.85735669,5.17913627,0.883,25.09803963,2319.0,34.16999817,0.1289,17.53617668,SmoothCondition,LowCongestionCondition,AggressiveStyle
-1.89996338,31.97555923,22.1464524,57.15828614,-1.12590027,0.894,5.882352829,2255.0,16.38999939,0.0781,17.54715729,SmoothCondition,LowCongestionCondition,AggressiveStyle
-1.70001221,30.39929962,22.6531074,49.73866201,-1.57625961,0.972,0.0,2164.0,22.92000008,0.0312,17.5812912,SmoothCondition,LowCongestionCondition,AggressiveStyle
-1.7000122,18.01440048,23.18228039,45.63100115,-3.60288048,1.08,19.6078434,1215.0,10.81999969,-0.2695,17.57413101,SmoothCondition,LowCongestionCondition,AggressiveStyle
-1.29998779,15.08705902,23.03591338,46.71194213,-2.92734146,0.992,23.13725471,881.0,4.679999828,-0.2578,17.49698257,SmoothCondition,LowCongestionCondition,AggressiveStyle
-1.09997558,11.0338192,22.82949839,49.10765901,-4.05323982,0.637,23.52941132,873.0,7.670000076,-0.2383,17.49548149,SmoothCondition,LowCongestionCondition,AggressiveStyle
-0.7999878,10.13309956,22.6193304,51.79479218,-0.90071964,0.391,42.74509811,1380.0,13.52000046,-0.3359,17.53672028,SmoothCondition,LowCongestionCondition,AggressiveStyle
-0.2999878,9.007200241,22.42042143,54.84736651,-1.125899319,0.305,2.352941275,1355.0,23.37999916,-0.25,17.60743713,SmoothCondition,LowCongestionCondition,AggressiveStyle
-0.29998779,13.28561974,22.27405446,56.23778597,4.278419499,0.328,78.8235321,1408.0,12.63000011,-0.2109,17.66588211,SmoothCondition,LowCongestionCondition,AggressiveStyle
0.0,21.84246063,38.811063580731144,171.92088758076872,0.0,-0.852,20.7843132,1495.0,10.68999958,0.422,23.86771202,SmoothCondition,LowCongestionCondition,EvenPaceStyle
-0.2000122,40.75757599,17.27285859,161.9871006,0.67553711,-1.25,42.74509811,1825.0,15.85999966,0.441,21.85615921,SmoothCondition,LowCongestionCondition,EvenPaceStyle
-0.4000244,39.85686111,17.96004585,165.2203708,-0.90071488,-1.17,37.64706039,1859.0,17.44000053,0.406,21.57375908,SmoothCondition,LowCongestionCondition,EvenPaceStyle
-0.5,42.3338356,18.68993957,169.4417599,2.47697449,-1.15,39.60784531,1900.0,17.94000053,0.434,21.31329727,SmoothCondition,LowCongestionCondition,EvenPaceStyle
-2.0999756,44.13527679,19.45089262,174.0832769,1.80144119,-1.21,39.2156868,1941.0,18.62000084,0.488,21.07872581,SmoothCondition,LowCongestionCondition,EvenPaceStyle
-1.2000122,42.3338356,20.18078634,176.0901656,-1.80144119,-1.09,35.29411697,1951.0,19.21999931,0.477,20.8642025,SmoothCondition,LowCongestionCondition,EvenPaceStyle
0.2999878,46.16189957,21.76481116,182.5248947,0.45035935,-0.965,0.0,1768.0,19.34000015,0.422,20.48221207,SmoothCondition,LowCongestionCondition,EvenPaceStyle
1.6999512,40.08203888,23.18189214,177.007492,-2.02661896,-0.758,1.960784316,1576.0,17.55999947,0.457,20.17424583,SmoothCondition,LowCongestionCondition,EvenPaceStyle
3.0999756,37.379879,23.82637281,170.6933182,-2.70215988,-0.684,0.0,1466.0,16.72999954,0.434,20.04958916,SmoothCondition,LowCongestionCondition,EvenPaceStyle
1.6000366,26.57123947,25.65175426,138.3540485,-4.05323792,-0.441,74.11764526,1195.0,11.47000027,0.148,19.39695358,SmoothCondition,LowCongestionCondition,EvenPaceStyle
-0.0999756,27.02159882,26.10211424,127.0268371,0.45035935,-0.453,78.8235321,1291.0,13.18000031,0.152,19.32056046,SmoothCondition,LowCongestionCondition,EvenPaceStyle
0.0,30.62447739,26.8977502,112.9153203,1.80143738,-0.547,75.6862793,1482.0,16.04000092,0.207,19.20421982,SmoothCondition,LowCongestionCondition,EvenPaceStyle
0.1000366,32.87627792,27.26179118,109.1208616,2.25180053,-0.57,73.72549438,1589.0,18.25,0.227,19.17093086,SmoothCondition,LowCongestionCondition,EvenPaceStyle
2.0999756,38.73096085,28.00488523,107.0051323,2.70215989,-0.785,40.7843132,1658.0,19.76000023,0.0039,19.11143494,SmoothCondition,LowCongestionCondition,EvenPaceStyle
3.0,40.53239822,28.36892621,108.0596886,1.80143737,-0.82,50.58823776,1678.0,16.12999916,0.0156,18.99077034,SmoothCondition,LowCongestionCondition,EvenPaceStyle
3.3999634,39.40649796,28.69168418,108.8431393,-1.12590026,-0.851,49.41176605,1807.0,21.44000053,-0.0078,18.96401596,SmoothCondition,LowCongestionCondition,EvenPaceStyle
3.0999756,41.20793915,29.03696019,110.2373546,1.80144119,-0.805,34.11764908,1834.0,19.14999962,0.0469,18.89470863,SmoothCondition,LowCongestionCondition,EvenPaceStyle
3.7000122,41.65829849,29.38974218,111.5730141,0.45035934,-0.836,34.50980377,1847.0,15.17000008,0.0117,18.73157883,SmoothCondition,LowCongestionCondition,EvenPaceStyle
4.0,42.78419876,29.74252415,113.463404,1.12590027,-0.937,35.68627548,1886.0,16.28000069,0.0195,18.59477043,SmoothCondition,LowCongestionCondition,EvenPaceStyle
4.4000244,44.81082153,30.12533016,116.1049321,2.02662277,-1.02,37.64706039,1937.0,16.76000023,0.0508,18.47454262,SmoothCondition,LowCongestionCondition,EvenPaceStyle
4.2999878,45.26117706,30.5156421,118.6701411,0.45035553,-1.06,36.86274719,1987.0,18.37999916,0.184,18.3759346,SmoothCondition,LowCongestionCondition,EvenPaceStyle
3.8999634,45.0359993,30.91346013,120.601439,-0.22517776,-1.16,35.68627548,2022.0,19.55999947,0.195,18.29441452,SmoothCondition,LowCongestionCondition,EvenPaceStyle
3.2999878,45.71154022,31.33004312,122.3742174,0.67554092,-1.23,32.15686417,2056.0,19.21999931,0.234,18.20326805,SmoothCondition,LowCongestionCondition,EvenPaceStyle
2.5,46.38707733,31.77665008,123.6781784,0.67553711,-1.33,34.90196228,2092.0,18.76000023,0.277,18.10061836,SmoothCondition,LowCongestionCondition,EvenPaceStyle
2.2000122,48.18851852,32.2870581,124.5547899,1.80144119,-1.35,26.27450943,2114.0,19.81999969,0.316,18.01926422,SmoothCondition,LowCongestionCondition,EvenPaceStyle
2.6000366,48.86405945,32.83874909,124.2747472,0.67554093,-1.41,30.19607925,2141.0,18.79000092,0.332,17.91746521,SmoothCondition,LowCongestionCondition,EvenPaceStyle
0.0999756,47.73815918,34.80907397,105.1235517,-1.35107803,-1.22,34.11764908,2066.0,19.27000046,0.191,17.5966053,SmoothCondition,LowCongestionCondition,EvenPaceStyle
-1.7999878,48.18851852,35.46960195,96.03290619,0.45035934,-1.14,33.33333206,2107.0,20.0,0.199,17.52707481,SmoothCondition,LowCongestionCondition,EvenPaceStyle
-2.2999878,49.08923721,36.1376359,86.85425533,0.90071869,-1.07,32.15686417,2131.0,18.70999908,0.188,17.4408474,SmoothCondition,LowCongestionCondition,EvenPaceStyle
-2.5,49.98995972,36.79441091,78.5998436,0.90072251,-1.02,39.2156868,2139.0,19.12000084,0.164,17.35799789,SmoothCondition,LowCongestionCondition,EvenPaceStyle
-4.0999756,51.11585999,38.01413593,65.75710984,1.12590027,-0.832,37.64706039,2229.0,22.17000008,0.355,17.26477814,SmoothCondition,LowCongestionCondition,EvenPaceStyle
0.20001221,18.91511917,22.18398246,56.34985497,5.62949943,0.328,31.37254906,1575.0,16.89999962,-0.3125,17.74761391,SmoothCondition,LowCongestionCondition,AggressiveStyle
0.29998779,21.39209938,22.03010946,55.95396104,0.67553902,0.484,20.7843132,1532.0,10.89000034,-0.3125,17.86406136,SmoothCondition,LowCongestionCondition,AggressiveStyle
0.59997558,21.1669178,21.98507343,55.90720839,-0.22518158,0.559,32.15686417,1578.0,10.28999996,-0.3086,17.86864471,SmoothCondition,LowCongestionCondition,AggressiveStyle
0.39996338,24.31943893,21.92127246,55.52709946,1.35107803,0.808,14.11764717,1746.0,11.51000023,-0.3047,17.93190956,SmoothCondition,LowCongestionCondition,AggressiveStyle
0.09997559,24.76979828,21.86122445,54.95552506,0.45035935,0.855,7.450980663,1724.0,13.97999954,-0.332,17.99808121,SmoothCondition,LowCongestionCondition,AggressiveStyle
-0.2000122,24.09425926,21.73362242,53.36593321,-0.67553902,0.922,5.490196228,1706.0,11.82999992,-0.3047,18.05812454,SmoothCondition,LowCongestionCondition,EvenPaceStyle
-0.90002441,20.94173813,21.42962938,50.03080824,-3.15252113,0.949,0.0,1336.0,14.30000019,-0.3047,18.22676849,SmoothCondition,LowCongestionCondition,EvenPaceStyle
-1.10003662,18.01440048,21.2644974,49.48627689,-2.92733765,0.855,25.88235283,1296.0,12.46000004,-0.2539,18.307621,SmoothCondition,LowCongestionCondition,EvenPaceStyle
-2.39996338,18.23958015,20.90420948,49.66813065,0.45035934,0.32,29.80392265,1289.0,8.659999847,-0.0273,18.47006035,SmoothCondition,LowCongestionCondition,EvenPaceStyle
-2.5,19.14029884,20.89670346,49.69156435,0.90071869,0.312,21.96078491,1348.0,8.68999958,0.0117,18.51331902,SmoothCondition,LowCongestionCondition,EvenPaceStyle
-2.2999878,18.91511917,20.90045645,49.67556476,-0.22517967,0.516,0.0,1362.0,8.670000076,-0.0586,18.5182476,SmoothCondition,LowCongestionCondition,EvenPaceStyle
-2.40002442,17.78922081,20.90796247,49.62457212,-1.12589836,0.633,21.17647171,1261.0,10.21000004,-0.1016,18.53664207,SmoothCondition,LowCongestionCondition,EvenPaceStyle
-2.0,17.11367989,20.88169148,49.7844966,-0.67554092,0.723,25.09803963,1225.0,7.269999981,-0.1562,18.52161598,SmoothCondition,LowCongestionCondition,EvenPaceStyle
-1.29998779,14.8618803,20.63399354,50.29688537,-2.25179959,0.906,13.72549057,1199.0,7.139999866,-0.1992,18.49776268,SmoothCondition,LowCongestionCondition,EvenPaceStyle
-1.0,13.51079941,20.12733851,48.69169543,-1.57625961,0.91,12.54901981,1089.0,6.03000021,-0.2383,18.46998024,SmoothCondition,LowCongestionCondition,EvenPaceStyle
-0.59997559,14.18633938,19.60942458,46.35440645,-0.22518062,1.04,9.8039217,1020.0,5.940000057,-0.2734,18.4535656,SmoothCondition,LowCongestionCondition,EvenPaceStyle
0.5,10.35828018,18.55858462,45.99516673,0.22518062,0.852,34.90196228,883.0,5.71999979,-0.375,18.71407509,SmoothCondition,LowCongestionCondition,EvenPaceStyle
0.79998779,11.0338192,18.29962761,45.79848762,0.67553902,0.73,38.03921509,872.0,5.650000095,-0.3633,18.68811798,SmoothCondition,LowCongestionCondition,EvenPaceStyle
1.5,12.38489914,17.87553863,45.59089373,0.90071869,0.891,18.4313736,939.0,5.159999847,-0.3516,18.62630272,SmoothCondition,LowCongestionCondition,EvenPaceStyle
1.79998779,12.61007977,17.70665363,45.63021242,0.22518063,0.906,25.09803963,880.0,4.760000229,-0.3789,18.61470413,SmoothCondition,LowCongestionCondition,EvenPaceStyle
1.89996338,9.682740211,17.51525067,46.48125738,-2.927339559,1.02,23.92156982,886.0,5.380000114,-0.3945,18.62597084,SmoothCondition,LowCongestionCondition,EvenPaceStyle
1.90002441,6.079859734,17.31634166,48.6532087,-3.602880477,1.03,20.0,1014.0,6.440000057,-0.3281,18.66927338,SmoothCondition,LowCongestionCondition,EvenPaceStyle
2.2000122,3.828059673,17.15496267,51.46488681,-2.251800061,1.05,36.86274719,1179.0,9.100000381,-0.3555,18.72390556,SmoothCondition,LowCongestionCondition,EvenPaceStyle
2.89996338,7.430940151,17.07990267,52.59989967,3.602880478,1.12,19.6078434,1157.0,10.55000019,-0.3984,18.75665474,SmoothCondition,LowCongestionCondition,EvenPaceStyle
3.09997558,6.305039883,17.06489067,52.91490735,-1.125900268,1.14,21.56862831,885.0,4.760000229,-0.418,18.77235222,SmoothCondition,LowCongestionCondition,EvenPaceStyle
-2.7999878,63.05039978,43.33213662,314.4209745,0.22518158,-0.586,34.11764908,1999.0,16.82999992,0.355,14.95551491,SmoothCondition,LowCongestionCondition,EvenPaceStyle
-2.9000244,63.7259407,43.63612965,321.2976163,0.67554092,-0.602,37.64706039,2017.0,18.15999985,0.34,14.89872646,SmoothCondition,LowCongestionCondition,EvenPaceStyle
-3.0,64.401474,43.97765257,328.4861958,0.6755333,-0.648,39.2156868,2044.0,20.12000084,0.305,14.85527802,SmoothCondition,LowCongestionCondition,EvenPaceStyle
-3.1000366,65.30220032,44.32292857,336.06609,0.90072632,-0.68,30.98039246,2073.0,19.07999992,0.297,14.80326557,UnevenCondition,LowCongestionCondition,EvenPaceStyle
-2.8000488,66.20291901,44.6719576,344.0414187,0.90071869,-0.648,23.52941132,2093.0,16.29999924,0.234,14.72597313,UnevenCondition,LowCongestionCondition,EvenPaceStyle
-3.0,66.65327454,45.02849256,352.0957252,0.45035553,-0.547,11.37254906,2099.0,15.23999977,0.285,14.63907337,UnevenCondition,LowCongestionCondition,EvenPaceStyle
-3.1000366,66.42809296,45.37376844,359.7283255,-0.22518158,-0.383,12.54901981,2076.0,14.82999992,0.281,14.55207062,UnevenCondition,LowCongestionCondition,EvenPaceStyle
-2.0,64.401474,46.34954836,378.4958557,-0.67554474,-0.492,34.11764908,2034.0,17.10000038,0.168,14.32011127,UnevenCondition,LowCongestionCondition,EvenPaceStyle
-0.0999756,64.85183716,46.90874527,389.3750036,0.45036316,-0.484,29.41176605,2050.0,16.52000046,0.203,14.20687199,UnevenCondition,LowCongestionCondition,EvenPaceStyle
0.6000366,65.07701874,47.18271429,394.8426182,0.22518158,-0.504,27.05882454,2060.0,16.48999977,0.223,14.14814186,UnevenCondition,LowCongestionCondition,EvenPaceStyle
1.5,65.52737427,47.91830217,404.8520446,0.45035553,-0.555,16.47058868,2039.0,13.77999973,0.156,13.99067879,UnevenCondition,LowCongestionCondition,EvenPaceStyle
1.6000366,66.42809296,48.36115604,409.3581183,0.90071869,-0.512,6.274509907,2001.0,13.68999958,0.176,13.91106987,UnevenCondition,LowCongestionCondition,EvenPaceStyle
1.7000122,63.7259407,48.80776305,410.9416238,-2.70215226,-0.527,0.392156869,1970.0,13.55000019,0.121,13.83405399,UnevenCondition,LowCongestionCondition,EvenPaceStyle
1.6999512,61.92449951,49.2581231,410.3744039,-1.80144119,-0.488,8.627450943,1918.0,19.79999924,0.16,13.81008434,UnevenCondition,LowCongestionCondition,EvenPaceStyle
1.2999878,60.34823608,49.70473005,408.0749996,-1.57626343,-0.473,19.6078434,1881.0,14.94999981,0.242,13.75822163,UnevenCondition,LowCongestionCondition,EvenPaceStyle
0.0,59.22233582,50.16259596,403.9334354,-1.12590026,-0.379,0.0,1849.0,19.17000008,0.168,13.73524094,UnevenCondition,LowCongestionCondition,EvenPaceStyle
-3.0,55.1690979,51.89272892,361.5415773,-1.35107803,-0.25,17.64705849,1707.0,18.30999947,0.102,13.67638969,UnevenCondition,LowCongestionCondition,EvenPaceStyle
-3.3999634,54.26837921,52.6470819,329.8861916,-0.90071869,-0.207,6.666666985,1704.0,13.88000011,0.0508,13.62916756,UnevenCondition,LowCongestionCondition,EvenPaceStyle
-3.7000122,53.59283829,53.45772988,290.6799461,-0.67554092,-0.176,6.274509907,1687.0,16.80999947,0.0781,13.60541916,UnevenCondition,LowCongestionCondition,EvenPaceStyle
-2.3000488,36.92951965,57.61605377,84.49766199,-3.82805634,0.68,41.5686264,1197.0,7.71999979,-0.25,13.31466007,UnevenCondition,LowCongestionCondition,EvenPaceStyle
-2.2999878,32.200737,57.58227673,86.17289701,-4.72878265,0.734,21.17647171,935.0,5.260000229,-0.266,13.23676586,UnevenCondition,LowCongestionCondition,EvenPaceStyle
-2.0,26.57123947,57.43215669,94.24346499,-5.62949753,0.82,24.70588303,1043.0,7.03000021,-0.281,13.21200371,UnevenCondition,LowCongestionCondition,EvenPaceStyle
-2.0999756,23.19353867,57.22574164,105.9746798,-3.3777008,0.961,9.019607544,782.0,5.619999886,-0.305,13.17417812,UnevenCondition,LowCongestionCondition,EvenPaceStyle
-1.7999878,21.1669178,56.9255016,122.4022897,-2.02662087,1.05,27.84313774,898.0,6.639999866,-0.312,13.16488457,UnevenCondition,LowCongestionCondition,EvenPaceStyle
-1.0999756,18.23958015,56.50516561,144.5153886,-2.92733765,1.11,24.31372643,1103.0,9.680000305,-0.371,13.1876955,UnevenCondition,LowCongestionCondition,EvenPaceStyle
-0.7000122,12.61007977,54.75626783,229.6934346,-1.12590026,1.13,27.05882454,872.0,6.400000095,-0.406,13.18037415,UnevenCondition,LowCongestionCondition,EvenPaceStyle
-0.5,14.41152,52.66584687,312.2633437,1.35107994,0.746,72.15686035,1257.0,14.75,-0.352,13.09946918,UnevenCondition,LowCongestionCondition,EvenPaceStyle
-0.7000122,26.12088013,50.88317196,354.4436669,3.37770081,0.422,39.2156868,2032.0,22.64999962,-0.309,13.10234165,UnevenCondition,LowCongestionCondition,EvenPaceStyle
-0.6000366,32.200737,49.828579,362.6393521,2.92733765,0.0625,22.74509811,1794.0,12.92000008,-0.23,13.08884525,UnevenCondition,LowCongestionCondition,AggressiveStyle
-1.0,33.55181885,49.31066505,363.1453819,1.35108185,-0.113,68.62744904,1513.0,18.12999916,-0.133,13.08887196,UnevenCondition,LowCongestionCondition,AggressiveStyle
-1.2000122,35.8036232,48.8152692,361.5306955,2.25180435,-0.312,58.8235321,1667.0,22.13999939,-0.0352,13.09149551,UnevenCondition,LowCongestionCondition,AggressiveStyle
-1.0999756,39.18132019,48.37241527,358.0421212,3.37769699,-0.449,43.52941132,1787.0,25.40999985,-0.0234,13.10008526,UnevenCondition,LowCongestionCondition,AggressiveStyle
-1.4000244,42.3338356,47.97459722,353.1106302,3.15251541,-0.633,38.03921509,1890.0,19.70999908,0.0781,13.09176922,UnevenCondition,LowCongestionCondition,AggressiveStyle
-0.9000244,44.13527679,47.60305028,347.4483598,1.80144119,-0.738,37.64706039,1977.0,18.86000061,0.187,13.08191013,UnevenCondition,LowCongestionCondition,AggressiveStyle
-0.5,45.26117706,47.26903323,342.1183668,1.12590027,-0.785,21.56862831,2058.0,18.54000092,0.219,13.06651306,UnevenCondition,LowCongestionCondition,AggressiveStyle
-0.4000244,47.5129776,46.98755829,337.0638803,2.25180054,-0.957,19.2156868,2114.0,15.44999981,0.238,13.03325558,UnevenCondition,LowCongestionCondition,AggressiveStyle
-0.6999512,49.53959656,46.51468015,327.9981536,0.90071869,-1.23,23.13725471,2158.0,15.98999977,0.184,12.96152306,UnevenCondition,LowCongestionCondition,AggressiveStyle
-1.1999512,50.66549683,46.3082651,323.6124388,1.12590027,-1.26,14.11764717,2170.0,15.85999966,0.262,12.9264555,UnevenCondition,LowCongestionCondition,AggressiveStyle
-1.7999878,50.44031906,46.10185011,319.2346032,-0.22517777,-1.25,16.86274529,2188.0,15.60000038,0.238,12.86927319,UnevenCondition,LowCongestionCondition,AggressiveStyle
-1.3999634,51.11585999,45.47509917,304.3434597,-0.22517776,-1.19,20.0,2206.0,16.21999931,0.105,12.68950176,UnevenCondition,LowCongestionCondition,EvenPaceStyle
-1.8999634,51.56622314,45.24616621,298.2560569,0.45036315,-0.941,16.86274529,2208.0,16.22999954,0.242,12.62975216,UnevenCondition,LowCongestionCondition,EvenPaceStyle
-2.5999756,51.79140091,45.00597425,291.4796684,0.22517777,-0.949,17.64705849,2211.0,16.27000046,0.148,12.56942177,UnevenCondition,LowCongestionCondition,EvenPaceStyle
-2.6000366,51.11585999,44.4843074,276.6579725,0.45036316,-0.902,20.7843132,2239.0,16.51000023,0.105,12.47152996,UnevenCondition,LowCongestionCondition,EvenPaceStyle
-1.6000366,50.89067459,44.23660938,269.6244452,-0.2251854,-0.914,17.25490189,2263.0,17.09000015,0.109,12.42499065,UnevenCondition,LowCongestionCondition,EvenPaceStyle
-0.8000488,53.36766052,43.83128552,257.5846028,1.57625961,-0.711,15.29411793,2304.0,17.60000038,0.0313,12.37832165,UnevenCondition,LowCongestionCondition,EvenPaceStyle
-1.7999878,54.04319763,43.65864759,252.1500649,0.67553711,-0.535,16.07843208,2280.0,17.34000015,0.0469,12.33154202,UnevenCondition,LowCongestionCondition,EvenPaceStyle
-3.2000122,54.26837921,43.48225662,246.4135953,0.22518158,-0.477,10.98039246,2286.0,17.60000038,0.0625,12.29340267,UnevenCondition,LowCongestionCondition,EvenPaceStyle
-3.1000366,53.14247894,43.28334762,240.0510912,-1.12590027,-0.457,12.94117641,2281.0,17.5,0.0313,12.25639248,UnevenCondition,LowCongestionCondition,EvenPaceStyle
-4.3000488,52.01657867,38.56582692,62.58819771,0.90071868,-0.641,13.72549057,2261.0,21.44000053,0.289,17.20814705,SmoothCondition,LowCongestionCondition,EvenPaceStyle
-4.1000366,52.6921196,39.07998791,60.96140913,0.67554093,-0.594,25.09803963,2236.0,19.12999916,0.238,17.12338066,SmoothCondition,LowCongestionCondition,EvenPaceStyle
-3.6999512,51.79140091,39.51158291,60.56442828,-0.90071869,-0.598,25.88235283,2196.0,18.82999992,0.219,17.04217529,SmoothCondition,LowCongestionCondition,EvenPaceStyle
-3.8999634,51.11585999,39.89063594,60.59770267,-0.67554092,-0.617,25.49019623,2193.0,18.28000069,0.25,16.95556259,SmoothCondition,LowCongestionCondition,EvenPaceStyle
-2.6999512,48.86405945,40.91520491,59.73565742,-1.80143738,-0.418,6.274509907,2035.0,16.35000038,0.191,16.78560448,SmoothCondition,LowCongestionCondition,EvenPaceStyle
-1.4000244,47.06261826,41.2004329,58.25515554,-1.80144119,-0.406,24.31372643,2002.0,17.87000084,0.203,16.72617531,SmoothCondition,LowCongestionCondition,EvenPaceStyle
-1.7000122,45.9367218,41.47064892,56.32867119,-1.12589646,-0.43,33.33333206,2029.0,18.59000015,0.199,16.6726532,SmoothCondition,LowCongestionCondition,EvenPaceStyle
-1.8999634,45.26117706,41.72960587,54.16519994,-0.67554474,-0.395,35.68627548,2059.0,20.17000008,0.148,16.63386154,SmoothCondition,LowCongestionCondition,EvenPaceStyle
-2.0999756,47.96333694,42.0335988,52.2867996,2.70215988,-0.426,33.72549057,2087.0,19.72999954,0.133,16.59139824,SmoothCondition,LowCongestionCondition,EvenPaceStyle
-1.5,48.86405945,42.3413448,50.68706773,0.90072251,-0.367,7.450980663,2092.0,17.77000046,0.121,16.52217102,SmoothCondition,LowCongestionCondition,EvenPaceStyle
0.5999756,47.06261826,43.10695674,46.64846214,-0.45035934,-0.352,0.0,1919.0,14.52999973,0.129,16.31812859,SmoothCondition,LowCongestionCondition,EvenPaceStyle
0.9000244,43.91009903,43.35840772,45.46255712,-1.57625961,-0.359,32.15686417,1921.0,16.69000053,0.105,16.20838356,SmoothCondition,LowCongestionCondition,EvenPaceStyle
1.7999878,44.58563995,43.45973873,45.07852352,0.67554092,-0.316,32.94117737,1937.0,15.15999985,0.102,16.13298035,SmoothCondition,LowCongestionCondition,EvenPaceStyle
2.0,45.26117706,43.5460577,44.93257887,0.67553711,-0.328,24.70588303,1941.0,15.68999958,0.043,16.06730461,SmoothCondition,LowCongestionCondition,EvenPaceStyle
2.0,46.38707733,43.78624973,44.75267251,0.67553711,-0.418,5.490196228,1946.0,15.35000038,0.121,15.89925194,SmoothCondition,LowCongestionCondition,EvenPaceStyle
1.4000244,45.0359993,43.8500508,44.77405765,-0.22517776,-0.492,38.4313736,1970.0,20.20999908,0.148,15.83068943,SmoothCondition,LowCongestionCondition,EvenPaceStyle
1.5,46.61225891,43.86506278,44.84441577,1.57625961,-0.566,40.7843132,2009.0,19.44000053,0.191,15.80840206,SmoothCondition,LowCongestionCondition,EvenPaceStyle
2.0999756,49.08923721,43.91385174,45.21515675,2.4769783,-0.574,20.3921566,1970.0,20.47999954,0.172,15.79483223,SmoothCondition,LowCongestionCondition,EvenPaceStyle
2.0,48.63887787,44.02268874,45.52628247,-0.45035934,-0.504,0.0,1900.0,20.37999916,0.145,15.78731251,SmoothCondition,LowCongestionCondition,EvenPaceStyle
-0.5999756,34.90289688,44.36796481,40.99619953,-2.02662277,-0.0977,10.98039246,1462.0,11.39000034,0.176,15.68838596,SmoothCondition,LowCongestionCondition,EvenPaceStyle
-1.2000122,33.55181885,44.41675383,39.77522911,-1.35107803,0.0195,0.392156869,1386.0,12.89000034,0.129,15.66027355,SmoothCondition,LowCongestionCondition,EvenPaceStyle
-2.0,31.75038147,44.50307287,37.08925533,-1.80143738,0.133,0.0,1181.0,10.46000004,0.113,15.62554836,SmoothCondition,LowCongestionCondition,EvenPaceStyle
-2.0999756,22.51799965,44.42050686,40.33770727,-5.85467911,0.519,21.17647171,954.0,5.579999924,-0.0625,15.50628185,SmoothCondition,LowCongestionCondition,EvenPaceStyle
-1.9000244,15.31223869,44.16530288,51.40640392,-7.20576096,0.691,26.27450943,853.0,7.389999866,-0.121,15.55255699,SmoothCondition,LowCongestionCondition,EvenPaceStyle
-1.7000122,4.953959465,43.24957089,94.28204768,-4.053240776,0.711,29.80392265,848.0,5.190000057,-0.133,15.70051765,SmoothCondition,LowCongestionCondition,AggressiveStyle
-1.1999512,3.828059673,42.66785587,119.9317793,-1.125899792,0.57,48.23529434,975.0,9.899999619,-0.105,15.80188942,SmoothCondition,LowCongestionCondition,AggressiveStyle
-0.7999878,5.40432024,42.08238791,143.0410089,1.576260567,0.402,46.66666794,1466.0,18.29999924,0.0078,15.8943882,SmoothCondition,LowCongestionCondition,AggressiveStyle
-0.2000122,15.31223869,41.16665594,171.2583131,4.95395851,0.293,0.0,1290.0,13.59000015,0.0508,16.04004669,SmoothCondition,LowCongestionCondition,AggressiveStyle
-0.9000244,16.88849831,40.75382593,181.0712201,1.57625962,0.199,76.47058868,1520.0,19.14999962,0.0664,16.09806442,SmoothCondition,LowCongestionCondition,AggressiveStyle
-1.4000244,21.61728096,40.40104397,187.0816884,4.72878265,0.113,62.74509811,1879.0,27.10000038,0.121,16.16386795,SmoothCondition,LowCongestionCondition,AggressiveStyle
-1.5,26.79641914,40.10080393,189.7974687,5.17913818,-0.0156,44.31372452,2219.0,34.22000122,0.176,16.23243141,SmoothCondition,LowCongestionCondition,AggressiveStyle
-1.1999512,31.07483864,39.86436496,190.6700855,4.2784195,-0.121,39.60784531,2423.0,27.47999954,0.18,16.28055573,SmoothCondition,LowCongestionCondition,AggressiveStyle
-1.0999756,34.22735977,39.68422097,190.7223383,3.15252113,-0.137,24.70588303,1902.0,14.88000011,0.211,16.25748253,SmoothCondition,LowCongestionCondition,AggressiveStyle
-1.0,35.57844162,39.51533599,190.3633132,1.35108185,-0.277,60.39215851,1591.0,20.15999985,0.285,16.26934242,SmoothCondition,LowCongestionCondition,AggressiveStyle
-1.5999756,39.18132019,39.18507209,188.4416407,3.60287857,-0.512,58.03921509,1865.0,27.57999992,0.379,16.31550598,SmoothCondition,LowCongestionCondition,AggressiveStyle
-1.9000244,43.45973969,39.09500009,187.1552545,4.2784195,-0.707,53.33333588,2009.0,31.37000084,0.375,16.34646606,SmoothCondition,LowCongestionCondition,AggressiveStyle
-2.0999756,46.83743668,39.04996409,186.3202381,3.37769699,-0.902,50.19607925,2116.0,30.22999954,0.437,16.36802101,SmoothCondition,LowCongestionCondition,AggressiveStyle
-1.8999634,49.76477432,39.06122305,186.5577389,2.92733764,-1.09,40.0,2205.0,23.35000038,0.512,16.35617065,SmoothCondition,LowCongestionCondition,AggressiveStyle
-1.7999878,50.89067459,39.11376497,187.6506383,1.12590027,-1.33,38.82352829,2277.0,22.10000038,0.613,16.33212471,SmoothCondition,LowCongestionCondition,AggressiveStyle
-2.3000488,57.19572067,39.417758,195.7156914,2.02662277,-1.64,0.0,2460.0,20.19000053,0.828,16.24298859,SmoothCondition,LowCongestionCondition,AggressiveStyle
-1.6000366,57.42089844,39.65044398,202.5719488,-0.22518158,-1.61,61.56863022,1857.0,26.68000031,0.734,16.08755684,SmoothCondition,LowCongestionCondition,EvenPaceStyle
-1.3999634,59.22233582,39.77053994,206.4579197,1.80143738,-1.52,49.41176605,1929.0,28.93000031,0.684,16.08298683,SmoothCondition,LowCongestionCondition,EvenPaceStyle
-0.7000122,61.47413635,39.91690688,211.5900125,2.25180053,-1.5,41.17647171,1985.0,29.10000038,0.73,16.07551193,SmoothCondition,LowCongestionCondition,EvenPaceStyle
-0.5,63.27557755,40.10830983,218.4107885,1.8014412,-1.38,31.76470566,2025.0,21.39999962,0.668,16.02438545,SmoothCondition,LowCongestionCondition,EvenPaceStyle
-0.5999756,64.62665558,40.33348975,226.4945302,1.35107803,-1.22,26.66666794,2060.0,16.69000053,0.621,15.92725754,SmoothCondition,LowCongestionCondition,EvenPaceStyle
-0.1000366,65.52737427,40.57368166,235.2235264,0.90071869,-1.13,28.23529434,2073.0,15.22999954,0.598,15.81028366,SmoothCondition,LowCongestionCondition,EvenPaceStyle
-0.6999512,65.30220032,41.75962952,273.2735569,-1.12589264,-0.898,9.411765099,2043.0,21.95000076,0.496,15.52327442,SmoothCondition,LowCongestionCondition,EvenPaceStyle
-1.0,64.401474,42.07863447,281.6512931,-0.90072632,-0.777,13.33333397,2013.0,14.86999989,0.426,15.41945648,SmoothCondition,LowCongestionCondition,EvenPaceStyle
-1.5,63.50076294,42.33759157,288.774248,-0.90071106,-0.707,18.03921509,1995.0,14.47000027,0.406,15.31597614,SmoothCondition,LowCongestionCondition,EvenPaceStyle
-1.7000122,63.05039978,42.57403057,295.2669842,-0.45036316,-0.664,20.0,1990.0,14.07999992,0.367,15.20973778,SmoothCondition,LowCongestionCondition,EvenPaceStyle
-1.5999756,53.81801987,19.13279334,442.7890506,0.22518158,-1.11,29.01960754,2311.0,18.37000084,0.242,12.05553436,SmoothCondition,LowCongestionCondition,EvenPaceStyle
-2.0999756,52.24176025,19.36172635,454.9542453,-1.57625962,-1.09,0.0,1350.0,12.80000019,0.262,12.02342892,SmoothCondition,LowCongestionCondition,EvenPaceStyle
-2.2999878,52.46693802,19.64695432,469.1126282,0.22517777,-1.13,61.17647171,1734.0,24.01000023,0.309,12.02802563,SmoothCondition,LowCongestionCondition,EvenPaceStyle
-1.7000122,54.71873856,20.08980831,488.5364181,2.25180054,-1.05,57.64706039,1792.0,25.06999969,0.301,12.03210258,SmoothCondition,LowCongestionCondition,EvenPaceStyle
-1.6000366,56.97053528,20.68278224,511.2041296,2.25179672,-0.961,36.47058868,1830.0,16.45000076,0.27,12.01213837,SmoothCondition,LowCongestionCondition,EvenPaceStyle
-2.0,58.09643555,21.39209918,533.9688561,1.12590027,-0.914,35.29411697,1862.0,16.05999947,0.258,11.98888874,SmoothCondition,LowCongestionCondition,EvenPaceStyle
-2.6999512,58.54679871,22.20650015,554.3683081,0.45036316,-0.875,36.07843018,1880.0,16.45000076,0.234,11.96009159,SmoothCondition,LowCongestionCondition,EvenPaceStyle
-3.0,59.44752121,23.08470218,573.0442881,0.9007225,-0.828,30.19607925,1898.0,14.31999969,0.195,11.91983318,SmoothCondition,LowCongestionCondition,EvenPaceStyle
-3.0999756,59.67269897,24.01169317,588.7210035,0.22517776,-0.762,16.86274529,1897.0,12.43000031,0.133,11.86778164,SmoothCondition,LowCongestionCondition,EvenPaceStyle
-2.1000366,58.99715805,25.97826508,608.5358871,-0.90071869,-0.617,21.96078491,1841.0,17.09000015,0.191,11.8414011,SmoothCondition,LowCongestionCondition,EvenPaceStyle
-1.7999878,58.54679871,26.95404506,614.1072487,-0.45035934,-0.629,0.0,1796.0,19.01000023,0.137,11.83703041,SmoothCondition,LowCongestionCondition,EvenPaceStyle
-2.0999756,56.0698204,28.84180408,615.7246755,-1.12590027,-0.48,0.0,1720.0,17.85000038,0.223,11.80201721,SmoothCondition,LowCongestionCondition,EvenPaceStyle
-2.3000488,36.92951965,34.332443,529.8581864,-4.72877884,0.449,16.07843208,1059.0,6.860000134,-0.266,11.7108593,SmoothCondition,LowCongestionCondition,EvenPaceStyle
-2.2000122,32.65110016,34.876628,509.6266955,-4.27841949,0.621,21.96078491,899.0,7.559999943,-0.402,11.71473312,SmoothCondition,LowCongestionCondition,EvenPaceStyle
-2.0,34.22735977,35.447084,488.6863084,1.57625961,0.816,24.70588303,900.0,6.559999943,-0.523,11.72169018,SmoothCondition,LowCongestionCondition,EvenPaceStyle
-1.6000366,24.31943893,35.85240798,469.3214181,-9.90792084,0.949,25.09803963,877.0,6.590000153,-0.586,11.74621201,SmoothCondition,LowCongestionCondition,EvenPaceStyle
-1.5,15.08705902,36.10385896,454.77923,-9.23237991,0.969,26.27450943,889.0,7.139999866,-0.609,11.78918266,SmoothCondition,LowCongestionCondition,EvenPaceStyle
-1.4000244,9.007200241,36.25397897,445.1078422,-6.079858779,0.859,41.96078491,1151.0,13.44999981,-0.559,11.84003448,SmoothCondition,LowCongestionCondition,EvenPaceStyle
-1.7000122,11.0338192,36.56172496,425.3186827,3.602879049,0.82,26.66666794,1739.0,14.85000038,-0.457,11.92514801,SmoothCondition,LowCongestionCondition,EvenPaceStyle
-1.6000366,14.41152,36.80191696,410.9188575,3.3777008,0.68,30.98039246,1176.0,13.14000034,-0.387,11.96349525,SmoothCondition,LowCongestionCondition,EvenPaceStyle
-1.5999756,16.21295929,37.07213295,395.0738251,1.80143929,0.57,58.03921509,1430.0,16.93000031,-0.367,12.00030804,SmoothCondition,LowCongestionCondition,EvenPaceStyle
-1.7999878,19.36548042,37.39489095,376.9879291,3.15252113,0.414,50.58823776,1702.0,22.29000092,-0.336,12.02744007,SmoothCondition,LowCongestionCondition,EvenPaceStyle
-2.0999756,21.84246063,37.75893196,357.2514659,2.47698021,0.309,40.7843132,1917.0,18.20999908,-0.289,12.04790974,SmoothCondition,LowCongestionCondition,EvenPaceStyle
-2.0,28.82304001,38.66715794,311.9127124,3.15252113,0.25,18.8235302,2129.0,15.61999989,-0.0664,12.06650925,SmoothCondition,LowCongestionCondition,EvenPaceStyle
-1.9000244,31.3000164,39.67671487,262.6087625,2.02661705,0.121,11.76470566,2099.0,15.31000042,0.0352,12.07791996,SmoothCondition,LowCongestionCondition,AggressiveStyle
-1.5999756,29.49857903,40.02574386,247.8263652,-1.80143737,-0.0157,10.58823586,2047.0,14.63000011,0.0039,12.08390808,SmoothCondition,LowCongestionCondition,AggressiveStyle
-1.1999512,28.37267876,40.27719484,237.9444336,-1.12590027,-0.125,12.15686321,1995.0,14.01000023,-0.0273,12.09005451,SmoothCondition,LowCongestionCondition,AggressiveStyle
-1.2000122,27.69713783,40.61496483,225.4131689,0.45035743,-0.445,18.03921509,2017.0,14.65999985,0.324,12.11384296,SmoothCondition,LowCongestionCondition,AggressiveStyle
-0.7000122,28.37267876,40.68251882,223.4480094,0.67554093,-0.73,15.29411793,2028.0,14.06999969,0.391,12.12491512,SmoothCondition,LowCongestionCondition,AggressiveStyle
-0.5999756,28.82304001,40.68627182,223.3566098,0.45036125,-0.84,15.68627453,2037.0,14.56000042,0.512,12.14015293,SmoothCondition,LowCongestionCondition,AggressiveStyle
-0.2000122,29.27339935,40.63748286,224.3414663,0.45035934,-1.04,14.11764717,2054.0,14.36999989,0.613,12.166008,SmoothCondition,LowCongestionCondition,AggressiveStyle
0.4000244,29.04821777,40.55116382,225.9139126,-0.22518158,-1.16,13.72549057,2045.0,14.0,0.676,12.18785477,SmoothCondition,LowCongestionCondition,EvenPaceStyle
0.9000244,27.92231941,40.4310679,228.1039538,-1.12589836,-1.12,0.784313738,1987.0,19.72999954,0.691,12.1863718,SmoothCondition,LowCongestionCondition,EvenPaceStyle
1.5999756,28.14749908,40.26968892,230.5202107,0.22517967,-1.04,6.274509907,1912.0,14.0,0.586,12.16509247,SmoothCondition,LowCongestionCondition,EvenPaceStyle
1.8999634,26.79641914,40.03324994,233.5315044,-1.35107994,-0.934,16.86274529,1923.0,13.31000042,0.52,12.13703442,SmoothCondition,LowCongestionCondition,EvenPaceStyle
1.7999878,26.57123947,39.75177494,236.3235587,-0.22517967,-0.965,18.03921509,1964.0,13.27999973,0.559,12.09921932,SmoothCondition,LowCongestionCondition,EvenPaceStyle
2.5999756,26.79641914,38.74597097,240.1933734,-0.67554093,-0.699,13.72549057,2060.0,14.39000034,0.387,12.01525307,SmoothCondition,LowCongestionCondition,EvenPaceStyle
2.5,25.4453373,38.33314097,240.7889557,-1.35108184,-0.586,12.94117641,2059.0,14.69999981,0.41,11.99617386,SmoothCondition,LowCongestionCondition,EvenPaceStyle
2.0,27.69713783,37.22225293,237.6295975,-1.12590218,-0.539,16.47058868,2092.0,15.31000042,0.195,11.93577957,SmoothCondition,LowCongestionCondition,EvenPaceStyle
1.6000366,29.04821777,36.85821199,235.4607425,1.35107994,-0.598,16.86274529,2118.0,15.23999977,0.164,11.94549084,SmoothCondition,LowCongestionCondition,EvenPaceStyle
1.5,29.7237606,36.51668904,233.180991,0.67554283,-0.527,18.4313736,2126.0,15.21000004,0.273,11.94253731,SmoothCondition,LowCongestionCondition,EvenPaceStyle
1.3999634,30.17411804,36.1714131,230.2396998,0.45035744,-0.559,15.29411793,2162.0,15.31000042,0.379,11.93661404,SmoothCondition,LowCongestionCondition,EvenPaceStyle
1.2000122,29.49857903,35.79986606,226.7186805,-0.67553901,-0.527,18.03921509,2176.0,15.86999989,0.34,11.92891312,SmoothCondition,LowCongestionCondition,EvenPaceStyle
0.2000122,31.3000164,35.42831903,221.5555611,1.80143737,-0.52,19.6078434,2192.0,16.69000053,0.422,11.92119598,SmoothCondition,LowCongestionCondition,EvenPaceStyle
-0.5999756,31.75038147,35.06052506,215.9153879,0.45036507,-0.395,20.3921566,2259.0,16.96999931,0.461,11.91622353,SmoothCondition,LowCongestionCondition,EvenPaceStyle
-0.7999878,31.07483864,34.70774303,211.05477,-0.67554283,-0.359,17.64705849,2255.0,20.30999947,0.527,11.93021393,SmoothCondition,LowCongestionCondition,EvenPaceStyle
-1.0,31.3000164,34.35496101,205.7794528,0.22517776,-0.379,0.0,1435.0,13.60000038,0.523,11.93215942,SmoothCondition,LowCongestionCondition,EvenPaceStyle
-1.1999512,31.97555923,33.97590802,198.7007621,0.67554283,-0.406,50.19607925,1430.0,14.48999977,0.535,11.93240547,SmoothCondition,LowCongestionCondition,EvenPaceStyle
-1.0,32.200737,33.56307805,189.6189423,0.22517777,-0.469,40.0,1474.0,10.81999969,0.5,11.91702366,SmoothCondition,LowCongestionCondition,EvenPaceStyle
-0.8999634,31.75038147,33.12397714,179.2771061,-0.45035553,-0.445,31.37254906,1517.0,11.03999996,0.578,11.90870094,SmoothCondition,LowCongestionCondition,EvenPaceStyle
-0.5999756,34.22735977,32.71865316,168.176095,2.4769783,-0.461,26.27450943,1536.0,10.32999992,0.566,11.93479347,SmoothCondition,LowCongestionCondition,EvenPaceStyle
-0.2999878,36.02880096,32.32834116,156.0978591,1.80144119,-0.414,16.47058868,1555.0,9.220000267,0.527,11.8992691,SmoothCondition,LowCongestionCondition,EvenPaceStyle
0.5999756,35.57844162,31.9267702,143.4397861,-0.45035934,-0.434,27.45098114,1550.0,9.970000267,0.535,11.86795425,SmoothCondition,LowCongestionCondition,EvenPaceStyle
0.8999634,36.02880096,31.52895227,130.3033168,0.45035934,-0.437,27.84313774,1578.0,10.52999973,0.562,11.84004879,SmoothCondition,LowCongestionCondition,EvenPaceStyle
0.0999756,38.95613861,30.51188926,95.02740232,1.12590027,-0.656,19.2156868,1628.0,10.43000031,0.395,11.84936523,SmoothCondition,LowCongestionCondition,EvenPaceStyle
-0.6000366,39.18132019,30.23041425,85.14939381,0.22518158,-0.617,5.882352829,1651.0,10.75,0.441,11.85923767,SmoothCondition,LowCongestionCondition,EvenPaceStyle
-2.5,52.01657867,42.85550574,226.294119,-0.90072251,-0.477,18.8235302,2273.0,17.34000015,-0.0352,12.18757057,UnevenCondition,LowCongestionCondition,EvenPaceStyle
-2.2000122,53.14247894,42.63407884,218.6197657,1.12590027,-0.512,20.3921566,2256.0,17.21999931,-0.0508,12.15495968,UnevenCondition,LowCongestionCondition,EvenPaceStyle
-2.3999634,54.71873856,42.4839588,213.5319725,1.57625962,-0.465,18.4313736,2272.0,16.93000031,-0.0391,12.1210804,UnevenCondition,LowCongestionCondition,EvenPaceStyle
-1.5999756,53.59283829,42.34509778,209.1983393,-1.12590027,-0.402,21.96078491,2279.0,16.95000076,0.0664,12.08782387,UnevenCondition,LowCongestionCondition,EvenPaceStyle
-1.3999634,53.14247894,42.22500183,205.6662218,-0.45035935,-0.434,16.47058868,2257.0,17.20999908,0.0195,12.05412483,UnevenCondition,LowCongestionCondition,EvenPaceStyle
-0.2000122,52.91730118,42.11991792,202.6959395,-0.22517776,-0.457,12.15686321,2261.0,17.10000038,0.0898,12.01420403,UnevenCondition,LowCongestionCondition,EvenPaceStyle
0.7000122,52.24176025,41.95478597,198.3353364,-0.45035935,-0.383,13.72549057,2222.0,16.15999985,0.164,11.95144272,UnevenCondition,LowCongestionCondition,EvenPaceStyle
0.4000244,51.79140091,41.89849102,197.0124687,-0.45035934,-0.297,18.8235302,2212.0,16.31999969,0.227,11.9258976,UnevenCondition,LowCongestionCondition,EvenPaceStyle
-0.4000244,50.66549683,41.81967804,195.2854131,-0.45036316,-0.0547,0.0,2066.0,21.63999939,0.242,11.89543247,UnevenCondition,LowCongestionCondition,EvenPaceStyle
-1.4000244,28.14749908,41.11786707,195.2821603,-7.20576096,0.609,34.90196228,1194.0,8.18999958,-0.0508,11.90479946,SmoothCondition,LowCongestionCondition,EvenPaceStyle
-0.8999634,21.39209938,40.85891007,201.5116541,-6.7553997,0.816,24.31372643,949.0,6.150000095,-0.125,11.90187836,SmoothCondition,LowCongestionCondition,EvenPaceStyle
-1.3000488,9.682740211,40.29971312,223.8043303,-5.854679109,1.03,25.88235283,838.0,5.739999771,-0.219,11.95576477,SmoothCondition,LowCongestionCondition,AggressiveStyle
-0.5,8.556839943,23.67017057,612.6115121,8.556839943,-0.758,5.882352829,1708.0,22.45999908,0.34,12.03064632,SmoothCondition,LowCongestionCondition,EvenPaceStyle
-0.5999756,13.28561974,23.04717262,601.6929302,4.728779797,-0.871,81.5686264,1393.0,11.10000038,0.395,12.05277824,SmoothCondition,LowCongestionCondition,EvenPaceStyle
-0.7999878,19.36548042,21.92502569,575.1627509,4.05324173,-1.19,66.66666412,1689.0,23.04000092,0.508,12.1067028,SmoothCondition,LowCongestionCondition,EvenPaceStyle
-1.0,24.31943893,21.46715966,559.9280792,4.95395851,-1.3,50.19607925,2010.0,30.56999969,0.531,12.1398735,SmoothCondition,LowCongestionCondition,EvenPaceStyle
-1.1999512,28.59786034,21.05432966,543.368405,4.27842141,-1.38,30.98039246,2262.0,27.37999916,0.551,12.16631889,SmoothCondition,LowCongestionCondition,EvenPaceStyle
-2.0999756,35.12807465,20.05603158,496.1642974,0.90071488,-1.58,61.96078491,1613.0,20.84000015,0.605,12.18269825,SmoothCondition,LowCongestionCondition,AggressiveStyle
-1.6999512,37.83023834,19.80458054,483.1518521,2.70216369,-1.64,49.80392075,1745.0,24.65999985,0.625,12.18842411,SmoothCondition,LowCongestionCondition,AggressiveStyle
-2.0,40.98275757,19.62068352,473.132755,3.15251923,-1.73,48.23529434,1845.0,26.76000023,0.629,12.19363499,SmoothCondition,LowCongestionCondition,AggressiveStyle
-2.3000488,43.45973969,19.45930453,463.6925387,2.47698212,-1.79,40.39215851,1951.0,21.27000046,0.621,12.18939114,SmoothCondition,LowCongestionCondition,AggressiveStyle
-2.3999634,45.71154022,19.30918456,454.2789799,2.25180053,-1.81,32.94117737,2032.0,19.55999947,0.672,12.18997097,SmoothCondition,LowCongestionCondition,AggressiveStyle
-2.3000488,49.31441879,19.13654655,443.2403055,2.25180053,-1.88,22.35294151,2149.0,18.84000015,0.637,12.16092873,SmoothCondition,LowCongestionCondition,AggressiveStyle
-2.1000366,50.44031906,19.05398048,437.7874257,0.22518158,-1.89,20.7843132,2170.0,15.68999958,0.555,12.14074802,SmoothCondition,LowCongestionCondition,AggressiveStyle
-2.6000366,49.98995972,18.99393244,433.86799,-0.45035934,-1.69,21.96078491,2161.0,16.28000069,0.457,12.11263084,SmoothCondition,LowCongestionCondition,EvenPaceStyle
-2.0,50.21513748,18.94514336,430.6651536,-0.67553711,-1.59,19.6078434,2190.0,16.37000084,0.395,12.0783987,SmoothCondition,LowCongestionCondition,EvenPaceStyle
-1.8000488,50.89067459,18.94139027,430.4204267,0.67553711,-1.52,27.05882454,2213.0,18.22999954,0.34,12.07309914,SmoothCondition,LowCongestionCondition,EvenPaceStyle
-1.6000366,51.79140091,18.96015533,431.6523442,0.90072632,-1.39,29.41176605,2255.0,18.42000008,0.289,12.0641861,SmoothCondition,LowCongestionCondition,EvenPaceStyle
-1.5,53.59283829,19.01269732,435.1821134,1.80143738,-1.25,27.05882454,2289.0,18.05999947,0.27,12.05695629,SmoothCondition,LowCongestionCondition,EvenPaceStyle
-0.0999756,34.45253754,23.24608125,73.92486303,1.12590027,-0.836,58.8235321,1603.0,20.36000061,0.313,16.04647827,SmoothCondition,LowCongestionCondition,EvenPaceStyle
0.1000366,37.15470123,23.86532627,67.65471985,2.70216369,-0.887,45.49019623,1714.0,17.10000038,0.301,16.07421684,SmoothCondition,LowCongestionCondition,EvenPaceStyle
0.4000244,39.85686111,24.52960729,61.88691023,2.70215988,-0.91,41.17647171,1808.0,15.03999996,0.332,16.13183594,SmoothCondition,LowCongestionCondition,EvenPaceStyle
0.7999878,41.65829849,25.22391226,56.17109437,1.80143738,-0.859,36.47058868,1853.0,16.37000084,0.387,16.14952278,SmoothCondition,LowCongestionCondition,EvenPaceStyle
1.2000122,43.00937653,25.94073521,50.22612626,1.35107804,-0.918,34.50980377,1927.0,17.23999977,0.391,16.16322327,SmoothCondition,LowCongestionCondition,EvenPaceStyle
1.4000244,44.36046219,26.68007624,44.01539896,1.35108566,-0.957,35.29411697,1978.0,17.68000031,0.539,16.17706871,SmoothCondition,LowCongestionCondition,EvenPaceStyle
0.7999878,46.61225891,27.88103627,44.31791847,2.25179672,-1.02,36.07843018,2101.0,20.09000015,0.566,16.21930504,SmoothCondition,LowCongestionCondition,EvenPaceStyle
0.5,49.08923721,28.48902222,47.61294998,2.4769783,-1.05,35.68627548,2163.0,20.64999962,0.59,16.24437904,SmoothCondition,LowCongestionCondition,EvenPaceStyle
0.7999878,51.56622314,29.09700829,53.21914932,2.47698593,-1.13,34.90196228,2248.0,28.78000069,0.602,16.29874611,SmoothCondition,LowCongestionCondition,EvenPaceStyle
0.2999878,54.49356079,30.19663728,69.11954531,2.47698212,-1.17,42.74509811,2410.0,21.61000061,0.629,16.40806007,SmoothCondition,LowCongestionCondition,EvenPaceStyle
-0.2000122,55.39427567,30.70704524,79.11682364,0.90071488,-1.23,0.0,1662.0,20.98999977,0.652,16.39681816,SmoothCondition,LowCongestionCondition,EvenPaceStyle
-0.7000122,56.29499817,31.20994721,89.6004813,0.9007225,-1.22,61.56863022,1831.0,26.55999947,0.672,16.36980057,SmoothCondition,LowCongestionCondition,EvenPaceStyle
-1.0,57.87125778,31.72786118,101.0454331,1.57625961,-1.2,56.47058868,1893.0,28.95999908,0.684,16.32434082,SmoothCondition,LowCongestionCondition,EvenPaceStyle
-1.6000366,60.12305832,32.27955217,114.0263914,2.25180054,-1.23,51.76470566,1948.0,21.54000092,0.656,16.22811127,SmoothCondition,LowCongestionCondition,EvenPaceStyle
-2.0,61.69932175,32.89504423,127.3551475,1.57626343,-1.22,40.7843132,1985.0,19.78000069,0.637,16.12132072,SmoothCondition,LowCongestionCondition,EvenPaceStyle
-2.0999756,62.8252182,33.53680722,140.8731598,1.12589645,-1.27,37.25490189,2016.0,17.71999931,0.641,16.01762009,SmoothCondition,LowCongestionCondition,EvenPaceStyle
-2.6000366,63.7259407,34.22735923,153.6925633,0.9007225,-1.24,32.94117737,2030.0,17.79999924,0.594,15.92382526,SmoothCondition,LowCongestionCondition,EvenPaceStyle
-2.5,64.401474,34.95544113,165.4913653,0.6755333,-1.2,30.19607925,2049.0,16.54000092,0.598,15.81693649,SmoothCondition,LowCongestionCondition,EvenPaceStyle
-2.2999878,64.85183716,35.70979408,176.0604348,0.45036316,-1.15,30.58823586,2062.0,16.80999947,0.547,15.70828915,SmoothCondition,LowCongestionCondition,EvenPaceStyle
-1.7999878,65.75255585,37.11341604,199.0744401,0.45035553,-1.07,29.80392265,2085.0,16.85000038,0.523,15.53280544,SmoothCondition,LowCongestionCondition,EvenPaceStyle
-1.8000488,65.52737427,37.80396795,209.4005903,-0.22518158,-1.06,16.86274529,2097.0,17.10000038,0.5,15.45822144,SmoothCondition,LowCongestionCondition,EvenPaceStyle
-0.7999878,66.20291901,39.19257794,230.0960987,-0.90071869,-0.941,8.235294342,2062.0,14.46000004,0.449,15.27307892,SmoothCondition,LowCongestionCondition,EvenPaceStyle
-0.3999634,64.62665558,40.47235088,245.5424299,-0.67554474,-0.758,9.019607544,2018.0,13.53999996,0.375,15.08853626,SmoothCondition,LowCongestionCondition,EvenPaceStyle
-0.4000244,38.95613861,45.84664675,221.2470817,-6.30503845,0.488,16.47058868,1111.0,11.64000034,-0.203,14.62809563,SmoothCondition,LowCongestionCondition,EvenPaceStyle
-0.2000122,33.1014595,45.95923675,217.542104,-5.85467911,0.664,20.3921566,1051.0,7.150000095,-0.273,14.55793858,SmoothCondition,LowCongestionCondition,EvenPaceStyle
0.0,27.92231941,45.95173076,217.8139681,-5.17914009,0.855,23.13725471,905.0,7.289999962,-0.316,14.51581573,SmoothCondition,LowCongestionCondition,EvenPaceStyle
-0.1000366,21.61728096,45.85039981,222.1922597,-6.30503845,1.05,24.31372643,896.0,7.210000038,-0.383,14.50015736,SmoothCondition,LowCongestionCondition,EvenPaceStyle
0.2000122,15.08705902,45.62897282,233.0053209,-6.53022194,1.16,24.70588303,881.0,6.619999886,-0.41,14.50871086,SmoothCondition,LowCongestionCondition,AggressiveStyle
0.0999756,9.457559586,45.3099678,250.1613631,-5.629499434,1.19,23.92156982,872.0,6.639999866,-0.5,14.53755951,SmoothCondition,LowCongestionCondition,AggressiveStyle
0.7999878,5.854679585,44.90839682,272.3831087,-3.602880001,1.23,24.70588303,854.0,6.610000134,-0.539,14.58122158,SmoothCondition,LowCongestionCondition,AggressiveStyle
-0.9000244,6.079859734,30.62823208,834.3487924,6.079859734,-0.75,41.96078491,1309.0,11.61999989,0.422,14.65610123,SmoothCondition,LowCongestionCondition,EvenPaceStyle
-0.8000488,9.232379913,29.9151621,833.8371482,3.152520179,-0.746,41.17647171,1819.0,17.13999939,0.418,14.69688511,SmoothCondition,LowCongestionCondition,EvenPaceStyle
-0.7000122,12.83525944,29.22085708,828.0524334,3.602879527,-0.875,3.529411793,1083.0,11.94999981,0.473,14.71930027,SmoothCondition,LowCongestionCondition,EvenPaceStyle
-0.6000366,18.6899395,27.91481317,807.7676177,4.05323982,-1.09,62.74509811,1658.0,22.61000061,0.59,14.76320267,SmoothCondition,LowCongestionCondition,EvenPaceStyle
-0.9000244,36.70433807,29.92642122,75.41396348,-2.47698212,-0.617,7.450980663,1620.0,15.84000015,0.383,11.89407349,SmoothCondition,LowCongestionCondition,EvenPaceStyle
-1.0,35.8036232,29.64494628,67.13448538,-0.90071487,-0.598,6.274509907,1583.0,11.85000038,0.34,11.89655209,SmoothCondition,LowCongestionCondition,EvenPaceStyle
-1.8999634,35.12807465,29.22461019,55.72178834,-2.70216369,-0.535,8.235294342,1470.0,14.14999962,0.129,11.94781303,SmoothCondition,LowCongestionCondition,EvenPaceStyle
-1.5,27.92231941,28.60161208,47.45137594,-0.45035935,-0.316,19.2156868,1092.0,10.84000015,-0.332,12.14438725,SmoothCondition,LowCongestionCondition,EvenPaceStyle
-1.0999756,25.67051888,28.62413008,47.28567893,-2.25180053,-0.238,25.09803963,961.0,5.230000019,-0.43,12.12617874,SmoothCondition,LowCongestionCondition,EvenPaceStyle
-1.2999878,22.74317932,28.75173209,44.74934593,-2.92733956,-0.176,26.27450943,894.0,7.920000076,-0.445,12.14860439,SmoothCondition,LowCongestionCondition,EvenPaceStyle
-1.7000122,17.56403732,28.89434604,40.24252647,-5.179142,-0.109,25.88235283,898.0,5.75,-0.562,12.16487885,SmoothCondition,LowCongestionCondition,EvenPaceStyle
-1.6000366,15.31223869,29.02570101,35.54355359,-2.25179863,-0.172,51.37255096,925.0,10.57999992,-0.605,12.22676563,SmoothCondition,LowCongestionCondition,EvenPaceStyle
-1.8999634,13.96115971,29.07824302,33.78992692,-0.67553997,-0.328,41.5686264,1214.0,13.06000042,-0.535,12.36770439,SmoothCondition,LowCongestionCondition,EvenPaceStyle
-2.0,17.56403732,29.10076098,33.23113003,3.60287761,-0.402,43.13725662,1357.0,11.25,-0.5,12.43503284,SmoothCondition,LowCongestionCondition,EvenPaceStyle
-2.5999756,21.39209938,29.09325496,33.34531917,2.02661896,-0.41,31.76470566,1583.0,12.02000046,-0.344,12.55423832,SmoothCondition,LowCongestionCondition,EvenPaceStyle
-3.2000122,21.84246063,29.02945399,34.03370328,0.45036125,-0.449,28.23529434,1709.0,12.77000046,-0.391,12.60002518,SmoothCondition,LowCongestionCondition,EvenPaceStyle
-3.0999756,24.54461861,28.76674399,34.92464008,-0.90071869,-0.504,9.8039217,1619.0,10.86999989,-0.211,12.76085567,SmoothCondition,LowCongestionCondition,EvenPaceStyle
-2.7999878,23.19353867,28.66165999,35.43078375,-1.35107994,-0.613,18.03921509,1588.0,10.26000023,-0.16,12.82384777,SmoothCondition,LowCongestionCondition,EvenPaceStyle
-1.5,22.29281998,28.56032901,36.10641993,-0.90071869,-0.617,24.31372643,1549.0,9.989999771,-0.121,12.88741302,SmoothCondition,LowCongestionCondition,EvenPaceStyle
-0.5,22.0676384,28.47400997,36.78409049,-0.22518158,-0.66,36.47058868,1580.0,12.21000004,-0.219,12.96113873,SmoothCondition,LowCongestionCondition,EvenPaceStyle
0.0999756,22.51799965,28.387691,37.36753914,0.45036125,-0.715,27.45098114,1644.0,12.47999954,-0.172,12.99392223,SmoothCondition,LowCongestionCondition,EvenPaceStyle
0.2999878,23.86907959,28.31263102,37.70787107,1.35107994,-0.738,23.92156982,1722.0,11.65999985,-0.199,13.04398537,SmoothCondition,LowCongestionCondition,EvenPaceStyle
1.0,24.54461861,28.241324,37.93892732,0.67553902,-0.957,28.23529434,1754.0,11.48999977,-0.168,13.06855679,SmoothCondition,LowCongestionCondition,EvenPaceStyle
1.2999878,26.57123947,28.09495702,38.20032117,0.90072059,-1.18,23.13725471,1913.0,13.30000019,0.191,13.15145969,SmoothCondition,LowCongestionCondition,EvenPaceStyle
0.3999634,27.69713783,28.09495702,38.18657037,0.45035743,-1.12,21.17647171,1948.0,13.81000042,0.344,13.23314285,SmoothCondition,LowCongestionCondition,EvenPaceStyle
0.1999512,27.92231941,28.11747502,38.14720876,0.22518158,-1.04,18.03921509,1973.0,13.5,0.453,13.3016777,SmoothCondition,LowCongestionCondition,EvenPaceStyle
0.0999756,27.69713783,28.12122798,38.14312653,-0.22518158,-0.934,17.25490189,1935.0,13.21000004,0.375,13.37699032,SmoothCondition,LowCongestionCondition,EvenPaceStyle
0.2999878,27.69713783,28.16626401,38.00596224,0.45035743,-0.684,16.86274529,1905.0,17.02000046,0.41,13.48300552,SmoothCondition,LowCongestionCondition,EvenPaceStyle
0.5,26.79641914,28.15125203,38.03380757,-0.90071869,-0.527,1.176470637,1762.0,17.95999908,0.449,13.5293808,SmoothCondition,LowCongestionCondition,EvenPaceStyle
0.4000244,24.76979828,28.083698,38.21531803,-2.02662086,-0.391,5.882352829,1632.0,11.51000023,0.348,13.56280899,SmoothCondition,LowCongestionCondition,EvenPaceStyle
0.1000366,22.0676384,27.98987301,38.81727323,-2.70215988,-0.281,13.33333397,1549.0,10.06999969,0.426,13.62114048,SmoothCondition,LowCongestionCondition,EvenPaceStyle
-0.0999756,21.61728096,27.86602407,39.47099394,-0.45035744,-0.371,18.8235302,1573.0,9.729999542,0.398,13.70752048,SmoothCondition,LowCongestionCondition,EvenPaceStyle
0.0,22.0676384,27.73842203,39.96579317,0.45035744,-0.367,25.88235283,1623.0,10.44999981,0.449,13.74204159,SmoothCondition,LowCongestionCondition,EvenPaceStyle
0.3000488,20.71656036,27.58079607,40.6756774,-1.35107804,-0.398,28.23529434,1697.0,11.77999973,0.547,13.79580879,SmoothCondition,LowCongestionCondition,EvenPaceStyle
-0.1000366,24.09425926,27.49072407,40.81112265,3.3776989,-0.344,25.09803963,1772.0,12.02000046,0.664,13.81831932,SmoothCondition,LowCongestionCondition,EvenPaceStyle
-0.0999756,26.12088013,27.29932106,40.32309864,0.67554283,-0.48,14.90196133,1872.0,12.56000042,0.656,13.78696823,SmoothCondition,LowCongestionCondition,EvenPaceStyle
0.6999512,27.47196007,27.15670714,39.80543917,1.12590027,-0.32,15.68627453,1850.0,12.60999966,0.582,13.7843008,SmoothCondition,LowCongestionCondition,EvenPaceStyle
1.0,26.57123947,27.06663515,39.40941645,-0.9007206,-0.262,15.29411793,1874.0,12.72000027,0.437,13.80081081,SmoothCondition,LowCongestionCondition,EvenPaceStyle
1.4000244,25.89570045,26.96155121,38.97466269,-0.67553902,-0.238,14.50980377,1929.0,13.07999992,0.434,13.77808762,SmoothCondition,LowCongestionCondition,EvenPaceStyle
1.6000366,27.02159882,26.88273816,38.57971388,1.12589837,-0.223,12.54901981,1922.0,13.53999996,0.363,13.75399399,SmoothCondition,LowCongestionCondition,EvenPaceStyle
1.4000244,26.3460598,26.60126313,36.17225088,-0.67553902,-0.254,15.68627453,1887.0,12.60000038,0.246,13.70507813,SmoothCondition,LowCongestionCondition,EvenPaceStyle
0.9000244,26.57123947,26.45114309,34.78342048,0.22517967,-0.277,12.15686321,1861.0,12.89999962,0.277,13.68299675,SmoothCondition,LowCongestionCondition,EvenPaceStyle
0.2999878,26.3460598,26.28976407,33.20235134,-0.22517967,-0.195,11.37254906,1801.0,18.18000031,0.234,13.68263054,SmoothCondition,LowCongestionCondition,EvenPaceStyle
-0.4000244,24.99497986,26.09085507,31.27181202,-1.35107994,-0.082,0.784313738,1670.0,16.37000084,0.148,13.71567631,SmoothCondition,LowCongestionCondition,EvenPaceStyle
-0.8999634,23.41871834,25.85066307,28.99834869,-1.57626152,-0.0937,5.09803915,1526.0,15.47999954,0.141,13.73016834,SmoothCondition,LowCongestionCondition,EvenPaceStyle
-1.0,21.39209938,25.55792909,26.33705564,-2.02661896,-0.125,14.50980377,1456.0,9.539999962,0.168,13.72063637,SmoothCondition,LowCongestionCondition,EvenPaceStyle
-2.0,19.81583786,24.96495506,21.72189011,-0.67554092,-0.219,26.66666794,1402.0,9.369999886,0.152,13.70624352,SmoothCondition,LowCongestionCondition,EvenPaceStyle
-2.2999878,21.61728096,24.72851602,19.86385603,1.8014431,-0.312,33.72549057,1421.0,9.729999542,0.129,13.71713638,SmoothCondition,LowCongestionCondition,EvenPaceStyle
-1.7999878,20.94173813,24.44704102,17.1169216,-0.67554283,-0.281,28.62745094,1505.0,11.13000011,0.113,13.73866558,SmoothCondition,LowCongestionCondition,EvenPaceStyle
-1.5,22.51799965,24.03045815,13.65812736,0.90071869,-0.426,22.35294151,1646.0,10.39999962,0.0078,13.80201435,SmoothCondition,LowCongestionCondition,EvenPaceStyle
-1.1000366,24.09425926,23.7752542,11.72992408,0.67554092,-0.367,23.52941132,1754.0,11.43999958,0.0469,13.85944557,SmoothCondition,LowCongestionCondition,EvenPaceStyle
-1.2000122,24.54461861,23.7114532,11.3775745,0.45035935,-0.52,24.70588303,1782.0,11.76000023,0.0977,13.89457607,SmoothCondition,LowCongestionCondition,EvenPaceStyle
-0.5,26.57123947,23.72646521,11.22746176,0.90072059,-0.551,19.6078434,1954.0,12.72000027,0.234,13.99270916,SmoothCondition,LowCongestionCondition,EvenPaceStyle
-0.6000366,27.2467804,23.88784426,10.7673687,0.67554093,-0.582,18.4313736,1986.0,13.18999958,0.27,14.02476597,SmoothCondition,LowCongestionCondition,EvenPaceStyle
-0.5999756,26.79641914,24.92367223,5.442719286,-0.45036126,-0.742,3.137254953,1774.0,18.18000031,0.328,14.23820019,SmoothCondition,LowCongestionCondition,EvenPaceStyle
-0.5,25.4453373,24.98372018,5.282751899,-1.35108184,-0.824,0.0,1654.0,18.04000092,0.305,14.28991508,SmoothCondition,LowCongestionCondition,EvenPaceStyle
-0.5,14.41152,24.67972727,7.86063752,-4.2784195,-0.273,22.35294151,863.0,5.050000191,0.043,14.46954155,SmoothCondition,LowCongestionCondition,EvenPaceStyle
0.0999756,6.980579853,19.90591143,95.44971739,6.980579853,-0.156,30.19607925,1420.0,16.56999969,0.0,14.6278286,SmoothCondition,LowCongestionCondition,AggressiveStyle
-0.2000122,11.93453979,19.64695443,95.48826231,4.953959937,-0.258,16.86274529,1720.0,16.35000038,0.0117,14.70395279,SmoothCondition,LowCongestionCondition,EvenPaceStyle
-1.3000488,12.61007977,19.40300942,95.28808774,0.67553998,-0.344,74.50980377,1131.0,10.85999966,0.125,14.7682848,SmoothCondition,LowCongestionCondition,EvenPaceStyle
-1.7000122,15.08705902,19.19284144,94.39291192,2.47697925,-0.383,49.41176605,1257.0,14.56000042,0.23,14.83221722,SmoothCondition,LowCongestionCondition,EvenPaceStyle
-2.3000488,18.91511917,19.06148644,93.39676765,3.82806015,-0.457,41.17647171,1674.0,15.35999966,0.285,14.89823818,SmoothCondition,LowCongestionCondition,EvenPaceStyle
-2.4000244,21.61728096,19.00894448,92.95238836,2.70216179,-0.695,36.47058868,1801.0,13.97999954,0.336,14.95009613,SmoothCondition,LowCongestionCondition,EvenPaceStyle
-1.9000244,26.12088013,19.12904047,94.0836198,1.35108185,-1.08,21.96078491,1901.0,13.94999981,0.469,15.04380322,SmoothCondition,LowCongestionCondition,EvenPaceStyle
-1.8000488,26.79641914,19.20785348,94.9273596,0.67553901,-1.17,8.627450943,1959.0,12.98999977,0.461,15.04877758,SmoothCondition,LowCongestionCondition,AggressiveStyle
-1.7999878,27.02159882,19.31293745,95.9123742,0.22517968,-1.21,6.274509907,1881.0,17.20999908,0.527,15.07260895,SmoothCondition,LowCongestionCondition,AggressiveStyle
-1.6000366,24.76979828,19.32419644,96.02947057,-2.25180054,-1.17,2.745098114,1782.0,17.89999962,0.496,15.09997845,SmoothCondition,LowCongestionCondition,AggressiveStyle
-0.5999756,24.31943893,19.30543147,95.81697828,-0.45035935,-1.09,0.0,1662.0,16.51000023,0.465,15.12923622,SmoothCondition,LowCongestionCondition,AggressiveStyle
0.6000366,20.71656036,19.14780547,94.34925336,-1.57625962,-1.14,23.92156982,1411.0,13.42000008,0.445,15.18988609,SmoothCondition,LowCongestionCondition,AggressiveStyle
0.7000122,19.5906601,19.01645047,93.1605978,-1.12590026,-1.22,36.86274719,1413.0,11.01000023,0.449,15.22026348,SmoothCondition,LowCongestionCondition,AggressiveStyle
0.6000366,23.19353867,18.96015546,92.48573477,3.60287857,-1.28,34.50980377,1537.0,11.72999954,0.484,15.24871063,SmoothCondition,LowCongestionCondition,EvenPaceStyle
0.2999878,23.64389992,18.92262545,92.04083931,0.45036125,-1.34,30.58823586,1651.0,12.43000031,0.512,15.22616959,SmoothCondition,LowCongestionCondition,EvenPaceStyle
0.1000366,24.09425926,18.87383646,91.37998516,0.45035934,-1.37,27.45098114,1751.0,12.69999981,0.527,15.18782711,SmoothCondition,LowCongestionCondition,EvenPaceStyle
0.0999756,24.76979828,18.83630645,90.84255845,0.67553902,-1.25,25.49019623,1851.0,13.13000011,0.473,15.13674068,SmoothCondition,LowCongestionCondition,EvenPaceStyle
0.2000122,25.22015953,18.81754144,90.57706789,0.45036125,-1.3,23.92156982,1917.0,13.64000034,0.391,15.08687878,SmoothCondition,LowCongestionCondition,EvenPaceStyle
0.0999756,26.12088013,18.81003546,90.46207709,0.9007206,-1.33,22.74509811,1989.0,13.32999992,0.418,15.06115913,SmoothCondition,LowCongestionCondition,EvenPaceStyle
-0.1999512,27.02159882,18.82129444,90.64225512,0.90071869,-1.26,21.56862831,2029.0,14.43999958,0.41,15.02911949,SmoothCondition,LowCongestionCondition,EvenPaceStyle
-0.5,27.92231941,18.87008343,91.39770329,0.90072059,-1.19,20.7843132,2062.0,15.14000034,0.48,14.99788475,SmoothCondition,LowCongestionCondition,EvenPaceStyle
-0.6000366,28.59786034,18.95640247,92.64333898,0.67554093,-1.07,2.352941275,2091.0,14.56000042,0.43,14.96141434,SmoothCondition,LowCongestionCondition,EvenPaceStyle
-0.9000244,29.04821777,19.08400444,94.25240984,0.45035743,-0.965,10.1960783,2000.0,18.71999931,0.34,14.95036316,SmoothCondition,LowCongestionCondition,EvenPaceStyle
-1.0,26.79641914,19.18908844,95.21576711,-2.25179863,-0.84,8.627450943,1857.0,13.02000046,0.371,14.93293381,SmoothCondition,LowCongestionCondition,EvenPaceStyle
-1.2000122,24.54461861,19.26790146,95.68892303,-2.25180053,-0.894,11.76470566,1759.0,11.43999958,0.434,14.93273258,SmoothCondition,LowCongestionCondition,EvenPaceStyle
-1.2999878,23.41871834,19.29792541,95.88647575,-1.12590027,-0.734,24.70588303,1642.0,10.89000034,0.602,14.92301559,SmoothCondition,LowCongestionCondition,EvenPaceStyle
-1.0999756,22.9683609,19.33170246,96.06785749,-0.45035744,-0.828,27.45098114,1664.0,10.98999977,0.695,14.90855503,SmoothCondition,LowCongestionCondition,EvenPaceStyle
-0.8999634,23.19353867,19.35797342,96.23139139,0.22517777,-0.754,17.25490189,1705.0,14.19999981,0.586,14.90575981,SmoothCondition,LowCongestionCondition,EvenPaceStyle
-0.6000366,24.09425926,19.38424441,96.44164949,0.90072059,-0.781,27.45098114,1771.0,12.11999989,0.668,14.91188717,SmoothCondition,LowCongestionCondition,EvenPaceStyle
-0.4000244,23.19353867,19.38049142,96.41169861,-0.90072059,-0.91,28.62745094,1753.0,12.92000008,0.715,14.92934418,SmoothCondition,LowCongestionCondition,EvenPaceStyle
-0.8999634,24.99497986,19.39550343,96.56914524,1.80144119,-0.984,26.27450943,1860.0,14.10000038,0.777,14.95806599,SmoothCondition,LowCongestionCondition,EvenPaceStyle
-0.7999878,26.3460598,19.42552745,96.9376666,1.35107994,-0.902,20.7843132,1948.0,14.02999973,0.754,14.98214722,SmoothCondition,LowCongestionCondition,EvenPaceStyle
-0.5,28.37267876,19.48182243,97.76550676,2.02661896,-0.836,18.03921509,2015.0,13.82999992,0.758,15.02182579,SmoothCondition,LowCongestionCondition,EvenPaceStyle
-0.0999756,27.69713783,19.51559941,98.25911676,-0.67554093,-0.797,19.6078434,2026.0,14.01000023,0.719,15.0646286,SmoothCondition,LowCongestionCondition,EvenPaceStyle
0.2999878,28.37267876,19.5456234,98.74406102,0.67554093,-0.758,19.2156868,2039.0,14.57999992,0.672,15.1083622,SmoothCondition,LowCongestionCondition,EvenPaceStyle
0.2000122,28.59786034,19.5681414,99.12719239,0.22518158,-0.746,18.03921509,2062.0,14.68000031,0.676,15.14837551,SmoothCondition,LowCongestionCondition,EvenPaceStyle
0.5,29.27339935,19.69199041,101.5073247,-2.02661705,-0.539,11.76470566,2091.0,14.92000008,0.512,15.23438644,SmoothCondition,LowCongestionCondition,EvenPaceStyle
1.0999756,28.82304001,19.71826141,101.9524061,-0.45035934,-0.578,14.11764717,2088.0,14.57999992,0.562,15.26471901,SmoothCondition,LowCongestionCondition,EvenPaceStyle
0.9000244,28.59786034,19.79332139,103.2472718,-1.35107803,-0.59,0.0,2015.0,14.27000046,0.441,15.33205509,SmoothCondition,LowCongestionCondition,EvenPaceStyle
-0.2999878,25.67051888,19.8758874,104.2805863,-2.70215988,-0.621,17.64705849,1840.0,13.60000038,0.453,15.47767544,SmoothCondition,LowCongestionCondition,EvenPaceStyle
-0.6000366,24.54461861,19.92092336,104.5824159,-1.12590027,-0.516,23.52941132,1824.0,12.17000008,0.387,15.4877491,SmoothCondition,LowCongestionCondition,EvenPaceStyle
-0.9000244,25.22015953,20.02976037,105.0206507,0.67554092,-0.629,30.58823586,1883.0,12.86999989,0.242,15.49556637,SmoothCondition,LowCongestionCondition,EvenPaceStyle
-1.2999878,30.17411804,21.04307031,99.04937093,1.80143928,-0.812,23.92156982,2241.0,17.55999947,0.309,15.70790291,SmoothCondition,LowCongestionCondition,EvenPaceStyle
-0.2000122,33.32663727,22.67187229,80.61999311,0.67553711,-0.777,18.8235302,1480.0,17.51000023,0.293,15.98312283,SmoothCondition,LowCongestionCondition,EvenPaceStyle
0.2999878,43.91009903,50.98450343,13.39377028,-0.9007225,-0.184,37.25490189,1408.0,10.68999958,0.258,9.599776268,SmoothCondition,LowCongestionCondition,EvenPaceStyle
1.2000122,44.13527679,50.39152953,13.88845389,-0.2251854,-0.0234,0.0,1339.0,12.72000027,0.227,9.576086044,SmoothCondition,LowCongestionCondition,EvenPaceStyle
0.2000122,31.07483864,49.0554616,19.67535788,-4.72878456,0.504,9.019607544,879.0,6.010000229,-0.0976,9.577885628,SmoothCondition,LowCongestionCondition,EvenPaceStyle
-1.2000122,26.12088013,48.53379463,27.12766818,-4.95395851,0.5,19.6078434,1100.0,6.900000095,-0.137,9.576448441,SmoothCondition,LowCongestionCondition,EvenPaceStyle
-2.4000244,19.36548042,47.89578463,39.72653943,-6.75539971,0.57,21.96078491,955.0,5.639999866,-0.152,9.592038155,SmoothCondition,LowCongestionCondition,EvenPaceStyle
-2.0,14.8618803,46.54845767,69.95900523,-2.25179959,0.809,23.13725471,874.0,5.940000057,-0.309,9.646605492,SmoothCondition,LowCongestionCondition,EvenPaceStyle
-2.2000122,10.13309956,45.80161066,90.67303385,-4.72878074,0.785,24.31372643,839.0,6.860000134,-0.297,9.673567772,SmoothCondition,LowCongestionCondition,EvenPaceStyle
-0.6000366,5.854679585,44.27038662,139.4126995,-1.125900268,0.797,24.70588303,848.0,5.809999943,-0.305,9.744403839,SmoothCondition,LowCongestionCondition,EvenPaceStyle
0.2999878,3.152519941,42.67160855,190.7156824,-1.12590003,0.754,23.13725471,815.0,5.639999866,-0.301,9.86343956,SmoothCondition,LowCongestionCondition,EvenPaceStyle
-0.2000122,16.66331863,11.90826882,321.3131025,2.47697925,-0.984,71.76470947,1662.0,15.73999977,0.516,10.02998161,SmoothCondition,LowCongestionCondition,EvenPaceStyle
-0.4000244,27.47196007,11.06384387,277.62234,6.07986069,-1.09,3.137254953,1457.0,38.31000137,0.605,10.10159397,SmoothCondition,LowCongestionCondition,AggressiveStyle
-0.3000488,31.97555923,10.8048869,262.4483903,4.50359916,-1.11,49.41176605,1447.0,16.01000023,0.641,10.11626339,SmoothCondition,LowCongestionCondition,AggressiveStyle
-1.1000366,33.77699661,10.40706878,239.040417,0.45035934,-1.17,22.74509811,1466.0,9.100000381,0.68,10.1026392,SmoothCondition,LowCongestionCondition,AggressiveStyle
-1.2000122,33.55181885,10.23443078,229.064793,-0.22517776,-1.22,50.58823776,1544.0,15.68999958,0.734,10.11743164,SmoothCondition,LowCongestionCondition,AggressiveStyle
-0.6999512,34.90289688,10.07680469,219.6149022,1.35107803,-1.38,70.58823395,1680.0,16.21999931,0.766,10.13241577,SmoothCondition,LowCongestionCondition,AggressiveStyle
-0.7999878,36.92951965,9.952955647,211.8992889,2.02662277,-1.46,71.76470947,1845.0,25.45000076,0.891,10.17753792,SmoothCondition,LowCongestionCondition,AggressiveStyle
0.0,43.45973969,9.832859695,203.9665772,4.50360108,-1.68,60.39215851,2025.0,36.95000076,0.949,10.237607,SmoothCondition,LowCongestionCondition,AggressiveStyle
0.5999756,48.86405945,9.967967753,213.5598183,5.40431976,-1.75,55.68627548,2191.0,42.43000031,1.0,10.2456255,SmoothCondition,LowCongestionCondition,AggressiveStyle
0.5,52.46693802,10.24568967,232.7810659,3.60287857,-1.74,20.3921566,2354.0,39.50999832,1.03,10.24472713,SmoothCondition,LowCongestionCondition,AggressiveStyle
1.0999756,55.84463882,10.65851967,260.496066,3.3777008,-1.78,67.84313965,1985.0,20.04000092,0.996,10.20914555,SmoothCondition,LowCongestionCondition,AggressiveStyle
1.6000366,56.52017593,11.1651746,291.8317434,0.67553711,-1.82,60.0,1824.0,29.12000084,1.0,10.18904972,SmoothCondition,LowCongestionCondition,AggressiveStyle
2.2000122,58.54679871,11.81819657,328.3094896,2.02662278,-1.85,40.39215851,1893.0,28.62000084,0.91,10.17751694,SmoothCondition,LowCongestionCondition,EvenPaceStyle
2.2000122,61.69932175,13.33065555,408.5596203,0.67554474,-1.53,36.07843018,1962.0,17.31999969,0.777,10.11679363,SmoothCondition,LowCongestionCondition,EvenPaceStyle
1.9000244,62.60003281,14.20510443,448.7522902,0.90071106,-1.54,31.37254906,1997.0,17.09000015,0.801,10.09148979,SmoothCondition,LowCongestionCondition,EvenPaceStyle
0.7999878,63.7259407,15.15086045,488.5226665,1.12590789,-1.32,34.11764908,2024.0,21.39999962,0.824,10.07769966,SmoothCondition,LowCongestionCondition,EvenPaceStyle
0.2000122,64.85183716,16.13414641,527.9422772,1.12589646,-1.17,41.5686264,2068.0,23.02000046,0.863,10.06688023,SmoothCondition,LowCongestionCondition,EvenPaceStyle
-0.0999756,65.75255585,17.15871534,566.2209859,0.90071869,-1.04,36.47058868,2099.0,21.39999962,0.797,10.05015469,SmoothCondition,LowCongestionCondition,EvenPaceStyle
-0.7000122,68.67989349,19.36172614,639.4812024,2.02661895,-1.04,36.07843018,2159.0,20.88999939,0.82,10.01711082,SmoothCondition,LowCongestionCondition,EvenPaceStyle
-1.4000244,69.58061981,20.52140314,674.5044193,0.90072632,-1.05,31.37254906,2193.0,19.62999916,0.84,9.995716095,SmoothCondition,LowCongestionCondition,EvenPaceStyle
-2.1000366,70.70652008,24.03045796,765.9740087,0.45037079,-0.867,16.07843208,2245.0,19.51000023,0.742,9.918494225,SmoothCondition,LowCongestionCondition,EvenPaceStyle
-1.9000244,71.38205719,25.22015891,792.7500721,0.67553711,-0.766,0.0,2225.0,22.21999931,0.617,9.892664909,SmoothCondition,LowCongestionCondition,EvenPaceStyle
-2.0999756,58.32162094,33.79201064,841.1337135,-1.80143738,0.0273,16.07843208,1790.0,19.46999931,0.555,9.775382042,SmoothCondition,LowCongestionCondition,EvenPaceStyle
-2.20001221,56.29499817,35.67601657,816.3281527,-0.45035934,0.0,34.11764908,1807.0,15.35999966,0.512,9.732811928,SmoothCondition,LowCongestionCondition,EvenPaceStyle
-1.79998779,57.64608002,36.63678457,801.9980005,1.35108185,-0.0156,23.92156982,1832.0,13.30000019,0.465,9.69890213,SmoothCondition,LowCongestionCondition,EvenPaceStyle
-1.7999878,58.32162094,37.60881159,786.2571184,0.67554092,-0.0508,25.09803963,1853.0,13.61999989,0.355,9.665369987,SmoothCondition,LowCongestionCondition,EvenPaceStyle
-1.90002441,58.54679871,38.58459156,768.7460642,0.22517777,-0.0977,27.84313774,1854.0,14.59000015,0.309,9.640696526,SmoothCondition,LowCongestionCondition,EvenPaceStyle
-1.60003661,59.22233582,40.55491646,728.6124563,0.22517777,-0.219,27.45098114,1884.0,14.42000008,0.207,9.590952873,SmoothCondition,LowCongestionCondition,EvenPaceStyle
-1.59997559,60.12305832,41.55696743,706.2050759,0.9007225,-0.215,40.7843132,1896.0,14.0,0.223,9.564425468,SmoothCondition,LowCongestionCondition,EvenPaceStyle
-1.5,60.57342148,42.56652446,682.0269685,0.45036316,-0.324,52.15686417,1939.0,24.29000092,0.113,9.565022469,SmoothCondition,LowCongestionCondition,EvenPaceStyle
-0.90002441,61.92449951,43.59859945,656.5847899,1.35107803,-0.301,30.98039246,1991.0,21.85000038,0.145,9.575169563,SmoothCondition,LowCongestionCondition,EvenPaceStyle
-0.2999878,63.7259407,44.66069846,630.0862939,1.80144119,-0.313,25.88235283,2023.0,16.96999931,0.207,9.552149773,SmoothCondition,LowCongestionCondition,EvenPaceStyle
-0.5,64.62665558,45.73780939,601.8566562,0.90071488,-0.391,25.09803963,2032.0,15.72000027,0.172,9.523767471,SmoothCondition,LowCongestionCondition,EvenPaceStyle
-0.29998779,64.85183716,46.81867334,571.4041619,0.22518158,-0.539,23.92156982,2045.0,15.5,0.141,9.509290695,SmoothCondition,LowCongestionCondition,EvenPaceStyle
0.10003662,65.30220032,47.90704335,538.8377152,0.45036316,-0.578,26.27450943,2056.0,14.34000015,0.117,9.500798225,SmoothCondition,LowCongestionCondition,EvenPaceStyle
-0.20001221,65.97773743,49.0066723,504.2430398,0.67553711,-0.621,25.09803963,2071.0,15.61999989,0.133,9.487478256,SmoothCondition,LowCongestionCondition,EvenPaceStyle
-0.09997558,66.20291901,50.11005429,467.3110036,0.22518158,-0.652,26.27450943,2085.0,15.67000008,0.164,9.485484123,SmoothCondition,LowCongestionCondition,EvenPaceStyle
0.2000122,66.87845612,51.22469522,428.2536526,0.67553711,-0.672,23.52941132,2095.0,16.12999916,0.195,9.489437103,SmoothCondition,LowCongestionCondition,EvenPaceStyle
0.10003662,67.1036377,53.46898907,342.9763084,-0.45035553,-0.762,19.2156868,2107.0,14.35999966,0.336,9.490553856,SmoothCondition,LowCongestionCondition,EvenPaceStyle
-0.29998779,66.87845612,54.58363001,296.3040296,-0.22518158,-0.734,14.90196133,2104.0,14.92000008,0.352,9.489421844,SmoothCondition,LowCongestionCondition,EvenPaceStyle
-0.60003662,67.1036377,56.6853099,209.5652083,0.22518158,-0.652,10.98039246,2085.0,14.81999969,0.32,9.454229355,SmoothCondition,LowCongestionCondition,EvenPaceStyle
-0.90002442,66.65327454,57.55975882,179.8587366,-0.45036316,-0.68,0.0,2065.0,20.45000076,0.254,9.466703415,SmoothCondition,LowCongestionCondition,EvenPaceStyle
-1.59997559,48.63887787,61.23019276,64.07229067,-7.20576095,0.348,18.8235302,1407.0,14.72999954,0.0,9.550681114,SmoothCondition,LowCongestionCondition,EvenPaceStyle
-1.89996338,43.23456192,61.36905384,57.79363435,-5.40431595,0.574,18.03921509,1237.0,8.470000267,-0.0977,9.534455299,SmoothCondition,LowCongestionCondition,EvenPaceStyle
-2.29998779,28.37267876,61.19266284,67.70134913,-8.55684089,0.965,23.13725471,902.0,6.909999847,-0.301,9.529707909,SmoothCondition,LowCongestionCondition,EvenPaceStyle
-1.90002441,14.18633938,60.23940082,123.7819907,-6.75539875,1.21,24.31372643,871.0,6.610000134,-0.426,9.586042404,SmoothCondition,LowCongestionCondition,AggressiveStyle
-2.09997559,7.656119347,59.49255384,169.0552701,-6.530220033,1.26,25.09803963,868.0,6.400000095,-0.434,9.633764267,SmoothCondition,LowCongestionCondition,AggressiveStyle
0.19995118,9.90791893,44.87086655,747.5613364,9.90791893,0.293,40.0,2043.0,21.12999916,0.0078,9.780081749,SmoothCondition,LowCongestionCondition,EvenPaceStyle
0.5,14.63669968,43.93636954,750.8533157,4.72878075,0.0195,10.1960783,1129.0,12.89000034,0.0898,9.812253952,SmoothCondition,LowCongestionCondition,EvenPaceStyle
0.59997559,15.98777962,43.01313158,750.4586683,1.35107994,-0.25,41.96078491,1313.0,11.15999985,0.227,9.847987175,SmoothCondition,LowCongestionCondition,EvenPaceStyle
0.7999878,18.46475983,42.13868255,746.6840299,2.47698021,-0.488,47.05882263,1530.0,16.86000061,0.34,9.88725853,SmoothCondition,LowCongestionCondition,EvenPaceStyle
0.69995118,21.84246063,41.34304657,740.2585131,3.3777008,-0.73,34.50980377,1739.0,13.53999996,0.453,9.924063683,SmoothCondition,LowCongestionCondition,EvenPaceStyle
1.0999756,35.8036232,40.1608521,240.2861251,1.35108566,-0.793,51.37255096,1670.0,16.54000092,0.645,13.81101799,SmoothCondition,LowCongestionCondition,EvenPaceStyle
1.2999878,38.05541992,39.72925719,237.3736081,2.4769783,-0.812,48.62745285,1858.0,19.59000015,0.516,13.79944134,SmoothCondition,LowCongestionCondition,EvenPaceStyle
1.0,41.43312073,39.56412524,235.1097707,3.37770081,-0.832,47.45098114,1950.0,22.20999908,0.484,13.8060751,SmoothCondition,LowCongestionCondition,EvenPaceStyle
0.5,41.88347626,39.38022815,232.1443977,0.45035553,-0.836,44.70588303,2027.0,22.31999969,0.516,13.81101799,SmoothCondition,LowCongestionCondition,EvenPaceStyle
-0.1999512,46.16189957,39.26013214,229.5931675,4.27842331,-0.894,46.27450943,2102.0,22.06999969,0.531,13.8113184,SmoothCondition,LowCongestionCondition,EvenPaceStyle
-0.7999878,48.63887787,39.16630712,227.2573235,2.4769783,-0.957,45.88235474,2185.0,25.52000046,0.586,13.81565666,SmoothCondition,LowCongestionCondition,EvenPaceStyle
-0.7000122,53.36766052,39.14754211,226.7175334,0.9007225,-1.21,39.60784531,2319.0,22.45999908,0.629,13.80769062,SmoothCondition,LowCongestionCondition,EvenPaceStyle
-0.5,53.81801987,39.19257811,227.9355095,0.45035935,-1.29,42.35294342,2393.0,23.73999977,0.672,13.78986454,SmoothCondition,LowCongestionCondition,EvenPaceStyle
0.1000366,57.19572067,39.36521605,233.0216952,1.801445,-1.47,38.03921509,2511.0,22.72999954,0.652,13.76365566,SmoothCondition,LowCongestionCondition,EvenPaceStyle
0.5,58.77198029,39.485312,236.8673315,1.57625962,-1.53,0.0,1733.0,16.11000061,0.645,13.71887779,SmoothCondition,LowCongestionCondition,EvenPaceStyle
1.0,58.54679871,39.594149,240.3520248,-0.22518158,-1.48,60.7843132,1883.0,27.71999931,0.703,13.71885967,SmoothCondition,LowCongestionCondition,EvenPaceStyle
1.5999756,59.67269897,39.71049199,244.2635365,1.12590026,-1.45,55.68627548,1947.0,29.53000069,0.687,13.71771049,SmoothCondition,LowCongestionCondition,EvenPaceStyle
2.2999878,61.47413635,39.83058794,248.6848713,1.80143738,-1.47,44.31372452,1995.0,20.0,0.598,13.66913033,SmoothCondition,LowCongestionCondition,EvenPaceStyle
2.2000122,63.27557755,39.96194298,253.878158,1.8014412,-1.51,30.19607925,2019.0,16.32999992,0.547,13.59627819,SmoothCondition,LowCongestionCondition,EvenPaceStyle
1.5,64.17630005,40.21714711,264.2629879,0.45035935,-1.34,0.0,2013.0,19.62999916,0.449,13.54336357,SmoothCondition,LowCongestionCondition,EvenPaceStyle
1.2999878,63.05039978,40.32223115,268.4581257,-1.12590027,-1.28,23.13725471,1965.0,15.5,0.426,13.47176933,SmoothCondition,LowCongestionCondition,EvenPaceStyle
1.2000122,62.14967728,40.41980914,272.1994279,-0.9007225,-1.18,19.2156868,1955.0,13.97999954,0.434,13.38936615,SmoothCondition,LowCongestionCondition,EvenPaceStyle
0.7000122,62.37486267,40.56617621,277.4063818,0.22518539,-1.1,20.3921566,1956.0,14.13000011,0.414,13.23075581,SmoothCondition,LowCongestionCondition,EvenPaceStyle
0.5,62.60003281,40.86266313,287.8391736,0.22517014,-0.898,0.0,1930.0,18.87999916,0.328,13.06311226,SmoothCondition,LowCongestionCondition,EvenPaceStyle
0.5999756,60.57342148,41.08784318,295.53618,-1.12590027,-0.805,17.64705849,1881.0,14.28999996,0.242,12.93081856,SmoothCondition,LowCongestionCondition,EvenPaceStyle
0.6000366,60.12305832,41.18542117,298.7233257,-0.45036316,-0.621,25.88235283,1889.0,14.06999969,0.246,12.85464096,SmoothCondition,LowCongestionCondition,EvenPaceStyle
0.7999878,59.89787674,41.28675211,301.9429421,-0.22518158,-0.523,0.0,1859.0,18.42000008,0.25,12.81451988,SmoothCondition,LowCongestionCondition,EvenPaceStyle
0.8000488,59.22233582,41.35805904,304.2287361,-0.67554092,-0.473,14.11764717,1836.0,13.52000046,0.223,12.7491293,SmoothCondition,LowCongestionCondition,EvenPaceStyle
0.1999512,57.87125778,41.39934208,305.5095513,-1.35107804,-0.414,13.33333397,1818.0,12.17000008,0.199,12.68000221,SmoothCondition,LowCongestionCondition,EvenPaceStyle
-0.2999878,57.19572067,41.42186011,306.2015607,-0.67553711,-0.332,21.17647171,1740.0,16.01000023,0.176,12.64446068,SmoothCondition,LowCongestionCondition,EvenPaceStyle
-0.7999878,56.52017593,41.65454609,311.8446539,-0.90072251,-0.254,6.274509907,1731.0,13.82999992,0.223,12.54307747,SmoothCondition,LowCongestionCondition,EvenPaceStyle
-0.5,55.1690979,41.81592507,314.6649545,-1.35107803,-0.266,41.17647171,1749.0,16.35000038,0.141,12.49639225,SmoothCondition,LowCongestionCondition,EvenPaceStyle
-0.2000122,55.84463882,42.10490607,317.7299908,0.67554092,-0.258,40.39215851,1772.0,16.15999985,0.0664,12.44924831,SmoothCondition,LowCongestionCondition,EvenPaceStyle
-0.4000244,56.0698204,42.48395912,319.5832104,0.22518158,-0.234,0.0,1747.0,16.72999954,0.0859,12.40591717,SmoothCondition,LowCongestionCondition,EvenPaceStyle
-0.7999878,55.39427567,42.93431907,318.8269154,-0.67554473,-0.227,33.33333206,1741.0,15.61999989,0.16,12.36492729,SmoothCondition,LowCongestionCondition,EvenPaceStyle
-1.4000244,55.1690979,43.53855205,311.2144069,-0.22517777,-0.23,40.7843132,1757.0,13.10999966,0.187,12.30613136,SmoothCondition,LowCongestionCondition,EvenPaceStyle
-0.0999756,56.0698204,45.03975204,277.7169132,0.45036316,-0.262,30.19607925,1799.0,14.28999996,0.23,12.20182705,SmoothCondition,LowCongestionCondition,EvenPaceStyle
0.0,56.97053528,45.85415297,256.3352529,0.90071488,-0.266,34.11764908,1839.0,15.05000019,0.258,12.15834332,SmoothCondition,LowCongestionCondition,EvenPaceStyle
-0.2000122,58.09643555,46.64228288,237.4270599,1.12590027,-0.277,32.15686417,1871.0,14.27000046,0.238,12.10884953,SmoothCondition,LowCongestionCondition,EvenPaceStyle
-0.7000122,60.79859924,47.40789487,223.1090532,2.70216369,-0.328,23.13725471,1855.0,17.34000015,0.156,12.07880306,SmoothCondition,LowCongestionCondition,EvenPaceStyle
-1.0999756,60.12305832,48.10970583,210.7047405,-0.67554092,-0.336,0.0,1842.0,14.52999973,0.242,12.03373623,SmoothCondition,LowCongestionCondition,EvenPaceStyle
-0.2999878,58.32162094,49.29190086,191.7318781,-0.45035935,-0.293,32.15686417,1856.0,14.10000038,0.316,11.94118214,SmoothCondition,LowCongestionCondition,EvenPaceStyle
-0.4000244,58.54679871,49.83608583,183.6048053,0.22517777,-0.355,0.0,1772.0,17.57999992,0.184,11.90367317,SmoothCondition,LowCongestionCondition,EvenPaceStyle
-1.4000244,47.28779984,52.02783779,128.6599766,-0.90071868,-0.293,10.98039246,1467.0,9.659999847,0.148,11.75899696,SmoothCondition,LowCongestionCondition,EvenPaceStyle
-1.5,45.48635864,52.38061978,116.2458796,-1.8014412,-0.301,21.56862831,1407.0,10.05000019,0.0898,11.70705414,SmoothCondition,LowCongestionCondition,EvenPaceStyle
-1.3000488,45.9367218,52.74841382,103.0340075,0.45036316,-0.285,21.96078491,1398.0,11.90999985,0.0977,11.66901016,SmoothCondition,LowCongestionCondition,EvenPaceStyle
-1.2999878,44.36046219,53.05615985,91.90870346,-1.57625961,-0.336,60.0,1420.0,16.85000038,0.145,11.65202808,SmoothCondition,LowCongestionCondition,EvenPaceStyle
-0.8999634,43.91009903,53.32262284,82.54735332,-0.45036316,-0.418,77.64705658,1485.0,19.98999977,0.211,11.64474201,SmoothCondition,LowCongestionCondition,EvenPaceStyle
-0.5999756,46.38707733,53.59659182,74.02649105,2.4769783,-0.402,69.41176605,1530.0,18.97999954,0.223,11.63334084,SmoothCondition,LowCongestionCondition,EvenPaceStyle
-0.3999634,47.5129776,53.8555488,66.66238577,1.12590027,-0.496,39.60784531,1551.0,13.47000027,0.184,11.59841156,SmoothCondition,LowCongestionCondition,EvenPaceStyle
0.4000244,48.86405945,54.13327084,59.0582556,1.35108185,-0.551,41.17647171,1571.0,13.68999958,0.152,11.5647068,SmoothCondition,LowCongestionCondition,EvenPaceStyle
0.5,49.31441879,54.38096886,52.82450668,0.45035934,-0.582,53.33333588,1605.0,15.72000027,0.168,11.53912735,SmoothCondition,LowCongestionCondition,EvenPaceStyle
0.7000122,50.44031906,54.62491379,47.17773382,1.12590027,-0.574,1.960784316,1570.0,14.85000038,0.109,11.50977135,SmoothCondition,LowCongestionCondition,EvenPaceStyle
0.5999756,50.21513748,54.86885872,41.29819954,-0.22518158,-0.559,0.0,1509.0,14.05000019,0.0898,11.48029041,SmoothCondition,LowCongestionCondition,EvenPaceStyle
0.0,48.41369629,55.04149666,37.18276168,-1.80144119,-0.527,17.64705849,1474.0,11.85999966,0.211,11.4411211,SmoothCondition,LowCongestionCondition,EvenPaceStyle
0.3999634,46.61225891,55.12781563,35.24067855,-1.80143738,-0.566,25.09803963,1473.0,12.11999989,0.18,11.40274239,SmoothCondition,LowCongestionCondition,EvenPaceStyle
-0.2000122,49.08923721,55.15783965,33.8293886,1.12590027,-0.812,43.92156982,1604.0,18.02000046,0.277,11.29562187,SmoothCondition,LowCongestionCondition,EvenPaceStyle
0.2999878,50.44031906,55.10905062,34.14985363,1.35108185,-0.887,14.90196133,1608.0,11.56000042,0.309,11.24870396,SmoothCondition,LowCongestionCondition,EvenPaceStyle
0.2000122,46.83743668,54.65118446,35.96054705,-2.70215988,-0.773,9.411765099,1443.0,15.43000031,0.293,11.12138939,SmoothCondition,LowCongestionCondition,EvenPaceStyle
-0.2000122,45.0359993,54.42600447,37.21874389,-1.80143738,-0.73,43.13725662,1422.0,12.96000004,0.309,11.08753777,SmoothCondition,LowCongestionCondition,EvenPaceStyle
-2.7999878,45.48635864,29.07073741,268.1398516,-0.67554093,-0.902,1.176470637,1953.0,13.13000011,0.0117,12.61796188,SmoothCondition,LowCongestionCondition,EvenPaceStyle
-0.39996338,28.82304001,29.34470629,276.0943222,-3.82806015,0.102,14.50980377,1007.0,10.85999966,-0.172,12.51734257,SmoothCondition,LowCongestionCondition,EvenPaceStyle
-0.10003662,26.12088013,29.2095983,275.8478392,-2.70215988,0.199,21.17647171,1001.0,5.960000038,-0.23,12.49238205,SmoothCondition,LowCongestionCondition,EvenPaceStyle
0.0,21.84246063,29.07449034,276.7399213,-4.2784195,0.305,25.49019623,903.0,6.980000019,-0.309,12.51202488,SmoothCondition,LowCongestionCondition,EvenPaceStyle
0.09997559,16.43813896,28.94313534,279.0455419,-5.40432167,0.363,24.31372643,874.0,5.980000019,-0.34,12.56266403,SmoothCondition,LowCongestionCondition,EvenPaceStyle
-0.90002442,5.854679585,28.07619242,316.4150681,5.854679585,0.0508,28.23529434,1413.0,11.27999973,0.0,12.81056786,SmoothCondition,LowCongestionCondition,EvenPaceStyle
-1.40002442,9.682740211,27.72341043,326.2238488,2.026620864,-0.316,27.84313774,1907.0,15.78999996,0.164,12.92952442,SmoothCondition,LowCongestionCondition,EvenPaceStyle
-1.60003662,14.8618803,27.52825444,328.9663286,5.179140089,-0.496,10.58823586,2373.0,21.80999947,0.234,13.00275898,SmoothCondition,LowCongestionCondition,EvenPaceStyle
-1.70001221,16.66331863,27.29932143,330.7741135,1.80143833,-0.707,65.88235474,1316.0,15.93000031,0.328,13.06964111,SmoothCondition,LowCongestionCondition,AggressiveStyle
-1.7999878,18.46475983,27.04787044,331.3700813,1.8014412,-0.82,43.13725662,1702.0,23.30999947,0.414,13.13228989,SmoothCondition,LowCongestionCondition,AggressiveStyle
-1.70001221,23.86907959,26.84896138,330.2017358,5.40431976,-0.945,34.11764908,2009.0,29.51000023,0.418,13.20411301,SmoothCondition,LowCongestionCondition,AggressiveStyle
-1.7999878,28.37267876,26.66131143,327.4358236,4.50359917,-0.937,23.52941132,2212.0,24.17000008,0.441,13.25588322,SmoothCondition,LowCongestionCondition,AggressiveStyle
-1.0,31.97555923,26.2297163,317.1369808,0.67554283,-1.17,59.60784531,1493.0,18.70999908,0.562,13.31197548,SmoothCondition,LowCongestionCondition,AggressiveStyle
-1.20001221,35.12807465,26.03456026,311.2423619,3.15251542,-1.22,28.62745094,1639.0,22.62999916,0.574,13.34325695,SmoothCondition,LowCongestionCondition,AggressiveStyle
-1.09997558,38.95613861,25.9032053,306.7198581,3.82806396,-1.24,22.35294151,1727.0,14.57999992,0.617,13.34621143,SmoothCondition,LowCongestionCondition,AggressiveStyle
-0.5,40.98275757,25.74557927,301.4407579,2.02661896,-1.18,0.0,1782.0,11.30000019,0.652,13.31478119,SmoothCondition,LowCongestionCondition,AggressiveStyle
-0.30004882,40.53239822,25.71930828,300.6078471,-0.45035935,-1.16,9.8039217,1731.0,16.44000053,0.664,13.32807064,SmoothCondition,LowCongestionCondition,AggressiveStyle
-0.60003662,39.18132019,25.76059125,301.6135591,0.22518158,-1.13,9.411765099,1705.0,11.47000027,0.641,13.32191944,SmoothCondition,LowCongestionCondition,AggressiveStyle
-0.59997559,24.09425926,25.38153835,297.7270595,-2.47698021,-0.211,20.0,1007.0,10.14000034,0.105,13.68416786,SmoothCondition,LowCongestionCondition,EvenPaceStyle
-0.69995118,21.84246063,25.01749734,292.1263764,-2.25179863,-0.0234,23.52941132,923.0,5.340000153,0.0039,13.65577698,SmoothCondition,LowCongestionCondition,EvenPaceStyle
-0.2000122,17.33885956,24.5859023,287.3115218,-4.50360107,0.0547,25.09803963,884.0,8.020000458,-0.0977,13.68567276,SmoothCondition,LowCongestionCondition,EvenPaceStyle
-0.5,13.06044006,24.06798836,282.812609,-4.2784195,0.0586,60.39215851,947.0,6.269999981,-0.0859,13.73102474,SmoothCondition,LowCongestionCondition,EvenPaceStyle
-0.59997558,14.8618803,23.55758039,276.2087931,1.80144024,-0.0781,74.11764526,1067.0,11.51000023,-0.0547,13.81399441,SmoothCondition,LowCongestionCondition,EvenPaceStyle
-0.40002441,16.66331863,23.09596133,269.4627834,1.80143833,-0.16,64.70588684,1316.0,15.81999969,-0.0508,13.90454292,SmoothCondition,LowCongestionCondition,EvenPaceStyle
-0.09997559,19.81583786,22.7018963,262.4586903,3.15251923,-0.176,49.80392075,1647.0,22.40999985,-0.0273,14.00979328,SmoothCondition,LowCongestionCondition,EvenPaceStyle
-0.69995118,24.31943893,22.37163233,254.605846,4.50360107,-0.23,43.13725662,1947.0,28.90999985,0.0234,14.11000443,SmoothCondition,LowCongestionCondition,EvenPaceStyle
-0.79998779,31.3000164,21.83120026,237.3994825,3.15251732,-0.336,24.31372643,2328.0,21.44000053,-0.0313,14.2884388,SmoothCondition,LowCongestionCondition,EvenPaceStyle
-0.80004882,33.1014595,21.62478528,230.024835,1.8014431,-0.344,37.64706039,2460.0,23.69000053,-0.0195,14.37813663,SmoothCondition,LowCongestionCondition,AggressiveStyle
-1.09997559,34.67771912,21.44464128,223.2291958,1.57625962,-0.453,17.25490189,1499.0,18.04000092,0.0078,14.46597385,SmoothCondition,LowCongestionCondition,AggressiveStyle
-0.79998779,35.57844162,21.30578033,218.0412395,0.9007225,-0.406,10.1960783,1582.0,12.06999969,0.0156,14.51330566,SmoothCondition,LowCongestionCondition,AggressiveStyle
-0.79998779,37.15470123,21.11437738,210.7967674,-0.22517777,-0.527,22.35294151,1601.0,9.590000153,0.137,14.54956436,SmoothCondition,LowCongestionCondition,AggressiveStyle
-0.60003662,37.379879,21.13314239,211.3957146,0.22517777,-0.633,23.92156982,1603.0,10.43000031,0.172,14.53577232,SmoothCondition,LowCongestionCondition,AggressiveStyle
-0.29998779,37.60506058,21.21570839,213.738964,0.22518158,-0.703,27.45098114,1625.0,11.02999973,0.246,14.51838779,SmoothCondition,LowCongestionCondition,AggressiveStyle
-0.10003662,38.05541992,21.36958139,217.5403839,0.45035934,-0.793,17.25490189,1613.0,14.31999969,0.25,14.52937889,SmoothCondition,LowCongestionCondition,AggressiveStyle
0.0,37.379879,21.55723137,221.4665201,-0.67554092,-0.816,0.0,1530.0,14.60999966,0.344,14.54456711,SmoothCondition,LowCongestionCondition,AggressiveStyle
0.39996338,22.0676384,23.10722037,212.185127,-3.60288048,-0.387,20.0,963.0,6.800000191,0.285,14.67693424,SmoothCondition,LowCongestionCondition,EvenPaceStyle
-0.2000122,20.71656036,23.45249638,203.1108675,-1.35107804,-0.176,0.0,1289.0,12.85000038,0.207,14.74213791,SmoothCondition,LowCongestionCondition,AggressiveStyle
-0.19995118,15.98777962,24.02670537,185.4969248,-2.47698021,0.238,19.6078434,868.0,4.730000019,-0.0469,14.68623161,SmoothCondition,LowCongestionCondition,AggressiveStyle
-0.09997559,11.70935917,24.22186135,178.245218,-4.27842045,0.344,25.09803963,879.0,6.679999828,-0.0898,14.68263435,SmoothCondition,LowCongestionCondition,AggressiveStyle
1.09997559,7.205760002,24.40951135,170.0632126,7.205760002,0.117,38.03921509,1449.0,12.84000015,-0.0312,14.70018387,SmoothCondition,LowCongestionCondition,EvenPaceStyle
1.0,10.80864048,24.46205337,168.4384991,3.602880478,-0.0234,64.31372833,1416.0,11.18000031,0.043,14.71782207,SmoothCondition,LowCongestionCondition,EvenPaceStyle
0.79998779,12.61007977,24.51084237,167.1147425,1.80143929,-0.125,48.23529434,1049.0,11.47000027,0.0195,14.71863937,SmoothCondition,LowCongestionCondition,EvenPaceStyle
0.59997559,15.31223869,24.51834834,166.9708181,2.70215892,-0.273,37.25490189,1239.0,14.0,0.0625,14.73693371,SmoothCondition,LowCongestionCondition,EvenPaceStyle
0.2999878,17.78922081,24.53711338,166.6921493,2.47698212,-0.289,0.784313738,1304.0,10.86999989,0.0469,14.7358551,SmoothCondition,LowCongestionCondition,EvenPaceStyle
0.19995118,18.6899395,24.54086637,166.6466428,0.90071869,-0.445,41.5686264,1292.0,9.100000381,0.152,14.71354389,SmoothCondition,LowCongestionCondition,EvenPaceStyle
0.09997559,18.91511917,24.27815634,167.6813902,1.35108185,-0.535,22.35294151,1458.0,10.39999962,0.109,14.70450592,SmoothCondition,LowCongestionCondition,EvenPaceStyle
0.0,19.81583786,24.08675336,167.1459269,0.90071869,-0.566,13.72549057,1474.0,11.77999973,0.0352,14.69770908,SmoothCondition,LowCongestionCondition,EvenPaceStyle
-0.19995118,18.91511917,23.86907936,166.4962595,-0.90071869,-0.629,20.7843132,1560.0,10.18999958,0.102,14.66846371,SmoothCondition,LowCongestionCondition,EvenPaceStyle
-0.5,19.36548042,23.60636946,164.6212839,0.45036125,-0.832,44.31372452,1654.0,15.47999954,0.27,14.65193176,SmoothCondition,LowCongestionCondition,EvenPaceStyle
-0.39996338,26.3460598,23.10346749,156.587444,4.95396042,-0.98,29.01960754,2110.0,24.27000046,0.418,14.63172817,SmoothCondition,LowCongestionCondition,EvenPaceStyle
-0.40002442,30.62447739,22.93082949,152.0977549,4.27841759,-1.08,52.94117737,2060.0,17.51000023,0.473,14.60392666,SmoothCondition,LowCongestionCondition,EvenPaceStyle
-0.09997559,31.75038147,22.78446254,148.1432443,1.12590408,-1.15,67.45098114,1439.0,17.85000038,0.516,14.62515354,SmoothCondition,LowCongestionCondition,EvenPaceStyle
0.2000122,33.55181885,22.69439055,145.6674151,1.80143738,-1.17,48.62745285,1575.0,20.90999985,0.531,14.61791515,SmoothCondition,LowCongestionCondition,EvenPaceStyle
0.59997559,34.90289688,22.62308349,143.5813761,1.35107803,-1.15,30.58823586,1685.0,21.95000076,0.555,14.60521507,SmoothCondition,LowCongestionCondition,EvenPaceStyle
0.7999878,38.50577927,22.60056546,142.8225034,3.60288239,-1.06,0.0,1765.0,12.52999973,0.492,14.55433941,SmoothCondition,LowCongestionCondition,EvenPaceStyle
0.89996338,41.43312073,22.6418485,144.2980645,2.92734146,-0.941,14.50980377,1731.0,16.80999947,0.48,14.5461235,SmoothCondition,LowCongestionCondition,EvenPaceStyle
1.2000122,40.30722046,22.71315549,146.5446711,-1.12590027,-0.863,18.8235302,1712.0,11.85999966,0.492,14.52610683,SmoothCondition,LowCongestionCondition,EvenPaceStyle
1.0,40.08203888,22.85952253,150.3863411,-0.22518158,-0.551,0.0,1649.0,15.18999958,0.363,14.55430508,SmoothCondition,LowCongestionCondition,EvenPaceStyle
0.40002442,34.45253754,23.18228047,156.5311085,-4.95396042,-0.379,22.35294151,1281.0,13.18000031,0.273,14.59212208,SmoothCondition,LowCongestionCondition,EvenPaceStyle
0.20001221,30.17411804,23.28361145,157.3351426,-4.2784195,-0.41,65.88235474,1251.0,13.5,0.309,14.6168251,SmoothCondition,LowCongestionCondition,EvenPaceStyle
-0.2000122,29.94893837,23.41871941,158.03437,-0.22517967,-0.555,66.66666412,1354.0,16.22999954,0.355,14.6450386,SmoothCondition,LowCongestionCondition,EvenPaceStyle
-0.59997559,32.42591858,23.6701704,158.7186291,2.47698021,-0.617,63.92156982,1500.0,18.73999977,0.398,14.70747185,SmoothCondition,LowCongestionCondition,EvenPaceStyle
-0.70001221,35.57844162,24.04547042,159.0709941,3.15252304,-0.633,57.64706039,1640.0,22.26000023,0.496,14.7862978,SmoothCondition,LowCongestionCondition,EvenPaceStyle
-0.89996338,38.95613861,24.4470414,161.2458101,3.37769699,-0.754,51.76470566,1762.0,25.81999969,0.586,14.86416531,SmoothCondition,LowCongestionCondition,EvenPaceStyle
-1.0,41.88347626,24.86737736,165.1922844,2.92733765,-0.801,27.45098114,1876.0,18.90999985,0.691,14.93677425,SmoothCondition,LowCongestionCondition,EvenPaceStyle
-0.79998779,44.13527679,25.27270134,170.8851089,2.25180053,-0.852,24.31372643,1944.0,13.21000004,0.707,14.97331905,SmoothCondition,LowCongestionCondition,EvenPaceStyle
-0.69995118,47.96333694,26.44363726,199.1189099,0.45035934,-0.676,17.64705849,2059.0,14.17000008,0.5,15.05428886,SmoothCondition,LowCongestionCondition,EvenPaceStyle
-0.70001221,48.41369629,26.67257021,206.0975332,0.45035935,-0.617,10.58823586,2061.0,14.76000023,0.516,15.04499722,SmoothCondition,LowCongestionCondition,EvenPaceStyle
-0.5,49.53959656,27.25803806,224.7470343,1.57625962,-0.574,27.84313774,2184.0,18.60000038,0.684,15.05996609,SmoothCondition,LowCongestionCondition,EvenPaceStyle
-0.10003662,51.56622314,27.49823009,233.0433459,2.02662658,-0.68,36.47058868,2214.0,19.07999992,0.691,15.07714939,SmoothCondition,LowCongestionCondition,EvenPaceStyle
0.0,52.24176025,27.74592811,241.7029059,0.67553711,-0.641,32.54901886,2285.0,20.20999908,0.742,15.08582115,SmoothCondition,LowCongestionCondition,EvenPaceStyle
-0.20001221,55.39427567,28.301372,262.2197653,1.80143738,-0.918,16.47058868,2349.0,18.07999992,0.926,15.09260941,SmoothCondition,LowCongestionCondition,EvenPaceStyle
0.20001221,54.71873856,28.91311097,283.4040724,-0.22518158,-0.766,17.64705849,2350.0,18.09000015,0.801,15.08599472,SmoothCondition,LowCongestionCondition,EvenPaceStyle
0.40002441,57.64608002,30.7708459,327.6293992,1.8014412,-0.238,0.0,2267.0,26.03000069,0.625,15.24734402,SmoothCondition,LowCongestionCondition,EvenPaceStyle
-1.20001221,44.13527679,33.62687871,323.9232886,-2.02662278,0.262,7.058823586,1769.0,19.0,0.41,15.20797729,SmoothCondition,LowCongestionCondition,EvenPaceStyle
-1.0,39.85686111,34.24987673,307.7403883,-4.27841568,0.137,30.19607925,1725.0,19.62999916,0.332,15.19066525,SmoothCondition,LowCongestionCondition,EvenPaceStyle
-1.29998779,38.73096085,35.52589672,268.3214647,-0.22517776,0.113,27.84313774,1814.0,14.86999989,0.117,15.12874794,SmoothCondition,LowCongestionCondition,EvenPaceStyle
-0.70001221,39.40649796,38.28435156,177.4272551,-2.70215988,0.586,14.50980377,1458.0,15.02000046,-0.246,15.23063755,SmoothCondition,LowCongestionCondition,EvenPaceStyle
-0.2999878,33.55181885,38.72345254,161.2399574,-5.85467911,0.82,18.4313736,1182.0,7.71999979,-0.352,15.22187138,SmoothCondition,LowCongestionCondition,EvenPaceStyle
0.89996338,30.17411804,38.91110277,713.2598806,1.80143928,-1.18,21.17647171,1411.0,18.12999916,0.691,10.01335144,SmoothCondition,LowCongestionCondition,AggressiveStyle
0.80004882,33.1014595,38.46074279,705.9994644,2.92734146,-1.33,81.17647552,1577.0,23.5,0.773,10.03548336,SmoothCondition,LowCongestionCondition,AggressiveStyle
0.2999878,37.379879,38.11171376,699.2097104,4.2784195,-1.51,85.88235474,1780.0,32.50999832,0.887,10.08903408,SmoothCondition,LowCongestionCondition,AggressiveStyle
0.0,42.3338356,37.87152172,693.5682206,4.9539566,-1.71,100.0,2004.0,47.09999847,1.01,10.14316273,SmoothCondition,LowCongestionCondition,AggressiveStyle
0.2000122,59.22233582,37.65760062,687.1635717,6.07985688,-2.11,7.058823586,2758.0,66.23000336,1.21,10.23561573,SmoothCondition,LowCongestionCondition,AggressiveStyle
0.30004882,65.75255585,37.87152153,697.7089175,1.12590027,-2.36,93.72549438,2122.0,44.0,1.16,10.27122116,SmoothCondition,LowCongestionCondition,AggressiveStyle
0.2999878,68.00435638,38.01788854,705.3503593,2.25180053,-2.38,84.31372833,2224.0,49.70000076,1.13,10.30678844,SmoothCondition,LowCongestionCondition,AggressiveStyle
0.59997559,71.15688324,38.20178562,715.6473991,3.15252686,-2.2,47.84313965,2297.0,41.86000061,1.07,10.33053875,SmoothCondition,LowCongestionCondition,AggressiveStyle
1.09997558,73.85903931,38.42321259,728.6644814,2.70215607,-2.07,36.47058868,2338.0,34.36999893,1.0,10.35076809,SmoothCondition,LowCongestionCondition,AggressiveStyle
2.10003662,73.85903931,38.79475959,751.1489553,-0.22518158,-1.95,0.0,2322.0,21.32999992,0.98,10.37004375,SmoothCondition,LowCongestionCondition,EvenPaceStyle
2.40002442,68.22953796,39.06497545,767.0730465,-2.02661133,-1.74,7.058823586,2100.0,23.32999992,0.617,10.41743565,SmoothCondition,LowCongestionCondition,EvenPaceStyle
2.09997559,67.55399323,39.09124638,768.5524696,-0.67554473,-1.65,10.58823586,2102.0,23.90999985,0.625,10.41629982,SmoothCondition,LowCongestionCondition,EvenPaceStyle
1.40002441,67.32881927,39.11001138,769.6083443,-0.22517396,-1.53,11.76470566,2098.0,17.95999908,0.539,10.42798519,SmoothCondition,LowCongestionCondition,EvenPaceStyle
0.5,67.1036377,39.11376441,769.8211535,-0.22518157,-1.52,12.15686321,2103.0,16.55999947,0.531,10.42937088,SmoothCondition,LowCongestionCondition,EvenPaceStyle
-3.29998779,63.27557755,39.35395638,781.7432006,-1.57625961,0.234,10.58823586,1963.0,21.51000023,0.086,10.44506359,SmoothCondition,LowCongestionCondition,EvenPaceStyle
-2.5,61.92449951,39.45528739,785.7579588,-1.35107804,0.285,0.0,1928.0,18.90999985,0.0508,10.43794823,SmoothCondition,LowCongestionCondition,EvenPaceStyle
-1.2999878,41.65829849,43.16325122,745.907145,-4.50360108,0.758,16.86274529,1250.0,13.30000019,-0.0117,10.47132206,SmoothCondition,LowCongestionCondition,EvenPaceStyle
-1.0,39.18132019,43.76373123,718.6760024,-2.4769783,0.805,22.35294151,977.0,6.590000153,-0.109,10.45237637,SmoothCondition,LowCongestionCondition,EvenPaceStyle
0.0,34.22735977,44.33418722,687.4243584,-4.95396042,0.801,17.25490189,905.0,8.039999962,-0.148,10.4561348,SmoothCondition,LowCongestionCondition,EvenPaceStyle
0.7999878,30.39929962,44.84084222,657.1406123,-3.82806015,0.687,27.05882454,2051.0,18.42000008,-0.113,10.49833298,SmoothCondition,LowCongestionCondition,EvenPaceStyle
0.60003662,29.27339935,45.32873221,626.926408,-1.12590027,0.57,36.86274719,2117.0,23.43000031,-0.0586,10.54535198,SmoothCondition,LowCongestionCondition,EvenPaceStyle
1.09997559,32.42591858,46.3833252,562.5197673,1.57625771,0.469,75.6862793,1664.0,18.65999985,0.0234,10.64766693,SmoothCondition,LowCongestionCondition,AggressiveStyle
0.7999878,34.67771912,46.96128718,528.0378343,2.25180054,0.301,62.35294342,1625.0,23.86000061,0.0625,10.69948196,SmoothCondition,LowCongestionCondition,EvenPaceStyle
0.7000122,45.26117706,49.09674409,412.4324578,2.25180053,0.0547,16.07843208,1957.0,15.21000004,0.0,10.74917603,SmoothCondition,LowCongestionCondition,EvenPaceStyle
-0.5,47.73815918,49.89238008,370.9642083,2.47698212,-0.0078,23.92156982,1988.0,14.0,-0.043,10.74008179,SmoothCondition,LowCongestionCondition,EvenPaceStyle
-1.0,47.28779984,50.68051008,328.2568407,-0.45035934,0.0508,18.4313736,2027.0,14.68000031,0.0508,10.75614738,SmoothCondition,LowCongestionCondition,EvenPaceStyle
-1.40002441,46.38707733,51.80265703,277.5500524,0.90071869,-0.0469,17.64705849,2079.0,15.09000015,0.121,10.78795719,SmoothCondition,LowCongestionCondition,EvenPaceStyle
-1.09997559,48.41369629,52.84974397,236.1977831,-0.45036316,-0.0625,1.176470637,2038.0,21.73999977,0.16,10.85069752,SmoothCondition,LowCongestionCondition,AggressiveStyle
-1.10003662,47.06261826,53.27007993,220.2899571,-1.35107803,-0.16,0.0,1993.0,21.48999977,0.332,10.89528084,SmoothCondition,LowCongestionCondition,AggressiveStyle
-2.19995118,27.47196007,54.06571611,191.4173081,-4.05323982,0.426,15.29411793,1078.0,12.85000038,0.0703,11.0875206,SmoothCondition,LowCongestionCondition,EvenPaceStyle
-2.40002441,21.61728096,53.64162715,208.2489433,-5.85467911,0.621,21.96078491,992.0,6.800000191,-0.0039,11.09138107,SmoothCondition,LowCongestionCondition,EvenPaceStyle
-2.7999878,14.8618803,53.00361718,233.3200656,-6.75540066,0.836,23.92156982,871.0,7.5,-0.117,11.11670208,SmoothCondition,LowCongestionCondition,EvenPaceStyle
-2.79998779,7.205760002,52.13667425,267.4501649,-7.656120298,1.02,25.09803963,836.0,6.539999962,-0.172,11.16133308,SmoothCondition,LowCongestionCondition,EvenPaceStyle
-0.90002442,10.35828018,31.67531904,563.8057675,10.35828018,-0.586,5.490196228,1336.0,24.54000092,0.289,11.38404179,SmoothCondition,LowCongestionCondition,EvenPaceStyle
-1.0,17.56403732,29.99397518,527.6242458,2.70215702,-1.02,62.35294342,1780.0,25.79000092,0.523,11.57128906,SmoothCondition,LowCongestionCondition,EvenPaceStyle
-1.10003662,27.92231941,28.61662428,480.4066104,4.72878074,-1.25,42.35294342,2354.0,32.61999893,0.578,11.60922527,SmoothCondition,LowCongestionCondition,AggressiveStyle
-1.40002442,31.75038147,28.06493335,458.009458,3.82806206,-1.26,2.352941275,1690.0,26.04000092,0.543,11.64593029,SmoothCondition,LowCongestionCondition,AggressiveStyle
-1.60003662,34.00217819,27.57704336,437.3514785,2.25179672,-1.31,67.05882263,1585.0,13.03999996,0.617,11.65462685,SmoothCondition,LowCongestionCondition,AggressiveStyle
-1.90002442,35.57844162,27.1379424,418.2448014,1.57626343,-1.28,52.94117737,1706.0,19.61000061,0.641,11.68001556,SmoothCondition,LowCongestionCondition,AggressiveStyle
-2.10003662,38.73096085,26.76639546,400.9204872,3.15251923,-1.25,7.058823586,1711.0,21.86000061,0.609,11.73727894,SmoothCondition,LowCongestionCondition,AggressiveStyle
-1.2000122,40.30722046,26.44363749,385.5692799,1.57625961,-1.19,0.0,1648.0,18.32999992,0.629,11.79569721,SmoothCondition,LowCongestionCondition,AggressiveStyle
0.2000122,24.31943893,24.70224557,325.3269683,-5.62949944,-0.449,18.4313736,937.0,5.090000153,0.332,12.09400845,SmoothCondition,LowCongestionCondition,EvenPaceStyle
0.70001221,17.56403732,24.34195753,322.5053067,-6.75540161,-0.254,20.3921566,874.0,8.010000229,0.262,12.17674637,SmoothCondition,LowCongestionCondition,EvenPaceStyle
0.90002441,6.530220032,23.55007452,328.1750861,-4.053238868,0.0977,23.92156982,844.0,4.880000114,0.109,12.26583195,SmoothCondition,LowCongestionCondition,EvenPaceStyle
-0.7000122,6.755399704,16.37809172,310.5063158,6.755399704,0.273,41.17647171,1966.0,14.36999989,-0.0078,12.3711977,SmoothCondition,LowCongestionCondition,EvenPaceStyle
-1.0,11.93453979,15.76259973,292.5686417,5.179140086,0.195,5.882352829,1481.0,19.65999985,0.0313,12.47512531,SmoothCondition,LowCongestionCondition,EvenPaceStyle
-1.10003662,15.31223869,15.21090877,274.1931662,3.3776989,0.0039,72.54901886,1324.0,11.51000023,0.113,12.56114006,SmoothCondition,LowCongestionCondition,EvenPaceStyle
-1.30004882,16.66331863,14.70425377,256.7724228,1.35107994,-0.312,71.37255096,1735.0,16.32999992,0.168,12.61715221,SmoothCondition,LowCongestionCondition,EvenPaceStyle
-1.5,21.84246063,14.30643578,241.1793149,5.179142,-0.535,45.09804153,2039.0,24.61000061,0.281,12.70311737,SmoothCondition,LowCongestionCondition,EvenPaceStyle
-1.7000122,30.39929962,13.77350979,216.9464734,3.82806015,-1.12,6.274509907,1482.0,27.36000061,0.531,12.81031895,SmoothCondition,LowCongestionCondition,AggressiveStyle
-1.80004882,33.55181885,13.66091977,211.630933,3.15251923,-1.33,72.94117737,1622.0,18.46999931,0.59,12.83934593,SmoothCondition,LowCongestionCondition,AggressiveStyle
-1.90002441,35.8036232,13.6571668,211.4610408,2.25180435,-1.5,57.25490189,1773.0,23.09000015,0.691,12.87317944,SmoothCondition,LowCongestionCondition,AggressiveStyle
-1.19995118,39.63167572,13.79227473,217.4663503,3.82805252,-1.64,55.68627548,1907.0,26.51000023,0.746,12.9369173,SmoothCondition,LowCongestionCondition,AggressiveStyle
-1.2000122,43.23456192,14.05498476,228.9167484,3.6028862,-1.68,37.25490189,2000.0,29.38999939,0.777,13.00499821,SmoothCondition,LowCongestionCondition,AggressiveStyle
-1.19995118,46.83743668,14.99323472,262.4841404,0.90071488,-1.63,12.94117641,1973.0,14.35999966,0.777,13.10174084,SmoothCondition,LowCongestionCondition,AggressiveStyle
0.60003662,33.55181885,20.18363358,296.5924088,0.90071869,-1.17,40.7843132,1493.0,10.38000011,0.344,13.28891468,SmoothCondition,LowCongestionCondition,EvenPaceStyle
1.59997559,32.200737,21.26449753,286.6770588,-0.45036316,-1.18,47.45098114,1684.0,16.97999954,0.258,13.2632885,SmoothCondition,LowCongestionCondition,EvenPaceStyle
1.80004882,34.45253754,21.83870649,281.6255773,2.25180054,-1.12,39.60784531,1773.0,17.45999908,0.199,13.23085403,SmoothCondition,LowCongestionCondition,EvenPaceStyle
2.30004882,40.08203888,22.50674047,278.7292029,5.62950134,-1.02,25.88235283,1808.0,14.48999977,0.164,13.17717361,SmoothCondition,LowCongestionCondition,EvenPaceStyle
1.7999878,41.88347626,23.20479841,276.0117017,1.80143738,-0.902,22.74509811,1864.0,12.56000042,0.148,13.10562801,SmoothCondition,LowCongestionCondition,EvenPaceStyle
0.90002441,43.23456192,24.65345646,269.5334799,-0.45035934,-0.629,14.50980377,1884.0,12.0,0.0547,12.94623184,SmoothCondition,LowCongestionCondition,EvenPaceStyle
-0.09997559,44.13527679,25.38904441,265.1145482,0.90071487,-0.527,14.11764717,1887.0,12.69999981,0.0156,12.87343216,SmoothCondition,LowCongestionCondition,EvenPaceStyle
-0.2999878,45.48635864,26.14715039,260.4503953,1.35108185,-0.582,12.15686321,1890.0,12.89999962,-0.0742,12.81341457,SmoothCondition,LowCongestionCondition,EvenPaceStyle
-1.0,44.36046219,26.88649142,253.9292723,-1.12589645,-0.617,16.47058868,1913.0,12.72999954,-0.0391,12.75007534,SmoothCondition,LowCongestionCondition,EvenPaceStyle
-1.7999878,43.45973969,27.43818242,253.6450184,-0.9007225,-0.699,16.86274529,1919.0,12.89999962,-0.082,12.68397713,SmoothCondition,LowCongestionCondition,EvenPaceStyle
-2.30004882,44.13527679,27.92607236,255.4475165,0.6755371,-0.738,19.6078434,1946.0,13.18999958,-0.0586,12.65123653,SmoothCondition,LowCongestionCondition,EvenPaceStyle
-2.5,45.71154022,28.39519741,258.7652521,1.57626343,-0.832,16.86274529,1970.0,13.44999981,-0.0625,12.64544678,SmoothCondition,LowCongestionCondition,EvenPaceStyle
-2.40002442,46.16189957,28.77800342,263.5077271,0.45035935,-0.867,16.07843208,1978.0,13.27999973,-0.0508,12.65203094,SmoothCondition,LowCongestionCondition,EvenPaceStyle
0.10003662,25.22015953,38.96364452,151.0643753,-8.33165932,0.992,21.56862831,932.0,5.519999981,-0.477,15.188591,SmoothCondition,LowCongestionCondition,EvenPaceStyle
-0.40002441,17.56403732,39.04621048,147.0478293,-7.65612221,1.11,22.35294151,877.0,7.900000095,-0.527,15.22592926,SmoothCondition,LowCongestionCondition,EvenPaceStyle
-1.0,9.232379913,38.9448795,152.5554056,-8.331657407,1.19,22.74509811,852.0,5.840000153,-0.469,15.28476524,SmoothCondition,LowCongestionCondition,AggressiveStyle
-2.5,7.205760002,28.50028087,532.1457894,7.205760002,-0.777,48.23529434,1336.0,11.51000023,0.398,15.38702583,SmoothCondition,LowCongestionCondition,EvenPaceStyle
-2.19995118,9.682740211,28.06868584,537.1088914,2.476980209,-0.789,3.529411793,2034.0,28.30999947,0.391,15.44776344,SmoothCondition,LowCongestionCondition,EvenPaceStyle
-2.5,13.28561974,27.64084386,538.6176964,3.602879529,-0.941,77.64705658,1368.0,13.81000042,0.488,15.48905754,SmoothCondition,LowCongestionCondition,EvenPaceStyle
-2.7999878,16.21295929,27.21300191,537.2068666,2.92733955,-1.05,50.58823776,1566.0,20.90999985,0.555,15.53617954,SmoothCondition,LowCongestionCondition,EvenPaceStyle
-2.89996338,22.0676384,26.84520794,532.6644096,5.85467911,-1.15,42.35294342,1920.0,28.45000076,0.59,15.5853672,SmoothCondition,LowCongestionCondition,EvenPaceStyle
-3.09997559,26.3460598,26.52995598,526.8192943,4.2784214,-1.22,38.82352829,2192.0,31.51000023,0.637,15.62360954,SmoothCondition,LowCongestionCondition,AggressiveStyle
-2.7999878,30.39929962,26.26349302,520.3177079,4.05323982,-1.19,0.392156869,2418.0,23.45000076,0.652,15.6733408,SmoothCondition,LowCongestionCondition,AggressiveStyle
-2.39996338,34.45253754,26.04581902,513.7529102,4.05323792,-1.27,60.0,1523.0,17.79999924,0.684,15.65975761,SmoothCondition,LowCongestionCondition,AggressiveStyle
-2.09997559,35.35326004,25.83565107,507.0342769,0.9007225,-1.35,42.74509811,1617.0,21.20000076,0.668,15.61613178,SmoothCondition,LowCongestionCondition,AggressiveStyle
0.60003662,38.05541992,25.66301313,500.8947242,2.70215988,-1.37,35.68627548,1726.0,15.0,0.684,15.54945755,SmoothCondition,LowCongestionCondition,AggressiveStyle
0.69995118,40.75757599,25.54291712,496.3129616,2.70215607,-1.33,0.0,1786.0,12.67000008,0.676,15.44702435,SmoothCondition,LowCongestionCondition,AggressiveStyle
1.5,32.65110016,23.83905518,426.8114948,-1.80143738,-1.14,70.58823395,1387.0,11.03999996,0.578,15.1637907,SmoothCondition,LowCongestionCondition,EvenPaceStyle
1.39996338,31.75038147,23.45624923,411.5613561,-0.90071869,-1.07,77.2549057,1472.0,18.46999931,0.574,15.16538811,SmoothCondition,LowCongestionCondition,EvenPaceStyle
1.2000122,35.57844162,23.14475027,397.8620052,3.82806015,-1.14,78.03921509,1657.0,25.81999969,0.633,15.17649269,SmoothCondition,LowCongestionCondition,EvenPaceStyle
1.70001221,38.05541992,22.85576934,383.9176931,2.4769783,-1.09,69.80392456,1859.0,32.75,0.539,15.20870781,SmoothCondition,LowCongestionCondition,EvenPaceStyle
0.89996338,47.73815918,22.46545727,361.7271261,5.40432358,-1.05,33.72549057,2169.0,37.38999939,0.465,15.27695274,SmoothCondition,LowCongestionCondition,EvenPaceStyle
0.09997558,48.41369629,22.37538521,356.4701965,0.67553711,-0.926,26.66666794,2248.0,26.86000061,0.453,15.28629017,SmoothCondition,LowCongestionCondition,EvenPaceStyle
0.40002441,49.76477432,22.35662021,355.4030063,1.35107803,-0.773,11.37254906,2299.0,20.13999939,0.445,15.27232647,SmoothCondition,LowCongestionCondition,EvenPaceStyle
0.5,48.86405945,22.34536126,354.7881338,-0.90071487,-0.629,0.0,2287.0,23.95000076,0.375,15.27650166,SmoothCondition,LowCongestionCondition,EvenPaceStyle
-2.2999878,37.83023834,22.68688424,370.6741753,-2.70215988,-0.148,23.92156982,1683.0,18.52000046,0.0235,15.15428352,SmoothCondition,LowCongestionCondition,EvenPaceStyle
-2.89996338,38.05541992,22.61933027,368.2794768,0.22518158,-0.277,25.88235283,1643.0,12.11999989,0.0586,15.09113216,SmoothCondition,LowCongestionCondition,EvenPaceStyle
-4.0,37.83023834,22.54802328,365.7579981,-0.22518158,-0.344,1.568627477,1686.0,11.64000034,0.102,15.01124477,SmoothCondition,LowCongestionCondition,EvenPaceStyle
-4.59997558,39.85686111,22.55552933,366.0187492,2.02662277,-0.391,20.0,1738.0,12.75,0.16,14.93799782,SmoothCondition,LowCongestionCondition,EvenPaceStyle
-5.59997559,38.73096085,22.64184837,368.3963618,-1.12590026,-0.418,6.274509907,1707.0,11.22000027,0.137,14.84715271,SmoothCondition,LowCongestionCondition,EvenPaceStyle
-4.59997558,36.92951965,22.83700437,371.7049162,-1.8014412,-0.402,12.54901981,1699.0,15.38000011,0.18,14.80085087,SmoothCondition,LowCongestionCondition,EvenPaceStyle
-4.40002441,34.67771912,23.1222324,373.527239,-2.25180053,-0.266,0.0,1650.0,11.85999966,0.121,14.75309467,SmoothCondition,LowCongestionCondition,EvenPaceStyle
0.09997558,23.41871834,26.03080715,326.6056097,-3.3777008,0.66,17.25490189,953.0,5.429999828,-0.258,14.64788914,SmoothCondition,LowCongestionCondition,EvenPaceStyle
0.70001221,19.36548042,26.35356515,315.767869,-4.05323792,0.766,21.17647171,898.0,7.019999981,-0.344,14.64989185,SmoothCondition,LowCongestionCondition,EvenPaceStyle
1.09997559,9.682740211,26.76639514,298.9137004,-5.404318809,0.758,22.74509811,878.0,6.21999979,-0.406,14.69421101,SmoothCondition,LowCongestionCondition,EvenPaceStyle
0.79998779,7.205760002,26.88649114,293.241042,-2.476980209,0.687,24.31372643,859.0,5.71999979,-0.348,14.74492264,SmoothCondition,LowCongestionCondition,EvenPaceStyle
0.5,3.828059673,26.95029213,289.9963577,-3.377700329,0.441,27.05882454,773.0,5.639999866,-0.113,14.79478836,SmoothCondition,LowCongestionCondition,EvenPaceStyle
0.0,2.476979733,26.99157513,287.8357224,-1.35107994,0.352,37.25490189,1050.0,11.25,0.0195,14.84952259,SmoothCondition,LowCongestionCondition,EvenPaceStyle
-0.40002442,5.854679585,27.08915312,283.050162,3.377699852,0.258,34.90196228,1467.0,11.59000015,-0.043,14.93033886,SmoothCondition,LowCongestionCondition,EvenPaceStyle
-0.59997558,8.782018661,27.2355201,276.2712392,2.927339076,0.371,17.64705849,1697.0,11.61999989,-0.0078,14.96765709,SmoothCondition,LowCongestionCondition,EvenPaceStyle
-0.89996338,9.682740211,27.3968991,268.8943568,0.90072155,0.578,0.0,1499.0,13.61999989,-0.0234,15.01421928,SmoothCondition,LowCongestionCondition,EvenPaceStyle
-0.59997559,8.106479645,27.69713908,254.8502196,-1.801439285,0.605,15.68627453,907.0,5.239999771,-0.0742,15.12420559,SmoothCondition,LowCongestionCondition,EvenPaceStyle
-0.39996338,6.079859734,27.79847008,249.7580022,-2.026619911,0.629,23.92156982,850.0,4.559999943,-0.0937,15.21271992,SmoothCondition,LowCongestionCondition,EvenPaceStyle
2.19995118,6.079859734,27.69713907,253.8584446,6.079859734,0.0156,22.35294151,1132.0,7.409999847,0.0664,15.48967075,SmoothCondition,LowCongestionCondition,EvenPaceStyle
1.7999878,6.755399704,27.58830207,257.7593569,0.67553997,-0.102,21.56862831,1335.0,12.0,0.168,15.58957386,SmoothCondition,LowCongestionCondition,EvenPaceStyle
0.89996338,9.90791893,27.48321806,260.8531699,3.152519226,-0.187,18.03921509,1604.0,10.97999954,0.191,15.68314266,SmoothCondition,LowCongestionCondition,EvenPaceStyle
0.39996338,10.35828018,27.28806209,265.287913,0.45036125,-0.375,15.68627453,1760.0,11.22999954,0.254,15.77358246,SmoothCondition,LowCongestionCondition,EvenPaceStyle
-0.40002442,11.48418045,27.0403641,269.4437443,1.12590027,-0.52,17.25490189,1826.0,11.48999977,0.273,15.85976505,SmoothCondition,LowCongestionCondition,EvenPaceStyle
-1.0,13.06044006,26.75138311,272.4801041,1.57625961,-0.633,13.72549057,1964.0,12.78999996,0.309,15.94863224,SmoothCondition,LowCongestionCondition,EvenPaceStyle
-1.90002441,12.15971947,26.00078314,276.6460198,-0.4503603,-0.398,5.882352829,2069.0,15.21000004,0.227,16.14732742,SmoothCondition,LowCongestionCondition,AggressiveStyle
-2.2000122,12.61007977,25.57669413,277.0393347,0.4503603,-0.238,0.0,1909.0,18.78000069,0.164,16.21018791,SmoothCondition,LowCongestionCondition,AggressiveStyle
-2.10003662,9.682740211,24.55587824,275.3379048,-1.801440239,-0.16,17.25490189,1087.0,10.02000046,0.125,16.3255806,SmoothCondition,LowCongestionCondition,AggressiveStyle
-1.09997559,6.079859734,23.42622527,276.7586049,-0.67553997,-0.195,25.49019623,858.0,4.829999924,0.137,16.40519905,SmoothCondition,LowCongestionCondition,AggressiveStyle
1.5,6.079859734,3.966920885,22.42769243,6.079859734,-0.234,27.84313774,852.0,4.579999924,0.109,16.64575577,SmoothCondition,LowCongestionCondition,EvenPaceStyle
1.79998779,5.179140091,3.737987892,19.81007254,-0.675539494,-0.379,46.66666794,1257.0,11.42000008,0.168,16.73403358,SmoothCondition,LowCongestionCondition,EvenPaceStyle
2.09997559,6.980579853,3.734234889,19.78444736,1.801439762,-0.437,33.72549057,1738.0,12.97000027,0.195,16.72699356,SmoothCondition,LowCongestionCondition,EvenPaceStyle
2.5,14.18633938,4.240889875,24.89780632,-1.12589931,-0.508,14.11764717,2241.0,16.27000046,0.277,16.68519592,SmoothCondition,LowCongestionCondition,AggressiveStyle
0.79998779,15.31223869,4.409774868,27.65333513,0.90071869,-0.551,28.62745094,1165.0,7.289999962,0.367,16.59346581,SmoothCondition,LowCongestionCondition,AggressiveStyle
0.60003662,15.53741932,4.533623862,29.50483564,0.22518063,-0.625,34.90196228,1282.0,9.590000153,0.398,16.5624485,SmoothCondition,LowCongestionCondition,AggressiveStyle
0.70001221,15.98777962,4.69875586,31.66027165,0.4503603,-0.664,33.33333206,1401.0,10.0,0.414,16.52055931,SmoothCondition,LowCongestionCondition,AggressiveStyle
0.09997558,17.56403732,5.220422814,37.18125513,-0.90072251,-0.617,6.274509907,1340.0,12.11999989,0.414,16.47409439,SmoothCondition,HighCongestionCondition,AggressiveStyle
-0.10003662,16.43813896,5.494391797,38.77584498,-1.12589836,-0.555,0.0,1192.0,10.64999962,0.395,16.48973274,SmoothCondition,HighCongestionCondition,AggressiveStyle
-0.20001221,14.8618803,6.038576815,41.5007219,-2.92734051,-0.437,21.96078491,913.0,5.090000153,0.305,16.48075676,SmoothCondition,HighCongestionCondition,AggressiveStyle
0.59997558,5.854679585,6.10237781,41.95141833,-2.927339076,-0.184,24.31372643,844.0,5.050000191,0.152,16.62765121,SmoothCondition,HighCongestionCondition,AggressiveStyle
1.2999878,24.99497986,38.811063580731144,171.92088758076872,6.07986069,0.144,51.37255096,1859.0,24.23999977,-0.0586,24.66870117,SmoothCondition,LowCongestionCondition,EvenPaceStyle
1.5,23.41871834,15.45860638,125.0562304,2.25180054,0.387,29.01960754,1812.0,10.40999985,-0.0313,22.08314133,SmoothCondition,LowCongestionCondition,EvenPaceStyle
1.1000366,24.76979828,15.87143635,122.3020621,1.35107994,0.434,30.19607925,1980.0,13.90999985,-0.141,21.98789215,SmoothCondition,LowCongestionCondition,EvenPaceStyle
1.5,29.49857903,16.66331931,122.5384184,2.47698021,0.664,0.0,1966.0,15.28999996,-0.234,21.78826523,SmoothCondition,LowCongestionCondition,EvenPaceStyle
0.3999634,9.232379913,18.0969652,108.6431902,-3.152519227,1.12,41.5686264,1969.0,11.56000042,-0.469,21.6878624,SmoothCondition,LowCongestionCondition,EvenPaceStyle
0.1999512,12.61007977,18.40846419,101.6847045,1.35107995,0.883,74.90196228,1285.0,8.739999771,-0.391,21.86124992,SmoothCondition,LowCongestionCondition,EvenPaceStyle
0.0,15.31223869,18.62989117,97.24877219,2.70215892,0.703,67.05882263,1593.0,15.0,-0.297,21.95807838,SmoothCondition,LowCongestionCondition,EvenPaceStyle
-0.2999878,18.91511917,18.92637816,91.96771078,3.60288048,0.527,45.49019623,1845.0,19.92000008,-0.285,22.05971527,SmoothCondition,LowCongestionCondition,EvenPaceStyle
-0.1999512,23.64389992,19.32044316,86.11567668,4.72878075,0.469,18.03921509,1909.0,23.07999992,-0.391,22.15324783,SmoothCondition,LowCongestionCondition,EvenPaceStyle
-0.0999756,26.79641914,19.76705014,80.53335846,3.15251922,0.594,0.784313738,1808.0,15.21000004,-0.379,22.08395386,SmoothCondition,LowCongestionCondition,EvenPaceStyle
-0.2999878,19.81583786,20.85917308,64.27283767,-4.50360107,0.715,5.09803915,1190.0,11.97000027,-0.598,22.0886631,SmoothCondition,LowCongestionCondition,EvenPaceStyle
-0.5,14.8618803,21.02055208,60.68879522,-4.95395756,0.664,50.19607925,1295.0,8.090000153,-0.629,21.97875977,SmoothCondition,LowCongestionCondition,EvenPaceStyle
-0.1999512,15.98777962,21.16691907,57.86159048,1.12589932,0.586,62.35294342,1582.0,14.43999958,-0.582,22.03712463,SmoothCondition,LowCongestionCondition,EvenPaceStyle
0.0,21.84246063,21.37333409,55.50211298,5.85468101,0.543,50.58823776,1871.0,19.06999969,-0.527,22.11479759,SmoothCondition,LowCongestionCondition,EvenPaceStyle
0.1999512,23.86907959,21.60977308,53.2343936,2.02661896,0.465,39.2156868,2115.0,24.68000031,-0.512,22.21294022,SmoothCondition,LowCongestionCondition,EvenPaceStyle
0.3999634,26.79641914,21.84621207,52.26070909,2.92733955,0.32,32.94117737,2296.0,23.78000069,-0.461,22.26311302,SmoothCondition,LowCongestionCondition,EvenPaceStyle
0.0999756,30.39929962,22.09391007,52.76364439,3.60288048,0.183,25.49019623,2405.0,21.29999924,-0.5,22.25967979,SmoothCondition,LowCongestionCondition,EvenPaceStyle
-0.4000244,32.87627792,22.31533704,54.57807493,2.4769783,0.148,9.8039217,2394.0,19.25,-0.348,22.20006371,SmoothCondition,LowCongestionCondition,AggressiveStyle
-0.8000488,34.22735977,22.49923406,56.93563358,1.35108185,0.0156,6.274509907,2286.0,18.5,-0.242,22.12749863,SmoothCondition,LowCongestionCondition,AggressiveStyle
-1.2999878,32.65110016,22.63058909,58.57749248,-1.57625961,0.0625,0.0,2127.0,23.82999992,-0.246,22.15029526,SmoothCondition,LowCongestionCondition,AggressiveStyle
-1.2000122,29.49857903,22.67187209,59.04844269,-3.15252113,0.105,5.882352829,2098.0,22.87000084,-0.25,22.18738747,SmoothCondition,LowCongestionCondition,AggressiveStyle
-1.1000366,28.82304001,22.63809508,58.55508988,-0.67553902,0.156,16.86274529,2085.0,17.17000008,-0.277,22.14777946,SmoothCondition,LowCongestionCondition,AggressiveStyle
-1.2999878,29.49857903,22.57429411,57.41232839,0.67553902,0.211,1.568627477,2001.0,15.86999989,-0.289,22.08214951,SmoothCondition,LowCongestionCondition,AggressiveStyle
-0.8999634,29.27339935,22.48046915,55.58784326,-0.22517968,0.367,0.0,1854.0,20.5,-0.391,22.09846115,SmoothCondition,LowCongestionCondition,EvenPaceStyle
-0.8999634,23.86907959,22.31909016,53.7743293,-1.80143929,0.555,0.784313738,1575.0,17.44000053,-0.465,22.14988518,SmoothCondition,LowCongestionCondition,EvenPaceStyle
-0.0999756,20.26619911,22.40916209,52.79183581,-0.90071869,0.762,7.843137264,1377.0,13.72000027,-0.539,22.18048477,SmoothCondition,LowCongestionCondition,EvenPaceStyle
0.5,18.23958015,22.5818001,49.47892738,-2.02661896,0.562,22.74509811,875.0,5.190000057,-0.609,21.96144104,SmoothCondition,LowCongestionCondition,EvenPaceStyle
1.1000366,11.0338192,22.62308308,48.40357312,-7.20576095,0.641,27.05882454,877.0,4.800000191,-0.672,21.89622307,SmoothCondition,LowCongestionCondition,AggressiveStyle
1.0,8.106479645,22.61557708,48.62169513,-2.927339555,0.797,26.66666794,852.0,5.119999886,-0.727,21.95565224,SmoothCondition,LowCongestionCondition,AggressiveStyle
-0.1000366,7.656119347,16.57324735,119.3967129,7.656119347,1.39,30.19607925,1629.0,20.04000092,-0.969,22.2938385,SmoothCondition,LowCongestionCondition,EvenPaceStyle
0.0999756,12.38489914,16.53196433,119.6426659,4.728779793,1.15,70.58823395,1201.0,15.23999977,-0.859,22.39308929,SmoothCondition,LowCongestionCondition,EvenPaceStyle
0.0,14.18633938,16.49443434,119.7343378,1.80144024,0.863,72.54901886,1560.0,13.18000031,-0.715,22.43914986,SmoothCondition,LowCongestionCondition,EvenPaceStyle
-0.80004882,19.5906601,18.59611429,41.17379661,2.70216179,-0.391,33.72549057,1484.0,11.10999966,0.191,20.02461815,SmoothCondition,LowCongestionCondition,EvenPaceStyle
-0.90002441,21.39209938,18.5398193,40.65706799,1.80143928,-0.402,15.29411793,1612.0,11.60999966,0.152,20.02133942,SmoothCondition,LowCongestionCondition,EvenPaceStyle
-1.29998779,22.29281998,18.46851231,39.79734295,0.9007206,-0.25,7.843137264,1625.0,13.93000031,0.258,20.01282692,SmoothCondition,LowCongestionCondition,EvenPaceStyle
-1.39996338,21.61728096,18.37844035,38.71721885,-0.67553902,-0.285,12.54901981,1507.0,10.35000038,0.301,19.96959686,SmoothCondition,LowCongestionCondition,EvenPaceStyle
-1.40002441,18.6899395,17.98062235,34.37151187,-1.12589836,-0.277,1.960784316,1311.0,7.800000191,0.305,19.8195858,SmoothCondition,LowCongestionCondition,EvenPaceStyle
-1.39996338,18.23958015,17.83800837,33.03470613,-0.45035935,-0.32,0.0,1232.0,10.98999977,0.168,19.88170052,SmoothCondition,LowCongestionCondition,EvenPaceStyle
-1.5,16.21295929,17.69164136,32.18950521,-2.02662086,-0.23,8.627450943,936.0,9.319999695,0.0859,19.92030907,SmoothCondition,LowCongestionCondition,EvenPaceStyle
-1.59997559,12.38489914,17.38014235,31.99892782,-1.57626057,-0.102,22.74509811,951.0,4.96999979,0.16,19.89666176,SmoothCondition,LowCongestionCondition,EvenPaceStyle
-1.10003662,11.0338192,17.24503436,32.6104942,-1.35107994,-0.0664,24.31372643,895.0,5.380000114,0.168,19.90373993,SmoothCondition,LowCongestionCondition,EvenPaceStyle
-1.0,9.232379913,17.13619736,33.64938047,-1.801439287,-0.156,25.49019623,1134.0,4.920000076,0.18,19.92632866,SmoothCondition,LowCongestionCondition,EvenPaceStyle
-0.90002442,7.656119347,17.06113736,34.74715177,-1.576260566,-0.293,37.25490189,1469.0,9.029999733,0.234,20.00948906,SmoothCondition,LowCongestionCondition,EvenPaceStyle
-0.7999878,9.007200241,17.07990236,34.4179206,1.351080894,-0.453,27.45098114,1813.0,11.22999954,0.281,20.08327866,SmoothCondition,LowCongestionCondition,EvenPaceStyle
-0.90002441,11.48418045,17.17372738,32.8039933,2.476980209,-0.543,18.4313736,1937.0,12.51000023,0.262,20.22185898,SmoothCondition,LowCongestionCondition,EvenPaceStyle
-0.60003662,13.28561974,17.30132937,30.78486207,1.80143929,-0.539,5.882352829,1681.0,12.68000031,0.172,20.36698723,SmoothCondition,LowCongestionCondition,EvenPaceStyle
-0.2999878,13.06044006,17.39140139,29.50466355,-0.22517968,-0.445,1.960784316,1207.0,15.11999989,0.121,20.51492882,SmoothCondition,LowCongestionCondition,EvenPaceStyle
0.09997559,9.90791893,17.42517837,28.91978266,-3.15252113,-0.352,29.80392265,1218.0,6.909999847,0.145,20.6691494,SmoothCondition,LowCongestionCondition,EvenPaceStyle
0.70001221,10.35828018,17.47772037,27.99332332,0.45036125,-0.207,26.66666794,1397.0,7.75,0.0781,20.77088737,SmoothCondition,LowCongestionCondition,EvenPaceStyle
1.10003662,9.682740211,17.53026237,26.98905742,-0.675539969,-0.0898,18.4313736,1393.0,9.300000191,0.0547,20.92325783,SmoothCondition,LowCongestionCondition,EvenPaceStyle
1.89996338,7.656119347,17.54902736,26.59035643,-2.026620864,0.0703,4.313725471,814.0,12.46000004,-0.0195,21.03216362,SmoothCondition,LowCongestionCondition,EvenPaceStyle
2.40002442,3.602880001,17.45895536,28.64197402,-4.053239346,0.0625,23.52941132,840.0,5.690000057,-0.0234,21.11847687,SmoothCondition,LowCongestionCondition,EvenPaceStyle
-0.35897824593764377,37.47805300018729,38.811063580731144,171.92088758076872,-0.00018182406055956946,-0.0039,25.88235283,797.0,7.579999924,0.0078,16.344780882093918,SmoothCondition,LowCongestionCondition,EvenPaceStyle
-1.89996338,23.19353867,2.687147888,48.99898236,-0.67554092,-1.08,53.33333588,1692.0,11.39000034,0.457,19.09676552,SmoothCondition,LowCongestionCondition,AggressiveStyle
-1.59997559,24.09425926,3.088718875,56.47979758,0.90072059,-1.23,46.66666794,1903.0,25.20999908,0.535,19.15909767,SmoothCondition,LowCongestionCondition,AggressiveStyle
-1.59997558,31.3000164,4.064498822,78.56929056,4.053236,-1.27,24.70588303,2318.0,20.60000038,0.578,19.16070557,SmoothCondition,LowCongestionCondition,AggressiveStyle
-1.5,32.87627792,4.612436787,92.05377028,1.57626152,-1.26,60.39215851,2040.0,17.77000046,0.594,19.12321472,SmoothCondition,LowCongestionCondition,AggressiveStyle
-1.59997558,33.77699661,5.175386731,105.7873672,0.90071869,-1.27,50.58823776,1518.0,18.54999924,0.621,19.11994171,SmoothCondition,LowCongestionCondition,AggressiveStyle
-1.40002442,37.379879,6.391358741,136.6211051,1.80143738,-1.26,43.92156982,1695.0,16.51000023,0.578,19.08260155,SmoothCondition,LowCongestionCondition,AggressiveStyle
-1.29998779,39.63167572,7.05188667,154.2124844,2.25179672,-1.41,0.0,1665.0,16.62000084,0.621,19.05380249,SmoothCondition,LowCongestionCondition,AggressiveStyle
-0.70001221,27.69713783,9.877895562,204.1776473,-4.50359917,-0.559,2.745098114,1072.0,9.359999657,0.199,19.14443398,SmoothCondition,LowCongestionCondition,EvenPaceStyle
0.09997559,24.76979828,10.69604952,207.4830498,0.45035935,-0.531,40.7843132,1154.0,12.17000008,0.215,19.14187622,SmoothCondition,LowCongestionCondition,EvenPaceStyle
0.59997558,27.02159882,11.58926349,211.5824463,0.45035935,-0.648,26.66666794,1169.0,7.699999809,0.23,19.03155708,SmoothCondition,LowCongestionCondition,EvenPaceStyle
0.59997559,27.69713783,12.50124243,214.617975,0.67553901,-0.562,1.176470637,1216.0,7.53000021,0.0977,18.79464531,SmoothCondition,LowCongestionCondition,EvenPaceStyle
0.40002442,24.99497986,13.8298044,215.016405,-1.80143928,-0.18,2.745098114,1020.0,8.979999542,-0.0039,18.86429787,SmoothCondition,LowCongestionCondition,EvenPaceStyle
0.0,23.19353867,14.21636338,213.1087839,-1.80144119,-0.0234,18.03921509,952.0,6.329999924,-0.0937,18.84645081,SmoothCondition,LowCongestionCondition,EvenPaceStyle
-0.70001221,21.84246063,14.58040439,210.5342216,-1.35107804,0.117,22.35294151,927.0,5.570000172,-0.199,18.82466316,SmoothCondition,LowCongestionCondition,EvenPaceStyle
-0.7999878,19.14029884,14.89940937,207.1799604,-2.70216179,0.203,23.92156982,904.0,4.96999979,-0.285,18.82666969,SmoothCondition,LowCongestionCondition,EvenPaceStyle
-1.2000122,15.76259995,15.16211937,203.3598199,-3.37769889,0.352,26.27450943,901.0,5.53000021,-0.316,18.86897087,SmoothCondition,LowCongestionCondition,EvenPaceStyle
-1.70001221,12.15971947,15.36478136,199.5744,-3.60288048,0.359,24.31372643,883.0,5.340000153,-0.266,18.91769791,SmoothCondition,LowCongestionCondition,EvenPaceStyle
-1.69995118,7.881299973,15.49613636,196.5047515,-4.278419497,0.332,27.05882454,874.0,5.070000172,-0.215,18.99081802,SmoothCondition,LowCongestionCondition,EvenPaceStyle
-1.7999878,5.854679585,15.59371436,194.0006186,-2.026620388,0.191,36.86274719,817.0,5.090000153,-0.0664,19.0901413,SmoothCondition,LowCongestionCondition,EvenPaceStyle
-2.0,5.629499912,15.68753936,191.55305,-0.225179673,0.0625,27.84313774,1026.0,9.029999733,-0.0508,19.20104218,SmoothCondition,LowCongestionCondition,EvenPaceStyle
-1.7999878,7.656119347,15.81514134,188.4586073,2.026619435,-0.043,18.4313736,1174.0,7.289999962,-0.0469,19.28914833,SmoothCondition,LowCongestionCondition,EvenPaceStyle
-1.70001221,7.881299973,15.94649634,185.2686395,0.225180626,0.0156,22.74509811,1069.0,6.059999943,0.0195,19.37438202,SmoothCondition,LowCongestionCondition,EvenPaceStyle
-1.09997558,7.205760002,16.06659234,182.2388826,-0.675539971,0.125,19.2156868,1051.0,6.300000191,0.148,19.48768234,SmoothCondition,LowCongestionCondition,EvenPaceStyle
-0.59997558,9.007200241,16.43438635,172.9032435,2.476980209,-0.0078,21.17647171,1593.0,10.52000046,0.0039,19.85611343,SmoothCondition,LowCongestionCondition,EvenPaceStyle
-0.60003662,10.13309956,16.60327134,168.9694441,1.125899319,0.0312,0.0,1827.0,11.97999954,0.0195,19.93004608,SmoothCondition,LowCongestionCondition,EvenPaceStyle
-1.0,10.5834589,16.77966232,164.8796592,0.45035934,-0.0586,61.56863022,976.0,9.800000191,0.0625,19.97594833,SmoothCondition,LowCongestionCondition,EvenPaceStyle
-1.2999878,13.06044006,16.99733632,160.2937716,2.47698116,-0.113,41.17647171,1190.0,12.89000034,0.215,20.02630806,SmoothCondition,LowCongestionCondition,EvenPaceStyle
-1.7000122,20.26619911,17.63534632,150.2849172,2.25179863,-0.359,33.72549057,1548.0,12.84000015,0.266,20.07830429,SmoothCondition,LowCongestionCondition,EvenPaceStyle
-2.60003662,21.84246063,17.99938733,145.1788633,1.57626152,-0.406,23.13725471,1702.0,13.01000023,0.305,20.09514809,SmoothCondition,LowCongestionCondition,EvenPaceStyle
-2.90002442,25.67051888,18.84005928,135.2521697,0.9007206,-0.594,18.03921509,1843.0,11.97000027,0.457,20.11002731,SmoothCondition,LowCongestionCondition,EvenPaceStyle
-3.20001221,25.89570045,19.27165429,129.8904372,0.22518157,-0.652,12.15686321,1845.0,11.82999992,0.52,20.10336113,SmoothCondition,LowCongestionCondition,EvenPaceStyle
-3.59997558,26.12088013,19.70700229,124.1979552,0.22517968,-0.668,14.11764717,1831.0,12.21000004,0.621,20.13437843,SmoothCondition,LowCongestionCondition,EvenPaceStyle
-3.5,25.4453373,20.13109125,117.9906919,-0.67554283,-0.664,3.921568632,1719.0,17.19000053,0.594,20.22280312,SmoothCondition,LowCongestionCondition,EvenPaceStyle
-3.0,22.0676384,20.80663121,107.5641572,-2.25180053,-0.555,8.627450943,1465.0,10.27999973,0.496,20.3481617,SmoothCondition,LowCongestionCondition,EvenPaceStyle
-2.7999878,20.04101944,21.0956122,101.9337112,-2.02661896,-0.453,8.235294342,1390.0,9.0,0.5,20.34655762,SmoothCondition,LowCongestionCondition,EvenPaceStyle
-1.89996338,19.36548042,21.3883462,95.58772279,-0.67553902,-0.406,10.1960783,1327.0,8.180000305,0.527,20.34702682,SmoothCondition,LowCongestionCondition,EvenPaceStyle
-1.80004882,18.23958015,21.69233921,87.90820871,-1.12590027,-0.512,15.68627453,1247.0,7.440000057,0.453,20.41468239,SmoothCondition,LowCongestionCondition,EvenPaceStyle
-1.79998779,17.56403732,21.86873016,84.49702544,-0.67554283,-0.539,29.41176605,1270.0,7.389999866,0.355,20.47533798,SmoothCondition,LowCongestionCondition,EvenPaceStyle
-1.70001221,16.66331863,22.01134415,81.72543976,-0.90071869,-0.535,28.62745094,1258.0,8.430000305,0.406,20.41244507,SmoothCondition,LowCongestionCondition,EvenPaceStyle
-1.2999878,15.31223869,22.03010914,81.44791751,-1.35107994,-0.445,18.03921509,1306.0,8.789999962,0.387,20.31632614,SmoothCondition,LowCongestionCondition,EvenPaceStyle
-1.09997558,18.23958015,21.94754316,81.66157027,2.92734146,-0.547,22.74509811,1299.0,8.300000191,0.281,20.21095276,SmoothCondition,LowCongestionCondition,EvenPaceStyle
-1.09997559,18.01440048,21.81618816,81.64201802,-0.22517967,-0.453,6.666666985,1330.0,8.109999657,0.223,20.11508369,SmoothCondition,LowCongestionCondition,EvenPaceStyle
-0.79998779,18.23958015,21.69609221,81.6209336,0.22517967,-0.328,14.11764717,1286.0,11.56000042,0.164,20.04818916,SmoothCondition,LowCongestionCondition,EvenPaceStyle
-0.59997558,17.56403732,21.59100817,81.81905977,-0.67554283,-0.234,28.23529434,1240.0,7.210000038,0.109,19.97562981,SmoothCondition,LowCongestionCondition,EvenPaceStyle
-0.70001221,19.14029884,21.25323809,81.66264481,1.57626152,-0.0625,28.62745094,1487.0,9.93999958,0.168,19.78003883,SmoothCondition,LowCongestionCondition,EvenPaceStyle
-0.39996338,20.94173813,21.08060012,79.92317101,1.80143929,-0.082,25.88235283,1558.0,10.28999996,0.199,19.73944664,SmoothCondition,LowCongestionCondition,EvenPaceStyle
-0.5,21.61728096,20.89295017,77.53397205,0.67554283,-0.0937,23.52941132,1651.0,10.44999981,0.184,19.72564507,SmoothCondition,LowCongestionCondition,EvenPaceStyle
-0.2999878,23.19353867,20.7165592,74.77850135,1.57625771,-0.113,19.2156868,1718.0,10.81000042,0.16,19.70053101,SmoothCondition,LowCongestionCondition,EvenPaceStyle
0.0,23.86907959,20.52140317,71.16456377,0.67554092,-0.125,9.411765099,1764.0,10.96000004,0.0664,19.72317123,SmoothCondition,LowCongestionCondition,EvenPaceStyle
-0.40002441,20.71656036,19.74453222,54.7289787,-2.47697831,-0.0117,3.921568632,1391.0,13.01000023,0.0508,19.91016197,SmoothCondition,LowCongestionCondition,EvenPaceStyle
-0.39996338,16.88849831,19.13279322,45.75224896,-1.12590217,-0.0781,39.60784531,1180.0,6.590000153,0.145,19.90831757,SmoothCondition,LowCongestionCondition,EvenPaceStyle
-0.60003662,15.53741932,18.85507126,42.99848268,-1.35107899,-0.211,38.03921509,1236.0,9.760000229,0.152,19.93301964,SmoothCondition,LowCongestionCondition,EvenPaceStyle
-0.80004882,16.88849831,18.67492727,41.70590906,1.35107899,-0.348,35.68627548,1345.0,10.40999985,0.195,19.95829582,SmoothCondition,LowCongestionCondition,EvenPaceStyle
-0.29998779,2.70216012,3.46401885,41.53097241,-2.026619673,-0.234,23.92156982,805.0,4.940000057,0.234,19.06616211,SmoothCondition,HighCongestionCondition,EvenPaceStyle
-2.20001221,8.106479645,0.424088987,2.516551655,1.125899792,-0.926,56.86274719,1336.0,16.54000092,0.426,19.07976723,SmoothCondition,LowCongestionCondition,EvenPaceStyle
-2.70001221,23.19353867,1.047086954,14.11316324,9.00719929,-0.922,14.90196133,1832.0,14.34000015,0.484,19.0821209,SmoothCondition,LowCongestionCondition,EvenPaceStyle
-3.09997559,25.89570045,1.478681962,24.37046403,2.70216178,-0.867,0.392156869,1809.0,15.81000042,0.449,19.10048485,SmoothCondition,LowCongestionCondition,AggressiveStyle
-1.79998779,25.4453373,1.902770917,33.88610778,-0.45036315,-0.836,10.98039246,1739.0,17.77000046,0.473,19.12001991,SmoothCondition,LowCongestionCondition,AggressiveStyle
-1.90002441,23.86907959,2.30058891,41.84208457,-1.57625771,-0.969,15.29411793,1673.0,11.88000011,0.5,19.11465454,SmoothCondition,LowCongestionCondition,AggressiveStyle
0.2999878,107.8612213,109.1334836,79.87285377,0.6755447,0.691,98.8235321,2197.0,50.65000153,-0.23,9.715859413,SmoothCondition,LowCongestionCondition,EvenPaceStyle
0.5,109.8878403,109.1710136,79.84306064,2.026619,0.633,91.37255096,2242.0,52.09000015,-0.184,9.731084824,SmoothCondition,LowCongestionCondition,EvenPaceStyle
0.6999512,112.1396408,109.2685917,79.8415715,2.2518005,0.578,87.05882263,2283.0,47.27000046,-0.141,9.742716789,SmoothCondition,LowCongestionCondition,EvenPaceStyle
0.3999634,114.1662521,109.4262175,79.87044828,2.0266113,0.539,58.8235321,2308.0,40.90999985,-0.133,9.734733582,SmoothCondition,LowCongestionCondition,EvenPaceStyle
0.2999878,115.517334,109.6476444,79.57212816,1.3510819,0.691,60.0,2324.0,38.15999985,0.273,9.732710838,SmoothCondition,LowCongestionCondition,EvenPaceStyle
0.1000366,115.9676971,109.9253665,78.3574174,0.4503631,0.613,81.96078491,2341.0,40.86999893,0.312,9.736408234,SmoothCondition,LowCongestionCondition,EvenPaceStyle
-0.0999756,116.4180527,110.2481244,76.15734672,0.4503556,0.625,78.8235321,2357.0,45.45000076,0.488,9.745088577,SmoothCondition,LowCongestionCondition,EvenPaceStyle
-0.2000122,117.7691345,110.6159184,73.39200717,1.3510818,0.598,59.60784531,2376.0,43.43000031,0.558,9.752700806,SmoothCondition,LowCongestionCondition,EvenPaceStyle
0.0,118.8950424,111.0174895,70.15047376,1.1259079,0.609,58.8235321,2391.0,39.99000168,0.719,9.756970406,SmoothCondition,LowCongestionCondition,EvenPaceStyle
0.2999878,117.9943161,112.9652967,50.13306757,-0.4503555,0.484,59.2156868,2362.0,26.56999969,0.754,9.682963371,SmoothCondition,LowCongestionCondition,EvenPaceStyle
0.0,118.6698532,114.3914365,31.5442977,0.4503631,0.402,47.45098114,2398.0,37.56000137,0.539,9.658263206,SmoothCondition,LowCongestionCondition,EvenPaceStyle
-0.0999756,119.3453979,114.6841707,29.17795591,0.6755447,0.43,61.17647171,2399.0,26.96999931,0.531,9.62980175,SmoothCondition,LowCongestionCondition,EvenPaceStyle
-0.5,120.9216461,115.2921565,27.74907512,0.900711,0.539,45.09804153,2430.0,32.18999863,0.457,9.582104683,SmoothCondition,LowCongestionCondition,EvenPaceStyle
-0.9000244,121.146843,115.4723006,27.88108383,0.2251969,0.609,44.70588303,2427.0,25.36000061,0.449,9.545502663,SmoothCondition,LowCongestionCondition,EvenPaceStyle
-1.4000244,121.5971985,115.6561976,28.07409672,0.4503555,0.625,61.96078491,2439.0,29.55999947,0.531,9.518050194,SmoothCondition,LowCongestionCondition,EvenPaceStyle
-2.3000488,122.2727356,115.9639435,29.01155782,0.6755371,0.512,42.74509811,2456.0,27.26000023,0.156,9.472421646,SmoothCondition,LowCongestionCondition,EvenPaceStyle
-2.9000244,122.7230911,116.0990514,29.73656687,0.4503555,0.465,41.5686264,2459.0,24.85000038,-0.0859,9.442944527,SmoothCondition,LowCongestionCondition,EvenPaceStyle
-4.3999634,122.9482727,116.3017133,31.18417921,0.2251816,0.488,28.23529434,2460.0,20.54999924,-0.125,9.367048264,SmoothCondition,LowCongestionCondition,EvenPaceStyle
-5.1000366,123.1734467,116.369267,31.84524543,0.225174,0.582,21.96078491,2459.0,19.96999931,-0.0703,9.319921494,SmoothCondition,LowCongestionCondition,EvenPaceStyle
-6.3999634,123.3986435,116.436821,32.64141553,0.2251968,0.551,41.17647171,2449.0,20.22999954,-0.152,9.228582382,SmoothCondition,LowCongestionCondition,EvenPaceStyle
-7.00000001,122.7230911,116.4293152,32.5574235,0.900711,0.648,61.17647171,2465.0,39.13000107,-0.082,9.203479767,SmoothCondition,LowCongestionCondition,EvenPaceStyle
-7.5999756,123.1734467,116.444327,32.74935954,0.4503556,0.758,34.90196228,2474.0,31.56999969,-0.0547,9.186000824,SmoothCondition,LowCongestionCondition,EvenPaceStyle
-7.90002441,123.6238174,116.4668451,33.04672076,0.4503707,0.773,19.6078434,2468.0,21.93000031,-0.18,9.143255234,SmoothCondition,LowCongestionCondition,EvenPaceStyle
-7.79998779,122.9482727,116.493116,33.35022557,-0.6755447,0.809,32.54901886,2459.0,19.18000031,-0.23,9.093867302,SmoothCondition,LowCongestionCondition,EvenPaceStyle
-7.70001219,122.4979095,116.5193871,33.62826381,-0.4503632,0.762,46.66666794,2450.0,25.13999939,-0.305,9.067728043,SmoothCondition,LowCongestionCondition,EvenPaceStyle
-7.39996339,122.2727356,116.5494111,33.92367722,-0.2251739,0.777,42.35294342,2459.0,28.60000038,-0.355,9.054820061,SmoothCondition,LowCongestionCondition,EvenPaceStyle
-7.0999756,122.047554,116.5869411,34.25598783,-0.2251816,0.832,44.70588303,2446.0,27.43000031,-0.312,9.041684151,SmoothCondition,LowCongestionCondition,EvenPaceStyle
-6.79998779,122.2727356,116.639483,34.69234542,0.2251816,0.879,22.74509811,2449.0,23.35000038,-0.309,9.012958527,SmoothCondition,LowCongestionCondition,EvenPaceStyle
-6.60003662,121.8223801,116.6995312,35.10166157,-0.4503555,0.93,36.07843018,2437.0,19.34000015,-0.238,8.96421051,SmoothCondition,LowCongestionCondition,EvenPaceStyle
-6.2999878,121.3720169,116.7708382,35.46389468,-0.4503632,0.898,39.60784531,2427.0,20.52000046,-0.312,8.931129456,SmoothCondition,LowCongestionCondition,EvenPaceStyle
-5.59997559,121.146843,116.8496513,35.78003484,-0.2251739,0.941,49.80392075,2415.0,26.46999931,-0.359,8.916965485,SmoothCondition,LowCongestionCondition,EvenPaceStyle
-4.7000122,120.4712906,117.0260424,36.21663662,-0.6755524,1.08,12.54901981,2393.0,24.85000038,-0.348,8.893575668,SmoothCondition,LowCongestionCondition,EvenPaceStyle
-4.20001221,119.5705795,117.1198676,36.15611845,-0.9007111,1.07,0.0,2350.0,25.15999985,-0.355,8.86714077,SmoothCondition,LowCongestionCondition,EvenPaceStyle
-3.90002442,117.5439606,117.1911746,35.9022022,-2.0266189,1.02,47.45098114,2358.0,38.63999939,-0.352,8.859817505,SmoothCondition,LowCongestionCondition,EvenPaceStyle
-3.29998779,117.0935974,117.2662346,35.53780626,-0.4503632,1.01,66.27451324,2352.0,44.22000122,-0.316,8.855699539,SmoothCondition,LowCongestionCondition,EvenPaceStyle
-2.7000122,117.7691345,117.3750716,34.9143078,0.6755371,0.898,70.19608307,2374.0,49.93999863,-0.363,8.86593914,SmoothCondition,LowCongestionCondition,EvenPaceStyle
-2.2000122,118.6698532,117.5364505,33.72373435,0.9007187,0.879,79.21569061,2405.0,49.99000168,-0.328,8.866861343,SmoothCondition,LowCongestionCondition,EvenPaceStyle
-1.89996338,119.5705795,117.7541245,31.68500943,0.9007263,0.941,78.8235321,2419.0,46.56999969,-0.16,8.872614861,SmoothCondition,LowCongestionCondition,EvenPaceStyle
-1.7000122,120.2461166,117.9905635,29.41548471,0.6755371,0.922,78.03921509,2439.0,43.59999847,-0.156,8.864280701,SmoothCondition,LowCongestionCondition,EvenPaceStyle
-1.29998779,121.146843,118.2420146,27.10742978,0.9007264,0.863,68.23529816,2449.0,42.33000183,-0.223,8.861117363,SmoothCondition,LowCongestionCondition,EvenPaceStyle
-0.60003662,122.047554,118.5159835,24.57177161,0.900711,0.824,66.27451324,2454.0,42.38999939,-0.168,8.855823517,SmoothCondition,LowCongestionCondition,EvenPaceStyle
0.0,122.7230911,118.8087173,21.7607665,0.6755371,0.855,78.8235321,2464.0,48.00999832,0.0859,8.853312492,SmoothCondition,LowCongestionCondition,EvenPaceStyle
0.40002442,123.6238174,119.1127103,19.0052389,0.9007263,0.906,52.54901886,2471.0,38.54000092,0.227,8.841004372,SmoothCondition,LowCongestionCondition,EvenPaceStyle
1.30004882,122.4979095,119.9533821,10.98223024,-1.1259079,1.01,47.84313965,2443.0,29.03000069,0.383,8.793314934,SmoothCondition,LowCongestionCondition,EvenPaceStyle
1.59997559,121.3720169,120.178562,8.486464334,-1.1258926,0.941,56.07843399,2441.0,30.71999931,0.215,8.781833649,SmoothCondition,LowCongestionCondition,EvenPaceStyle
1.89996338,121.3720169,120.5350969,5.550315723,-0.6755371,0.922,49.41176605,2431.0,25.40999985,0.242,8.727748871,SmoothCondition,LowCongestionCondition,EvenPaceStyle
1.5,122.047554,120.6664519,4.884046135,0.6755371,0.91,32.94117737,2416.0,20.39999962,0.199,8.697013855,SmoothCondition,LowCongestionCondition,EvenPaceStyle
1.0,120.9216461,120.7565238,4.427519568,-1.1259079,0.855,45.88235474,2408.0,28.02000046,0.121,8.679214478,SmoothCondition,LowCongestionCondition,EvenPaceStyle
0.7000122,120.4712906,120.8315837,4.034476481,-0.4503555,0.812,50.98039246,2411.0,30.23999977,0.211,8.670719147,SmoothCondition,LowCongestionCondition,EvenPaceStyle
0.19995118,120.4712906,120.9629386,3.478070811,0.225174,0.789,41.96078491,2400.0,22.61000061,-0.0469,8.622797012,SmoothCondition,LowCongestionCondition,EvenPaceStyle
0.09997559,120.0209351,120.9817034,3.420275027,-0.4503555,0.848,36.07843018,2390.0,23.63999939,-0.0156,8.587698936,SmoothCondition,LowCongestionCondition,EvenPaceStyle
-0.60003662,119.5705795,120.9929624,3.380097241,-0.4503556,0.812,55.68627548,2394.0,33.45000076,-0.0898,8.577283859,SmoothCondition,LowCongestionCondition,EvenPaceStyle
-0.69995118,119.120224,120.9967154,3.364928355,-0.4503555,0.687,56.07843399,2400.0,33.90999985,-0.309,8.562976837,SmoothCondition,LowCongestionCondition,EvenPaceStyle
-1.0,119.5705795,121.0154805,3.288653917,0.4503555,0.594,54.11764908,2410.0,32.91999817,-0.445,8.544049263,SmoothCondition,LowCongestionCondition,EvenPaceStyle
-1.29998779,119.120224,121.0342457,3.194474849,-0.4503555,0.66,52.54901886,2418.0,31.28000069,-0.328,8.528814316,SmoothCondition,LowCongestionCondition,EvenPaceStyle
-5.1999512,121.146843,84.62264246,927.1946513,0.6755524,0.578,60.39215851,2448.0,33.22999954,-0.203,13.67020607,SmoothCondition,LowCongestionCondition,EvenPaceStyle
-4.8999634,121.5971985,86.03001741,910.1619411,0.4503555,0.711,52.94117737,2452.0,34.36000061,-0.0977,13.60970116,SmoothCondition,LowCongestionCondition,EvenPaceStyle
-4.6999512,121.3720169,88.82224929,867.0050874,-0.6755371,0.875,0.0,2397.0,26.03000069,-0.0547,13.25807095,SmoothCondition,LowCongestionCondition,EvenPaceStyle
-3.7000122,112.1396408,96.87618682,657.7828245,0.6755447,1.07,32.94117737,2258.0,35.11999893,-0.0234,12.97742367,SmoothCondition,LowCongestionCondition,EvenPaceStyle
-3.6000366,113.2655411,97.90826187,626.1091025,1.1259003,1.05,1.176470637,2244.0,18.20999908,-0.0625,12.86347675,SmoothCondition,LowCongestionCondition,EvenPaceStyle
-3.3000488,115.0669708,98.94784273,595.3477138,1.8014297,1.13,14.11764717,2219.0,18.30999947,0.0039,12.75451279,SmoothCondition,LowCongestionCondition,EvenPaceStyle
-2.4000244,94.80077362,106.9454853,213.2847933,-0.90072632,1.39,41.96078491,2311.0,34.81999969,-0.328,12.00923347,SmoothCondition,LowCongestionCondition,EvenPaceStyle
-1.6999512,95.0259552,108.0488672,147.7473394,0.22518158,1.21,24.70588303,2329.0,21.73999977,-0.312,11.88757801,SmoothCondition,LowCongestionCondition,EvenPaceStyle
-1.3999634,95.47631836,108.4504382,127.4751101,0.45036316,1.11,27.84313774,2327.0,18.15999985,-0.27,11.81192207,SmoothCondition,LowCongestionCondition,EvenPaceStyle
-0.4000244,95.70149994,109.2385681,93.02423512,0.45036316,1.0,49.01960754,2329.0,21.65999985,-0.258,11.6094389,SmoothCondition,LowCongestionCondition,EvenPaceStyle
0.3000488,96.37703705,109.4112062,87.35718976,0.67553711,0.836,100.0,2398.0,58.40000153,-0.203,11.57739353,SmoothCondition,LowCongestionCondition,EvenPaceStyle
1.1999512,108.0863953,109.8277891,79.59448613,2.9273377,0.398,53.72549057,2374.0,56.70999908,-0.105,11.53111267,SmoothCondition,LowCongestionCondition,EvenPaceStyle
1.2999878,110.3381958,110.0379569,78.45798541,-0.2251816,0.242,95.6862793,2236.0,41.25,0.0312,11.46585369,SmoothCondition,LowCongestionCondition,EvenPaceStyle
1.3000488,110.5633774,110.1092639,78.2187648,0.2251816,0.133,72.94117737,2267.0,54.29999924,0.0273,11.45204163,SmoothCondition,LowCongestionCondition,EvenPaceStyle
1.3999634,112.1396408,110.1693119,78.24305821,1.5762634,0.0469,65.88235474,2283.0,40.81000137,0.0664,11.4227581,SmoothCondition,LowCongestionCondition,EvenPaceStyle
1.2999878,113.2655411,110.2406189,78.37668499,1.1259003,0.0117,89.01960754,2316.0,42.56000137,0.148,11.4028244,SmoothCondition,LowCongestionCondition,EvenPaceStyle
1.2000122,114.6166153,110.3381968,78.65450815,1.3510742,-0.0469,83.13725281,2349.0,47.38000107,0.141,11.39022446,SmoothCondition,LowCongestionCondition,EvenPaceStyle
0.7999878,115.7425156,110.4245158,79.14109963,1.1259003,-0.0391,82.74510193,2376.0,47.70000076,0.227,11.36950111,SmoothCondition,LowCongestionCondition,EvenPaceStyle
0.5,117.7691345,110.5258467,80.01784071,2.0266189,-0.0078,78.8235321,2411.0,48.31000137,0.305,11.34735775,SmoothCondition,LowCongestionCondition,EvenPaceStyle
0.1000366,119.120224,110.6084129,81.03820916,1.3510895,-0.043,70.98039246,2430.0,47.58000183,0.289,11.32470226,SmoothCondition,LowCongestionCondition,EvenPaceStyle
-0.1999512,120.6964722,110.702238,82.41722634,1.5762482,-0.0508,68.62744904,2454.0,44.70999908,0.32,11.29792118,SmoothCondition,LowCongestionCondition,EvenPaceStyle
-0.5,121.8223801,110.803569,84.07209215,1.1259079,0.0,54.11764908,2455.0,42.65000153,0.367,11.25360298,SmoothCondition,LowCongestionCondition,EvenPaceStyle
-1.1000366,122.4979095,110.908653,85.88650679,0.6755294,0.0664,32.54901886,2449.0,26.44000053,0.379,11.19999886,SmoothCondition,LowCongestionCondition,EvenPaceStyle
-3.2999878,121.3720169,111.2426696,91.68078098,-0.9007187,0.574,23.92156982,2421.0,19.95000076,0.766,10.96233368,SmoothCondition,LowCongestionCondition,EvenPaceStyle
-3.9000244,120.9216461,111.2952114,92.54386917,-0.4503708,0.687,25.09803963,2410.0,20.09000015,0.668,10.86866093,SmoothCondition,LowCongestionCondition,EvenPaceStyle
-4.2000122,120.4712906,111.3327414,93.15692483,-0.4503555,0.797,18.8235302,2391.0,19.21999931,0.652,10.77780819,SmoothCondition,LowCongestionCondition,EvenPaceStyle
-4.6000366,119.7957535,111.3515064,93.45808138,-0.6755371,0.867,25.88235283,2380.0,18.54000092,0.582,10.68285942,SmoothCondition,LowCongestionCondition,EvenPaceStyle
-5.0,119.120224,111.3552595,93.51650838,-0.6755295,0.859,5.490196228,2379.0,19.06999969,0.602,10.59135914,SmoothCondition,LowCongestionCondition,EvenPaceStyle
-5.0999756,118.2194901,111.3402472,93.29294,-0.9007339,0.926,13.72549057,2337.0,19.55999947,0.66,10.5050869,SmoothCondition,LowCongestionCondition,EvenPaceStyle
-5.3000488,117.0935974,111.3064701,92.82691536,-1.1258927,0.934,23.52941132,2331.0,18.45000076,0.488,10.4220314,SmoothCondition,LowCongestionCondition,EvenPaceStyle
-5.2999878,115.9676971,111.186374,91.17865308,-0.4503556,0.988,15.29411793,2299.0,17.53000069,0.34,10.27366066,SmoothCondition,LowCongestionCondition,EvenPaceStyle
-5.2000122,115.0669708,111.096302,89.96445948,-0.9007263,1.05,13.72549057,2279.0,17.26000023,0.277,10.19501972,SmoothCondition,LowCongestionCondition,EvenPaceStyle
-5.0,113.9410706,110.9762058,88.37486539,-1.1259002,1.11,25.49019623,2273.0,16.82999992,0.32,10.11397648,SmoothCondition,LowCongestionCondition,EvenPaceStyle
-4.0999756,106.5101395,110.1205222,79.87481771,-2.4769821,1.19,19.6078434,2140.0,19.85000038,-0.0742,9.940484047,SmoothCondition,LowCongestionCondition,EvenPaceStyle
-4.0,106.0597763,109.9628962,79.6353825,-0.4503632,1.18,29.80392265,2127.0,15.90999985,-0.203,9.885753632,SmoothCondition,LowCongestionCondition,EvenPaceStyle
-2.0999756,105.1590576,109.6513973,80.31391146,-0.4503632,1.05,52.54901886,2123.0,22.96999931,-0.316,9.769317627,SmoothCondition,LowCongestionCondition,EvenPaceStyle
-0.7000122,105.8346024,109.4149583,80.48626683,0.4503632,0.918,65.09803772,2132.0,30.5,-0.285,9.737908363,SmoothCondition,LowCongestionCondition,EvenPaceStyle
-0.2999878,106.2849579,109.2685914,80.08908483,0.4503555,0.875,67.05882263,2149.0,36.97000122,-0.242,9.726151466,SmoothCondition,LowCongestionCondition,EvenPaceStyle
0.1000366,107.1856766,109.1635075,79.84924836,0.9007187,0.773,84.31372833,2167.0,36.11000061,-0.281,9.7150383,SmoothCondition,LowCongestionCondition,EvenPaceStyle
-0.0999756,34.00217819,46.96879381,32.82191355,2.02661896,0.75,0.0,1529.0,13.52000046,-0.316,16.48998642,SmoothCondition,LowCongestionCondition,EvenPaceStyle
-0.8999634,33.1014595,46.5784818,38.13407169,-2.25180054,0.887,4.705882549,1341.0,13.38000011,-0.414,16.44718742,SmoothCondition,LowCongestionCondition,EvenPaceStyle
-1.2999878,30.84966087,46.29700683,42.22385587,-2.25179863,0.883,61.96078491,1331.0,13.61999989,-0.426,16.43775749,SmoothCondition,LowCongestionCondition,EvenPaceStyle
-1.4000244,29.7237606,45.9855079,46.70470708,-1.12590027,0.785,55.29411697,1317.0,14.68000031,-0.363,16.43291855,SmoothCondition,LowCongestionCondition,EvenPaceStyle
-1.7000122,31.52519989,45.68526796,49.94301759,1.80143929,0.754,45.88235474,1396.0,14.51000023,-0.344,16.42020798,SmoothCondition,LowCongestionCondition,EvenPaceStyle
-2.1000366,33.1014595,45.392534,52.11942379,1.57625961,0.762,34.50980377,1471.0,9.649999619,-0.312,16.34740829,SmoothCondition,LowCongestionCondition,EvenPaceStyle
-1.5,34.45253754,44.75827694,53.98278599,0.67554093,0.516,56.47058868,1511.0,17.53000069,-0.27,16.30158043,SmoothCondition,LowCongestionCondition,EvenPaceStyle
-1.0,35.57844162,44.44302495,53.70364354,1.12590408,0.465,45.49019623,1594.0,19.10000038,-0.176,16.30594826,SmoothCondition,LowCongestionCondition,EvenPaceStyle
-0.7000122,37.83023834,44.16905594,52.73225065,2.25179672,0.449,16.86274529,1681.0,12.11999989,-0.148,16.2468071,SmoothCondition,LowCongestionCondition,EvenPaceStyle
0.0999756,38.73096085,43.69993102,50.7590841,-0.45035934,0.402,21.56862831,1604.0,11.56000042,-0.121,16.15535164,SmoothCondition,LowCongestionCondition,EvenPaceStyle
0.1000366,37.60506058,43.45598602,50.09152562,-1.12590027,0.426,25.09803963,1595.0,10.67000008,-0.043,16.08746147,SmoothCondition,LowCongestionCondition,EvenPaceStyle
0.2000122,37.15470123,43.21204103,49.52638153,-0.45035935,0.328,27.45098114,1608.0,10.32999992,-0.0312,16.01573753,SmoothCondition,LowCongestionCondition,EvenPaceStyle
0.7000122,38.05541992,42.76543414,48.33451802,0.90071869,0.121,42.35294342,1679.0,20.19000053,-0.0195,16.0090847,SmoothCondition,LowCongestionCondition,EvenPaceStyle
0.6000366,37.83023834,42.56277211,47.82092605,-0.22518158,0.0625,40.39215851,1750.0,15.28999996,0.0234,15.98255348,SmoothCondition,LowCongestionCondition,EvenPaceStyle
0.2999878,40.30722046,42.40514622,47.00275524,2.47698212,0.0351,48.23529434,1804.0,18.43000031,0.0352,15.97362995,SmoothCondition,LowCongestionCondition,EvenPaceStyle
-0.1999512,44.13527679,42.19122518,45.16956063,1.57625961,-0.0469,31.37254906,1966.0,18.28000069,0.141,15.95812321,SmoothCondition,LowCongestionCondition,EvenPaceStyle
-0.7999878,45.9367218,42.1086593,44.11768431,1.80144501,-0.234,35.68627548,2009.0,16.93000031,0.207,15.92617226,SmoothCondition,LowCongestionCondition,EvenPaceStyle
-1.1000366,47.28779984,42.03735224,43.05112332,1.35107804,-0.301,38.03921509,2060.0,19.36000061,0.293,15.9073267,SmoothCondition,LowCongestionCondition,EvenPaceStyle
-1.5,49.98995972,41.96604532,41.84015296,1.35108185,-0.293,40.0,2192.0,22.84000015,0.281,15.88688755,SmoothCondition,LowCongestionCondition,EvenPaceStyle
-1.7999878,51.34103775,41.97730433,42.04697365,1.35107803,-0.281,33.72549057,2255.0,22.98999977,0.297,15.87782955,SmoothCondition,LowCongestionCondition,EvenPaceStyle
-1.7000122,52.6921196,41.99606927,42.43407153,1.35108185,-0.242,18.4313736,2302.0,21.03000069,0.273,15.85826492,SmoothCondition,LowCongestionCondition,EvenPaceStyle
-1.7000122,54.26837921,42.0185873,42.9560866,0.45035934,-0.0938,26.66666794,2338.0,18.54000092,0.262,15.7857523,SmoothCondition,LowCongestionCondition,EvenPaceStyle
-1.5,54.94392014,42.03359934,43.3367553,0.67554093,-0.0742,20.7843132,2373.0,19.12000084,0.18,15.75300694,SmoothCondition,LowCongestionCondition,EvenPaceStyle
-1.0999756,55.61945724,42.08989429,44.69571867,0.6755371,-0.0078,9.411765099,2389.0,17.75,0.113,15.70975876,SmoothCondition,LowCongestionCondition,EvenPaceStyle
-0.8999634,56.0698204,42.19122531,46.93997666,0.45036316,-0.0195,9.8039217,2350.0,17.23999977,0.129,15.66577148,SmoothCondition,LowCongestionCondition,EvenPaceStyle
-0.5,55.1690979,42.32258027,49.33683865,-0.9007225,-0.0352,16.47058868,2315.0,18.09000015,0.0742,15.63038635,SmoothCondition,LowCongestionCondition,EvenPaceStyle
-0.3999634,54.49356079,42.45768833,51.54899762,-0.67553711,-0.129,26.66666794,2298.0,17.71999931,0.125,15.5952549,SmoothCondition,LowCongestionCondition,EvenPaceStyle
-0.5,54.26837921,42.59279632,53.66214996,-0.22518158,-0.0547,30.58823586,2337.0,29.85000038,0.156,15.60574245,SmoothCondition,LowCongestionCondition,EvenPaceStyle
-0.7000122,54.94392014,42.72039833,55.85757818,0.67554093,0.0195,42.74509811,2436.0,29.48999977,0.195,15.61149406,SmoothCondition,LowCongestionCondition,EvenPaceStyle
-1.1000366,57.42089844,42.91180127,59.30777923,2.4769783,-0.0039,69.80392456,2549.0,33.5,0.191,15.62373447,SmoothCondition,LowCongestionCondition,EvenPaceStyle
-1.6000366,63.95111847,43.47099825,71.09402334,4.2784195,-0.223,100.0,3056.0,65.34999847,0.301,15.70756531,SmoothCondition,LowCongestionCondition,EvenPaceStyle
-1.9000244,71.38205719,43.89133422,83.99546947,7.43093872,-0.273,92.94117737,3104.0,40.68999863,0.305,15.65438461,SmoothCondition,LowCongestionCondition,EvenPaceStyle
-2.4000244,76.33602142,44.38673026,101.4620671,4.95396423,-0.367,75.29412079,2475.0,58.49000168,0.32,15.62646294,SmoothCondition,LowCongestionCondition,EvenPaceStyle
-3.0,79.03817749,44.93842119,121.4630595,2.70215607,-0.441,100.0,2640.0,59.00999832,0.305,15.59011936,SmoothCondition,LowCongestionCondition,EvenPaceStyle
-4.4000244,92.54897308,47.07387816,214.2036283,3.37769317,-0.488,50.19607925,2281.0,42.90999985,0.215,15.42640018,SmoothCondition,LowCongestionCondition,EvenPaceStyle
-4.5999756,92.99934387,47.86576125,249.2714834,0.45037079,-0.508,98.4313736,2344.0,48.41999817,0.23,15.4022131,SmoothCondition,LowCongestionCondition,EvenPaceStyle
-5.0,95.25113678,48.70643317,286.4517784,2.25179291,-0.594,91.76470947,2425.0,49.20000076,0.269,15.37265491,SmoothCondition,LowCongestionCondition,EvenPaceStyle
-5.2999878,101.3309937,50.53789698,372.5816558,2.25180058,-0.637,72.54901886,2525.0,41.72999954,0.246,15.28262329,SmoothCondition,LowCongestionCondition,EvenPaceStyle
-5.5999756,103.5828018,51.52868907,418.5794227,2.2518081,-0.664,42.74509811,2556.0,42.65000153,0.223,15.22730446,SmoothCondition,LowCongestionCondition,EvenPaceStyle
-5.8000488,104.7087021,52.56076412,464.1342861,1.1259003,-0.734,76.47058868,2605.0,53.47000122,0.273,15.20752811,SmoothCondition,LowCongestionCondition,EvenPaceStyle
-6.1000366,106.2849579,53.63412215,509.9505348,1.5762558,-0.75,71.76470947,2646.0,49.24000168,0.242,15.20147038,SmoothCondition,LowCongestionCondition,EvenPaceStyle
-6.0,108.5367584,54.76002216,557.0383889,2.2518005,-0.766,0.0,1823.0,18.69000053,0.262,15.06463242,SmoothCondition,LowCongestionCondition,EvenPaceStyle
-5.8999634,108.9871216,55.91219317,601.7642231,0.4503632,-0.805,68.62744904,2193.0,44.36999893,0.0625,15.0506258,SmoothCondition,LowCongestionCondition,EvenPaceStyle
-5.9000244,108.76194,57.08312918,642.5751897,-0.2251816,-0.844,85.09803772,2236.0,46.40000153,0.0508,15.04676723,SmoothCondition,LowCongestionCondition,EvenPaceStyle
-5.7999878,110.5633774,58.31411317,682.4721817,1.8014374,-0.91,76.47058868,2276.0,40.29000092,-0.0781,15.03753281,SmoothCondition,LowCongestionCondition,EvenPaceStyle
-5.8999634,111.6892776,59.59388618,719.8036053,1.1259002,-0.797,56.07843399,2300.0,34.50999832,0.0507,15.00461674,SmoothCondition,LowCongestionCondition,EvenPaceStyle
-5.8000488,115.0669708,62.2997989,791.7818093,0.9007187,-0.457,54.90196228,2330.0,31.54000092,-0.219,14.97150135,SmoothCondition,LowCongestionCondition,EvenPaceStyle
-5.6999512,115.7425156,63.69591484,822.6227597,0.6755448,-0.355,43.52941132,2341.0,29.72999954,-0.246,14.87453365,SmoothCondition,LowCongestionCondition,EvenPaceStyle
-5.7000122,116.8684235,67.81670882,903.0763899,0.2251816,0.0547,48.23529434,2356.0,28.12999916,-0.328,14.53316879,SmoothCondition,LowCongestionCondition,EvenPaceStyle
-5.6999512,117.318779,69.25786079,919.3353251,0.4503555,0.0156,49.80392075,2372.0,28.69000053,-0.355,14.44214058,SmoothCondition,LowCongestionCondition,EvenPaceStyle
-6.0,117.5439606,70.72153079,930.1838432,0.2251816,0.0742,51.37255096,2370.0,29.79999924,-0.434,14.3523016,SmoothCondition,LowCongestionCondition,EvenPaceStyle
-6.3000488,117.7691345,72.1589297,939.5593978,0.2251739,0.137,47.84313965,2380.0,26.82999992,-0.484,14.24877548,SmoothCondition,LowCongestionCondition,EvenPaceStyle
-6.4000244,118.2194901,73.57756354,947.6159728,0.4503556,0.199,48.23529434,2384.0,27.77000046,-0.586,14.14982033,SmoothCondition,LowCongestionCondition,EvenPaceStyle
-6.3000488,118.8950424,76.39981957,955.9927176,0.2251892,0.305,49.41176605,2386.0,26.85000038,-0.453,13.97659683,SmoothCondition,LowCongestionCondition,EvenPaceStyle
-5.5,120.4712906,83.22277343,940.7812653,0.4503555,0.527,52.15686417,2441.0,30.17000008,-0.234,13.73430729,SmoothCondition,LowCongestionCondition,EvenPaceStyle
-0.2999878,18.91511917,16.53571734,119.8318681,4.72877979,0.894,51.37255096,1897.0,19.65999985,-0.547,22.50968742,SmoothCondition,LowCongestionCondition,EvenPaceStyle
-0.2000122,24.31943893,16.61453032,120.6942572,5.40431976,0.644,43.52941132,2112.0,26.20000076,-0.383,22.5921936,SmoothCondition,LowCongestionCondition,EvenPaceStyle
-0.2999878,30.17411804,16.87348733,125.1216237,2.47698021,0.473,2.745098114,1423.0,23.28000069,-0.254,22.68622017,SmoothCondition,LowCongestionCondition,AggressiveStyle
-0.3999634,36.70433807,17.33135326,136.8701226,2.92734146,0.0039,58.8235321,1770.0,22.27000046,0.0547,22.47869873,SmoothCondition,LowCongestionCondition,AggressiveStyle
-0.5999756,39.63167572,17.50023821,142.7608289,2.92733765,-0.105,52.15686417,1850.0,24.85000038,0.0898,22.44373703,SmoothCondition,LowCongestionCondition,AggressiveStyle
-0.4000244,42.55901718,17.7479362,151.5792083,2.92734146,-0.16,30.58823586,1912.0,26.48999977,0.0976,22.414217,SmoothCondition,LowCongestionCondition,AggressiveStyle
-0.1000366,45.0359993,18.10822421,163.5231434,2.47698212,-0.246,16.47058868,1905.0,16.78000069,0.141,22.22716331,SmoothCondition,LowCongestionCondition,AggressiveStyle
-0.0999756,44.58563995,18.46100624,174.8008533,-0.45035935,-0.332,27.45098114,1911.0,14.25,0.184,21.97580528,SmoothCondition,LowCongestionCondition,AggressiveStyle
0.0,44.81082153,19.00143828,185.6461021,0.22518158,-0.41,26.27450943,1919.0,13.52000046,0.223,21.71042061,SmoothCondition,LowCongestionCondition,AggressiveStyle
0.0999756,45.0359993,20.13484428,204.562375,0.45035935,-0.508,33.33333206,1974.0,14.82999992,0.32,21.24483109,SmoothCondition,LowCongestionCondition,EvenPaceStyle
0.1999512,45.26117706,20.70154724,213.6010674,0.22517776,-0.574,32.94117737,2001.0,16.59000015,0.434,21.08361435,SmoothCondition,LowCongestionCondition,EvenPaceStyle
0.4000244,47.73815918,22.24778326,243.5329825,0.67554092,-0.562,34.90196228,2084.0,18.11000061,0.5,20.71891594,SmoothCondition,LowCongestionCondition,EvenPaceStyle
0.2000122,48.41369629,22.6606132,254.9309511,0.67553711,-0.48,44.31372452,2121.0,21.12999916,0.461,20.62524223,SmoothCondition,LowCongestionCondition,EvenPaceStyle
-0.1000366,49.53959656,23.03966616,266.7403407,1.12590027,-0.395,43.13725662,2177.0,24.29000092,0.562,20.56594086,SmoothCondition,LowCongestionCondition,EvenPaceStyle
0.0999756,52.6921196,23.90660913,293.5177221,2.02662277,-0.258,22.35294151,2299.0,24.01000023,0.434,20.41802025,SmoothCondition,LowCongestionCondition,EvenPaceStyle
-0.2000122,53.59283829,24.46955914,307.8486209,0.90071869,-0.227,16.47058868,2328.0,17.0,0.363,20.23479652,SmoothCondition,LowCongestionCondition,EvenPaceStyle
-0.3999634,54.49356079,25.13008715,321.1190506,0.9007225,-0.219,13.72549057,2307.0,16.95000076,0.293,20.05699921,SmoothCondition,LowCongestionCondition,EvenPaceStyle
-0.5999756,54.26837921,25.76809714,333.6789636,-0.22518158,-0.133,20.0,2286.0,23.45000076,0.238,19.98640442,SmoothCondition,LowCongestionCondition,EvenPaceStyle
-0.5,53.59283829,26.2972701,346.2553053,-0.67554092,-0.0195,14.50980377,2250.0,17.95999908,0.125,19.84901428,SmoothCondition,LowCongestionCondition,EvenPaceStyle
0.2000122,52.46693802,26.77390108,357.5319965,-1.12590027,0.109,16.07843208,2236.0,16.85000038,0.0312,19.69585228,SmoothCondition,LowCongestionCondition,EvenPaceStyle
0.4000244,51.34103775,27.86227111,387.3044604,-0.45036316,0.23,12.94117641,2170.0,15.64999962,0.0039,19.22652626,SmoothCondition,LowCongestionCondition,EvenPaceStyle
0.0,50.66549683,28.13624007,395.354786,-0.67554092,0.301,12.54901981,2145.0,15.93999958,-0.0352,19.08761406,SmoothCondition,LowCongestionCondition,EvenPaceStyle
0.1000366,49.98995972,28.42522106,403.0190318,-0.67553711,0.324,15.68627453,2142.0,15.39999962,-0.102,18.94275093,SmoothCondition,LowCongestionCondition,EvenPaceStyle
-0.1000366,49.76477432,28.76299098,410.6017288,-0.2251854,0.355,21.17647171,2127.0,15.69999981,-0.086,18.81373978,SmoothCondition,LowCongestionCondition,EvenPaceStyle
-0.2999878,49.53959656,29.10826692,417.7968272,-0.22517776,0.398,28.62745094,2144.0,16.11000061,-0.102,18.69021797,SmoothCondition,LowCongestionCondition,EvenPaceStyle
-0.7000122,49.98995972,29.44978993,425.066225,0.45036316,0.434,29.80392265,2168.0,17.29000092,-0.188,18.58876801,SmoothCondition,LowCongestionCondition,EvenPaceStyle
-1.1000366,50.89067459,29.81007785,432.7254111,0.90071487,0.449,31.37254906,2200.0,18.67000008,-0.215,18.50386047,SmoothCondition,LowCongestionCondition,EvenPaceStyle
-1.5,51.56622314,30.24167292,440.2680798,0.67554855,0.496,0.0,2234.0,19.37000084,-0.266,18.42512894,SmoothCondition,LowCongestionCondition,EvenPaceStyle
-1.4000244,52.01657867,30.71079791,447.3923489,0.45035553,0.52,18.4313736,2212.0,22.81999969,-0.27,18.38561249,SmoothCondition,LowCongestionCondition,EvenPaceStyle
-1.5,50.66549683,31.71284882,456.6295655,-0.22517776,0.566,34.90196228,2215.0,21.12999916,-0.477,18.25583458,SmoothCondition,LowCongestionCondition,EvenPaceStyle
-1.7000122,51.56622314,32.26829287,459.9196743,0.90072631,0.598,47.45098114,2260.0,21.20000076,-0.434,18.201931,SmoothCondition,LowCongestionCondition,EvenPaceStyle
-1.5999756,52.6921196,32.96259787,458.8570685,1.12589646,0.641,12.54901981,2329.0,26.18000031,-0.383,18.18002319,SmoothCondition,LowCongestionCondition,EvenPaceStyle
-1.7000122,54.04319763,33.72820984,455.3213968,1.35107803,0.695,5.09803915,2320.0,24.70999908,-0.391,18.1489296,SmoothCondition,LowCongestionCondition,EvenPaceStyle
-1.0,49.98995972,36.2464728,413.9364697,-2.25180053,0.816,14.50980377,2067.0,22.57999992,-0.328,18.06980515,SmoothCondition,LowCongestionCondition,EvenPaceStyle
-0.7000122,46.38707733,37.80772076,370.731037,-0.90072251,0.746,23.52941132,2028.0,17.09000015,-0.305,17.95684814,SmoothCondition,LowCongestionCondition,EvenPaceStyle
-0.5,46.16189957,38.57708575,347.0844811,-0.22517776,0.773,0.0,2053.0,15.05000019,-0.324,17.85620117,SmoothCondition,LowCongestionCondition,EvenPaceStyle
0.2999878,45.9367218,40.13082778,296.3863597,-1.35107804,0.734,34.11764908,1976.0,17.06999969,-0.254,17.76691818,SmoothCondition,LowCongestionCondition,EvenPaceStyle
0.7000122,44.58563995,40.87392178,268.864846,-1.35108185,0.687,29.80392265,1939.0,17.88999939,-0.219,17.71842957,SmoothCondition,LowCongestionCondition,EvenPaceStyle
0.2000122,46.16189957,42.40139275,210.6935285,0.67554093,0.652,0.0,1995.0,16.56999969,-0.301,17.57132721,SmoothCondition,LowCongestionCondition,EvenPaceStyle
0.0999756,46.61225891,43.17826373,179.9077925,0.45035934,0.605,29.80392265,1963.0,17.62999916,-0.324,17.52007103,SmoothCondition,LowCongestionCondition,EvenPaceStyle
-0.1999512,45.9367218,43.94387576,147.8412997,-0.67553711,0.641,21.56862831,1973.0,18.13999939,-0.285,17.47465706,SmoothCondition,LowCongestionCondition,EvenPaceStyle
-0.3999634,46.38707733,44.71699371,114.6047291,0.45035553,0.645,0.0,2002.0,20.15999985,-0.293,17.44666862,SmoothCondition,LowCongestionCondition,EvenPaceStyle
-0.4000244,45.9367218,45.35500375,90.93618535,-0.45035553,0.625,32.15686417,1930.0,17.79000092,-0.281,17.40308571,SmoothCondition,LowCongestionCondition,EvenPaceStyle
-0.1000366,45.26117706,45.90294172,72.20680983,-0.67554474,0.703,5.09803915,1965.0,16.22999954,-0.242,17.34482384,SmoothCondition,LowCongestionCondition,EvenPaceStyle
-0.2999878,45.48635864,46.42460871,54.88312323,0.22518158,0.723,20.0,1941.0,13.96000004,-0.262,17.25946999,SmoothCondition,LowCongestionCondition,EvenPaceStyle
-0.3000488,44.81082153,46.85620375,41.91118828,-0.67553711,0.715,34.11764908,1924.0,13.30000019,-0.293,17.16624451,SmoothCondition,LowCongestionCondition,EvenPaceStyle
-0.2999878,45.0359993,47.20147975,33.2375348,0.22517777,0.703,3.137254953,1965.0,15.44999981,-0.324,17.10375786,SmoothCondition,LowCongestionCondition,EvenPaceStyle
0.0,45.48635864,47.49796677,26.75021299,0.45035934,0.691,6.274509907,1919.0,19.44000053,-0.285,17.07837677,SmoothCondition,LowCongestionCondition,EvenPaceStyle
0.2000122,44.13527679,47.73065275,21.80010085,-1.35108185,0.633,10.98039246,1849.0,13.5,-0.281,17.00159645,SmoothCondition,LowCongestionCondition,EvenPaceStyle
0.7999878,42.78419876,47.90704377,18.095394,-1.35107803,0.559,17.25490189,1800.0,12.52999973,-0.25,16.91668129,SmoothCondition,LowCongestionCondition,EvenPaceStyle
1.2999878,41.88347626,48.04215177,15.30776489,-0.9007225,0.582,0.0,1778.0,11.72999954,-0.27,16.82538033,SmoothCondition,LowCongestionCondition,EvenPaceStyle
1.6000366,40.98275757,48.11345876,13.96850974,-0.90071869,0.629,5.09803915,1713.0,12.75,-0.285,16.75630188,SmoothCondition,LowCongestionCondition,EvenPaceStyle
1.5,39.85686111,48.11721185,13.90461001,-1.12589646,0.687,0.0,1667.0,15.93000031,-0.344,16.72701836,SmoothCondition,LowCongestionCondition,EvenPaceStyle
1.6000366,36.70433807,47.91079686,16.9501947,-1.8014412,0.656,14.90196133,1509.0,15.35999966,-0.266,16.68140221,SmoothCondition,LowCongestionCondition,EvenPaceStyle
1.7999878,34.90289688,47.74941781,19.60419812,-1.80144119,0.723,0.0,1459.0,10.40999985,-0.316,16.61344719,SmoothCondition,LowCongestionCondition,EvenPaceStyle
1.7000122,34.22735977,47.57302678,22.52528079,-0.67553711,0.75,9.019607544,1414.0,13.21000004,-0.309,16.58694649,SmoothCondition,LowCongestionCondition,EvenPaceStyle
1.0999756,32.65110016,47.37411779,26.10774735,-1.57625961,0.754,50.98039246,1354.0,10.31000042,-0.305,16.52954674,SmoothCondition,LowCongestionCondition,EvenPaceStyle
0.5999756,31.97555923,47.15644379,29.98581327,-0.67554093,0.672,41.17647171,1452.0,16.04000092,-0.273,16.52351952,SmoothCondition,LowCongestionCondition,EvenPaceStyle
0.0,0.0,26.63879319,324.089391,0.0,0.984,28.23529434,798.0,4.820000172,-0.363,10.93604946,SmoothCondition,LowCongestionCondition,EvenPaceStyle
0.2000122,6.079859734,22.93082936,363.9733233,6.079859734,0.332,10.1960783,1654.0,22.72999954,-0.0273,11.0517168,SmoothCondition,LowCongestionCondition,EvenPaceStyle
0.10003662,20.26619911,21.75614035,350.5283617,3.60288048,-0.0586,71.76470947,1948.0,32.31999969,0.156,11.15738392,SmoothCondition,LowCongestionCondition,EvenPaceStyle
0.0,25.22015953,21.51594841,345.2572284,4.95396042,-0.0625,53.33333588,2324.0,39.20000076,0.133,11.18562031,SmoothCondition,LowCongestionCondition,EvenPaceStyle
-0.19995118,29.94893837,21.36958137,341.4177923,4.72877884,-0.152,76.47058868,1777.0,19.87000084,0.199,11.20383453,SmoothCondition,LowCongestionCondition,AggressiveStyle
0.0,30.62447739,21.25699134,338.5120783,0.67553902,-0.316,80.39215851,1641.0,24.42000008,0.195,11.22662926,SmoothCondition,LowCongestionCondition,AggressiveStyle
-0.19995118,34.67771912,21.23072035,337.7521613,4.05324173,-0.453,60.0,1842.0,31.18000031,0.223,11.25478077,SmoothCondition,LowCongestionCondition,AggressiveStyle
-0.2999878,41.88347626,21.32829827,341.2603282,7.20575714,-0.598,60.39215851,2026.0,33.81000137,0.234,11.28997231,SmoothCondition,LowCongestionCondition,AggressiveStyle
-0.59997558,47.28779984,21.5046893,348.6434858,5.40432358,-0.668,50.98039246,2177.0,39.22000122,0.27,11.32373428,SmoothCondition,LowCongestionCondition,AggressiveStyle
-0.79998779,50.66549683,21.72236324,358.6144658,3.37769699,-0.719,29.41176605,2326.0,32.68000031,0.289,11.39740181,SmoothCondition,LowCongestionCondition,AggressiveStyle
-0.70001221,55.84463882,22.24403021,385.7578769,0.90071868,-0.613,4.313725471,2382.0,25.93000031,0.266,11.47871399,SmoothCondition,LowCongestionCondition,AggressiveStyle
-0.69995118,55.39427567,22.48422218,398.373764,-0.45036315,-0.629,11.37254906,2346.0,21.05999947,0.242,11.55636883,SmoothCondition,LowCongestionCondition,AggressiveStyle
-0.5,54.94392014,22.7131552,410.2366419,-0.45035553,-0.582,13.72549057,2316.0,19.10000038,0.266,11.60500336,SmoothCondition,LowCongestionCondition,AggressiveStyle
-1.0,54.49356079,22.92707624,421.2252858,-0.45035935,-0.578,12.15686321,2324.0,18.79000092,0.262,11.64729023,SmoothCondition,LowCongestionCondition,AggressiveStyle
-0.5,54.26837921,23.35116529,442.6847832,-0.22518158,-0.457,0.0,2292.0,17.72999954,0.238,11.67645264,SmoothCondition,LowCongestionCondition,AggressiveStyle
0.40002441,29.49857903,23.73772436,466.8552198,-7.20575904,1.11,16.47058868,1340.0,13.78999996,-0.414,12.09252453,SmoothCondition,LowCongestionCondition,EvenPaceStyle
0.40002442,22.0676384,23.30612935,459.6484463,-7.43094063,1.71,19.6078434,956.0,5.429999828,-0.664,12.1648674,SmoothCondition,LowCongestionCondition,EvenPaceStyle
0.2999878,13.06044006,22.90831136,458.1210198,-9.00719834,1.91,20.7843132,879.0,6.730000019,-0.734,12.23893356,SmoothCondition,LowCongestionCondition,AggressiveStyle
0.09997559,6.980579853,22.42042138,459.1600638,-6.079860207,2.11,23.52941132,848.0,4.900000095,-0.773,12.31937408,SmoothCondition,LowCongestionCondition,AggressiveStyle
0.89996338,11.0338192,18.46100647,484.105926,11.0338192,0.289,3.921568632,2200.0,31.15999985,-0.0547,12.55383873,SmoothCondition,LowCongestionCondition,EvenPaceStyle
1.09997558,15.76259995,18.72371647,478.3827336,4.72878075,0.137,78.4313736,1548.0,16.69000053,0.0547,12.59673023,SmoothCondition,LowCongestionCondition,EvenPaceStyle
1.29998779,17.56403732,19.01645043,472.3763896,1.80143737,0.0586,32.94117737,1475.0,19.42000008,0.0937,12.65377522,SmoothCondition,LowCongestionCondition,EvenPaceStyle
1.7000122,21.1669178,19.36923239,466.1989628,3.60288048,0.0078,25.49019623,1695.0,13.78999996,0.0976,12.71541882,SmoothCondition,LowCongestionCondition,EvenPaceStyle
1.79998779,24.09425926,19.77080338,460.0546096,2.92734146,-0.0117,27.84313774,1810.0,13.65999985,0.0625,12.7779007,SmoothCondition,LowCongestionCondition,AggressiveStyle
2.29998779,25.4453373,20.19489233,453.7923144,1.35107804,-0.0547,21.96078491,1942.0,14.02999973,0.0586,12.83917522,SmoothCondition,LowCongestionCondition,AggressiveStyle
2.39996338,27.92231941,21.58725531,434.0822366,-0.67554093,-0.117,21.17647171,2211.0,16.37000084,0.0937,13.02741814,SmoothCondition,LowCongestionCondition,AggressiveStyle
1.5,29.04821777,22.07139227,426.8888985,1.12589836,-0.0781,10.1960783,2291.0,17.5,0.0977,13.09646988,SmoothCondition,LowCongestionCondition,AggressiveStyle
1.60003662,28.14749908,22.54051726,419.0341193,-0.90071869,-0.082,10.98039246,2269.0,16.51000023,0.0859,13.16501808,SmoothCondition,LowCongestionCondition,AggressiveStyle
2.0,29.27339935,23.02840725,410.9489427,1.12590027,-0.0898,17.25490189,2241.0,16.72999954,0.0703,13.23401737,SmoothCondition,LowCongestionCondition,AggressiveStyle
1.7999878,31.52519989,23.45249625,407.1209958,2.25180054,-0.0937,16.86274529,2256.0,17.0,0.0898,13.30664253,SmoothCondition,LowCongestionCondition,AggressiveStyle
2.0,30.62447739,23.75648922,405.8227061,-0.9007225,-0.0703,11.37254906,2294.0,17.40999985,0.043,13.38304329,SmoothCondition,LowCongestionCondition,AggressiveStyle
1.90002441,31.97555923,24.1843312,406.5217612,1.35108184,-0.0508,10.98039246,2198.0,16.22999954,0.082,13.54331493,SmoothCondition,LowCongestionCondition,AggressiveStyle
1.79998779,29.27339935,24.2518852,406.9378945,-2.70215988,-0.0234,7.843137264,2168.0,15.81999969,0.0391,13.57521629,SmoothCondition,LowCongestionCondition,AggressiveStyle
2.0,27.92231941,24.21810822,406.614966,-1.35107994,0.203,0.0,2098.0,21.14999962,-0.0117,13.59978008,SmoothCondition,LowCongestionCondition,EvenPaceStyle
-0.89996338,28.82304001,31.59650618,71.14914115,4.05324173,0.746,23.13725471,2274.0,17.5,-0.16,9.609331131,SmoothCondition,LowCongestionCondition,EvenPaceStyle
0.0,34.00217819,31.94553506,69.24633316,1.80144119,0.625,59.60784531,1564.0,16.86000061,-0.133,9.66232872,SmoothCondition,LowCongestionCondition,AggressiveStyle
-0.09997558,35.8036232,32.32458811,66.90003398,1.80144501,0.551,48.23529434,1814.0,19.12000084,-0.0391,9.742284775,SmoothCondition,LowCongestionCondition,AggressiveStyle
0.09997559,40.30722046,32.68487612,64.69715821,4.50359726,0.473,29.41176605,1873.0,19.62999916,-0.0195,9.786488533,SmoothCondition,LowCongestionCondition,AggressiveStyle
0.40002442,43.00937653,33.05642306,63.93566497,2.70215607,0.395,25.49019623,1909.0,13.59000015,-0.0391,9.827832222,SmoothCondition,LowCongestionCondition,AggressiveStyle
0.7000122,44.36046219,33.35291011,65.29921447,1.35108566,0.359,0.0,1873.0,13.06000042,-0.0234,9.868326187,SmoothCondition,LowCongestionCondition,AggressiveStyle
0.69995118,45.26117706,33.57058411,67.63203482,0.90071487,0.312,18.4313736,1897.0,13.77999973,-0.0352,9.918333054,SmoothCondition,LowCongestionCondition,AggressiveStyle
0.70001221,44.58563995,33.78825811,69.56940669,-0.67553711,0.285,21.96078491,1914.0,15.39999962,-0.043,9.980662346,SmoothCondition,LowCongestionCondition,AggressiveStyle
-0.90002442,37.379879,34.85411008,74.0911221,-1.57625961,0.273,28.62745094,1634.0,11.93000031,-0.121,10.20162201,SmoothCondition,LowCongestionCondition,EvenPaceStyle
-1.09997558,36.92951965,35.03425407,72.83842562,-0.45035935,0.352,27.84313774,1675.0,11.39000034,-0.16,10.2188921,SmoothCondition,LowCongestionCondition,EvenPaceStyle
-1.0,37.379879,35.25943406,70.76721331,0.45035935,0.461,27.45098114,1729.0,11.56000042,-0.18,10.24679565,SmoothCondition,LowCongestionCondition,EvenPaceStyle
-0.90002441,38.28059769,35.51839104,68.19852303,0.90071869,0.547,5.490196228,1703.0,13.67000008,-0.184,10.30155563,SmoothCondition,LowCongestionCondition,EvenPaceStyle
-0.60003662,39.18132019,36.10010598,62.1320621,-0.45035553,0.555,18.4313736,1739.0,11.15999985,-0.129,10.35861969,SmoothCondition,LowCongestionCondition,EvenPaceStyle
-0.70001221,40.08203888,36.39659297,59.08020398,0.90071869,0.645,4.313725471,1731.0,15.84000015,-0.176,10.37958717,SmoothCondition,LowCongestionCondition,EvenPaceStyle
-0.7999878,40.53239822,36.67056195,56.72857568,0.45035934,0.754,2.745098114,1700.0,12.60999966,-0.195,10.40728378,SmoothCondition,LowCongestionCondition,EvenPaceStyle
-0.59997559,39.63167572,36.8807299,55.25426164,-0.9007225,0.781,17.25490189,1707.0,11.64000034,-0.262,10.42849064,SmoothCondition,LowCongestionCondition,EvenPaceStyle
0.29998779,37.379879,37.15469898,53.53697383,-1.35108185,0.84,9.019607544,1620.0,16.38999939,-0.367,10.44000816,SmoothCondition,LowCongestionCondition,EvenPaceStyle
0.7000122,36.25397873,37.21474695,53.20328822,-1.12590027,0.844,19.2156868,1648.0,11.72999954,-0.309,10.4309845,SmoothCondition,LowCongestionCondition,EvenPaceStyle
0.90002441,36.02880096,37.22225294,53.18168809,-0.22517777,0.824,25.49019623,1675.0,10.84000015,-0.289,10.41137886,SmoothCondition,LowCongestionCondition,EvenPaceStyle
0.80004882,36.70433807,37.23351189,53.1619644,0.67553711,0.82,30.98039246,1709.0,10.77000046,-0.238,10.39175224,SmoothCondition,LowCongestionCondition,EvenPaceStyle
0.40002441,39.18132019,37.15469898,52.69130114,1.57625961,0.832,18.4313736,1752.0,11.73999977,-0.148,10.37314224,SmoothCondition,LowCongestionCondition,EvenPaceStyle
0.2999878,40.30722046,37.08714495,51.97505632,1.12590027,0.762,19.6078434,1775.0,11.22000027,-0.105,10.36137295,SmoothCondition,LowCongestionCondition,EvenPaceStyle
0.0,40.98275757,37.01583796,51.09464811,0.67553711,0.707,14.50980377,1787.0,11.39999962,-0.0938,10.34907722,SmoothCondition,LowCongestionCondition,EvenPaceStyle
-0.90002442,41.20793915,36.94828399,50.23556816,0.22518158,0.727,18.4313736,1770.0,11.06000042,-0.105,10.32979488,SmoothCondition,LowCongestionCondition,EvenPaceStyle
-1.5,41.65829849,36.87697694,49.23704512,0.45035934,0.754,0.0,1756.0,17.21999931,-0.0938,10.34183884,SmoothCondition,LowCongestionCondition,EvenPaceStyle
-2.59997559,41.43312073,36.71184492,46.77324744,-0.45035553,0.777,29.80392265,1851.0,14.60999966,-0.0273,10.38049126,SmoothCondition,LowCongestionCondition,EvenPaceStyle
-2.7000122,42.10865784,36.64429089,45.7486414,0.67553711,0.82,20.0,1852.0,14.39000034,-0.082,10.40142441,SmoothCondition,LowCongestionCondition,EvenPaceStyle
-3.0,43.45973969,36.62552589,45.46667852,1.35108185,0.812,8.235294342,1869.0,12.26000023,-0.113,10.40821171,SmoothCondition,LowCongestionCondition,EvenPaceStyle
-2.60003662,43.91009903,36.64429089,45.72285863,0.45035934,0.875,0.392156869,1833.0,12.55000019,-0.117,10.41243362,SmoothCondition,LowCongestionCondition,EvenPaceStyle
-2.39996338,43.45973969,36.68557393,46.18939748,-0.45035934,0.855,0.0,1789.0,18.15999985,-0.25,10.45218658,SmoothCondition,LowCongestionCondition,EvenPaceStyle
-1.79998779,37.15470123,36.85445884,46.87414306,0.9007225,0.977,0.0,1720.0,12.55000019,-0.172,10.73345566,SmoothCondition,LowCongestionCondition,EvenPaceStyle
-1.10003662,33.32663727,37.38363183,42.96689976,-3.60288238,1.37,16.47058868,1146.0,13.61999989,-0.445,10.82756805,SmoothCondition,LowCongestionCondition,EvenPaceStyle
-0.69995118,27.92231941,37.43617385,41.78456071,-5.40431786,1.55,18.03921509,935.0,7.21999979,-0.539,10.82289028,SmoothCondition,LowCongestionCondition,EvenPaceStyle
-0.5,20.94173813,37.41365582,42.5085407,-6.98058128,1.75,21.96078491,864.0,4.880000114,-0.633,10.8181448,SmoothCondition,LowCongestionCondition,EvenPaceStyle
-0.29998779,12.61007977,37.31607782,46.84049727,-8.33165836,1.83,21.56862831,855.0,6.96999979,-0.687,10.86800003,SmoothCondition,LowCongestionCondition,EvenPaceStyle
-1.5,119.5705795,121.0680227,3.023149013,0.4503555,0.664,56.47058868,2426.0,33.97999954,-0.359,8.520523071,SmoothCondition,LowCongestionCondition,EvenPaceStyle
-1.79998779,120.6964722,121.1205645,2.812189649,1.1258927,0.645,66.27451324,2433.0,36.86000061,-0.445,8.511693001,SmoothCondition,LowCongestionCondition,EvenPaceStyle
-2.20001221,121.146843,121.1693537,2.667132607,0.4503708,0.613,58.8235321,2441.0,33.93000031,-0.516,8.498108864,SmoothCondition,LowCongestionCondition,EvenPaceStyle
-1.40002441,121.146843,121.311968,2.41646729,-0.2251739,0.621,63.13725662,2430.0,36.11000061,-0.422,8.436674118,SmoothCondition,LowCongestionCondition,EvenPaceStyle
-0.7999878,121.3720169,121.3194742,2.413888886,0.2251739,0.645,64.31372833,2425.0,38.09000015,-0.371,8.433851242,SmoothCondition,LowCongestionCondition,EvenPaceStyle
0.59997559,122.047554,121.330733,2.420979106,0.6755371,0.508,79.60784149,2434.0,52.79999924,-0.328,8.444337845,SmoothCondition,LowCongestionCondition,EvenPaceStyle
2.0,122.047554,121.319474,2.396700554,-0.2251816,0.422,67.05882263,2458.0,45.0,-0.258,8.46099472,SmoothCondition,LowCongestionCondition,EvenPaceStyle
2.09997559,121.8223801,121.2706853,2.279920121,-0.2251739,0.48,36.47058868,2423.0,40.34999847,-0.0039,8.423039436,SmoothCondition,LowCongestionCondition,EvenPaceStyle
2.10003662,120.9216461,121.2331553,2.219188212,-0.900734,0.566,32.94117737,2406.0,22.34000015,0.0899,8.374154091,SmoothCondition,LowCongestionCondition,EvenPaceStyle
1.79998779,119.7957535,121.1731071,2.171060042,-1.1258926,0.707,35.29411697,2380.0,29.81999969,0.211,8.343305588,SmoothCondition,LowCongestionCondition,EvenPaceStyle
1.70001221,118.4446716,121.116812,2.28686778,-1.3510819,0.879,27.45098114,2357.0,24.75,0.437,8.312753677,SmoothCondition,LowCongestionCondition,EvenPaceStyle
1.5,117.7691345,121.0342461,2.426152255,-0.6755371,0.887,29.41176605,2325.0,18.05999947,0.387,8.259166718,SmoothCondition,LowCongestionCondition,EvenPaceStyle
1.7999878,114.1662521,120.760277,3.355349748,-2.026619,0.844,48.23529434,2287.0,23.20999908,0.242,8.183589935,SmoothCondition,LowCongestionCondition,EvenPaceStyle
2.0,113.490715,120.6026511,4.144645522,-0.6755371,0.863,54.50980377,2271.0,27.85000038,0.348,8.168771744,SmoothCondition,LowCongestionCondition,EvenPaceStyle
2.19995118,113.0403519,120.4450251,5.027791418,-0.4503631,0.871,57.64706039,2265.0,32.93999863,0.406,8.15591526,SmoothCondition,LowCongestionCondition,EvenPaceStyle
2.0,112.8151779,120.2873992,5.932592883,-0.225174,0.848,56.07843399,2270.0,32.25999832,0.414,8.140253067,SmoothCondition,LowCongestionCondition,EvenPaceStyle
1.69995118,112.3648148,120.1260202,6.917450632,-0.4503631,0.773,37.64706039,2265.0,27.95999908,0.344,8.119680405,SmoothCondition,LowCongestionCondition,EvenPaceStyle
1.5,112.5899963,119.9646412,7.775428226,0.2251815,0.707,25.49019623,2260.0,22.19000053,0.0509,8.09012413,SmoothCondition,LowCongestionCondition,EvenPaceStyle
0.09997559,112.3648148,119.5330458,10.07446129,-0.6755371,0.871,20.7843132,2209.0,20.22999954,-0.0468,7.989829063,SmoothCondition,LowCongestionCondition,EvenPaceStyle
-0.90002441,111.0137405,119.2140409,12.24558025,-0.4503556,1.24,0.0,2145.0,22.94000053,-0.0351,7.973748684,SmoothCondition,LowCongestionCondition,EvenPaceStyle
-5.89996338,98.62883759,117.1236198,49.71333814,1.35108185,1.17,87.45098114,2029.0,36.25,-0.277,7.922138214,SmoothCondition,LowCongestionCondition,EvenPaceStyle
-6.19995118,101.1058121,116.7896027,53.67418206,2.47697451,1.19,56.07843399,2064.0,30.60000038,-0.273,7.926562786,SmoothCondition,LowCongestionCondition,EvenPaceStyle
-6.70001221,102.6820755,116.4668447,56.47292626,1.5762634,1.2,0.392156869,2060.0,24.31999969,-0.258,7.924470425,SmoothCondition,LowCongestionCondition,EvenPaceStyle
-7.40002441,102.9072571,116.1365808,58.8149151,0.2251816,1.23,0.0,2036.0,23.54000092,-0.273,7.923092842,SmoothCondition,LowCongestionCondition,EvenPaceStyle
-7.79998779,79.48854065,110.8185804,136.0064017,-1.12590027,1.53,5.490196228,1586.0,16.96999931,-0.605,7.876625538,SmoothCondition,LowCongestionCondition,EvenPaceStyle
-6.30004882,79.93889618,108.7506776,179.006759,1.5762558,1.22,83.92156982,2014.0,41.74000168,-0.57,7.9601264,SmoothCondition,LowCongestionCondition,EvenPaceStyle
-5.79998779,82.4158783,108.1314326,188.3871576,2.47698212,1.34,51.37255096,2048.0,29.79999924,-0.555,7.977726936,SmoothCondition,LowCongestionCondition,EvenPaceStyle
-5.0,84.44249725,107.5534705,195.5120679,2.02661895,1.4,0.0,2026.0,24.10000038,-0.629,7.988143444,SmoothCondition,LowCongestionCondition,EvenPaceStyle
-2.90002441,76.33602142,103.5227483,240.5972765,-0.67553711,1.57,19.2156868,1835.0,14.97000027,-0.738,7.990380764,SmoothCondition,LowCongestionCondition,EvenPaceStyle
-2.69995118,74.98493958,102.7421243,248.1052015,-1.35108184,1.59,0.0,1800.0,18.15999985,-0.656,8.010122299,SmoothCondition,LowCongestionCondition,EvenPaceStyle
-2.60003662,75.43530273,101.9765124,254.264861,0.45036315,1.55,20.0,1781.0,15.55000019,-0.574,8.022317886,SmoothCondition,LowCongestionCondition,EvenPaceStyle
-2.70001221,73.63385773,101.1846293,261.0136706,-1.801445,1.42,15.68627453,1789.0,16.27000046,-0.547,8.023385048,SmoothCondition,LowCongestionCondition,EvenPaceStyle
-2.90002441,72.95832062,100.3777344,266.9480625,-0.67553711,1.37,0.0,1730.0,17.67000008,-0.5,8.028564453,SmoothCondition,LowCongestionCondition,EvenPaceStyle
1.59997558,0.0,16.89600553,72.60925772,0.0,1.21,27.05882454,813.0,4.869999886,-0.574,18.89690018,SmoothCondition,LowCongestionCondition,EvenPaceStyle
-0.2999878,31.97555923,14.9069156,99.84412556,0.22517776,-0.8593,20.7843132,2249.0,19.70999908,0.5195,23.59758377,SmoothCondition,LowCongestionCondition,EvenPaceStyle
0.7000122,32.200737,15.44359455,100.8539335,0.22517777,-0.8086,19.2156868,2222.0,19.85000038,0.4726,23.52994537,SmoothCondition,LowCongestionCondition,EvenPaceStyle
2.0999756,30.39929962,15.95024955,100.341502,-1.80143738,-0.6015,14.90196133,2111.0,22.04999924,0.3359,23.54445648,SmoothCondition,LowCongestionCondition,EvenPaceStyle
3.2999878,30.17411804,16.45315151,99.20138934,-0.22518158,-0.4297,0.0,1923.0,20.39999962,0.2227,23.55471992,SmoothCondition,LowCongestionCondition,EvenPaceStyle
0.0,7.881299973,15.38729971,100.9130216,-2.251799587,1.07,37.25490189,829.0,5.360000134,-0.418,15.72241974,SmoothCondition,LowCongestionCondition,EvenPaceStyle
-0.10003662,5.179140091,15.47361871,98.65862286,-2.702159882,1.05,32.15686417,860.0,6.150000095,-0.402,15.77898026,SmoothCondition,LowCongestionCondition,EvenPaceStyle
-0.20001221,5.629499912,15.56744371,96.2339722,0.450359821,1.02,28.62745094,927.0,5.329999924,-0.375,15.82468224,SmoothCondition,LowCongestionCondition,EvenPaceStyle
-0.29998779,6.079859734,15.66877471,93.64164793,0.450359822,1.0,31.37254906,858.0,5.190000057,-0.379,15.87302399,SmoothCondition,LowCongestionCondition,EvenPaceStyle
-0.2000122,5.179140091,15.75509371,91.33783225,-0.900719643,0.91,25.09803963,843.0,4.920000076,-0.406,15.98898125,SmoothCondition,LowCongestionCondition,EvenPaceStyle
-0.09997558,4.953959465,15.8376597,89.10109487,-0.225180626,0.945,29.41176605,925.0,5.309999943,-0.379,16.11967468,SmoothCondition,LowCongestionCondition,EvenPaceStyle
-0.2999878,7.205760002,15.30098072,99.91567409,7.205760002,0.0625,23.52941132,1169.0,9.970000267,-0.227,16.27689934,SmoothCondition,LowCongestionCondition,EvenPaceStyle
-0.2999878,10.35828018,14.78306674,101.3567568,2.026620863,-0.187,28.23529434,1990.0,18.46999931,-0.168,16.41534996,SmoothCondition,LowCongestionCondition,EvenPaceStyle
-0.5,15.08705902,14.59916974,100.4240093,1.35107899,-0.355,55.68627548,1462.0,17.95999908,-0.043,16.47912025,SmoothCondition,LowCongestionCondition,EvenPaceStyle
-0.59997559,20.04101944,14.63294672,100.7270851,4.95396042,-0.41,38.03921509,1775.0,23.86000061,0.0039,16.52403641,SmoothCondition,LowCongestionCondition,EvenPaceStyle
-0.69995118,28.14749908,14.88815073,104.8705414,3.15251922,-0.453,19.2156868,2099.0,18.37999916,-0.0039,16.68673134,SmoothCondition,LowCongestionCondition,AggressiveStyle
-0.39996338,27.2467804,14.97446976,106.5780605,-0.90071868,-0.41,14.50980377,2144.0,16.12999916,0.0234,16.74300194,SmoothCondition,LowCongestionCondition,AggressiveStyle
-0.10003662,22.0676384,14.93693976,105.9492483,-5.179142,-0.297,8.235294342,2138.0,15.46000004,0.0352,16.79819107,SmoothCondition,LowCongestionCondition,AggressiveStyle
0.09997558,29.49857903,14.98572875,107.2465633,7.43094063,-0.285,5.882352829,2072.0,14.81999969,-0.0352,16.83655357,SmoothCondition,LowCongestionCondition,AggressiveStyle
0.20001221,29.04821777,15.00074073,107.6619511,-0.45036126,-0.242,0.0,1969.0,16.28000069,-0.0469,16.86360168,SmoothCondition,LowCongestionCondition,AggressiveStyle
1.29998779,23.19353867,14.88064468,104.9499509,-2.47698021,-0.137,3.529411793,1507.0,15.69999981,-0.297,16.97484779,SmoothCondition,LowCongestionCondition,AggressiveStyle
1.40002442,19.5906601,14.75304267,102.7175101,-3.60287857,0.102,13.33333397,1421.0,12.05000019,-0.406,16.99189949,SmoothCondition,LowCongestionCondition,AggressiveStyle
1.59997559,18.01440048,14.59541668,100.130643,-1.57625962,0.242,22.35294151,1414.0,8.369999886,-0.352,17.03191566,SmoothCondition,LowCongestionCondition,AggressiveStyle
1.2999878,19.14029884,14.46781468,97.94105917,1.12589836,0.141,39.60784531,1417.0,8.949999809,-0.34,17.08420372,SmoothCondition,LowCongestionCondition,EvenPaceStyle
0.60003662,20.04101944,14.29892967,95.36429022,1.35107994,0.27,27.84313774,1694.0,11.85999966,-0.348,17.20716476,SmoothCondition,LowCongestionCondition,EvenPaceStyle
0.29998779,22.74317932,14.26890568,94.79271605,2.70215988,0.32,11.76470566,1635.0,10.75,-0.434,17.26327705,SmoothCondition,LowCongestionCondition,EvenPaceStyle
0.2000122,23.64389992,14.24263469,94.24897276,0.9007206,0.449,16.86274529,1615.0,10.15999985,-0.469,17.32699776,SmoothCondition,LowCongestionCondition,EvenPaceStyle
-0.70001221,22.29281998,14.19759869,93.38576704,-1.35107994,0.543,9.411765099,1632.0,10.10999966,-0.531,17.34122658,SmoothCondition,LowCongestionCondition,EvenPaceStyle
-1.2999878,22.0676384,14.13379769,92.22200632,-0.22518158,0.883,4.313725471,1507.0,10.44999981,-0.648,17.45681763,SmoothCondition,LowCongestionCondition,EvenPaceStyle
-1.79998779,20.94173813,14.05498467,90.74538645,-1.12590027,0.848,27.05882454,1418.0,11.22000027,-0.656,17.48434639,SmoothCondition,LowCongestionCondition,EvenPaceStyle
-1.7999878,20.71656036,13.91237066,88.29396452,0.9007225,0.824,19.2156868,1553.0,10.15999985,-0.605,17.60523605,SmoothCondition,LowCongestionCondition,EvenPaceStyle
-2.0,22.29281998,13.94990067,88.84628799,0.45035935,0.762,8.627450943,1561.0,9.989999771,-0.707,17.70988464,SmoothCondition,LowCongestionCondition,EvenPaceStyle
-2.29998779,21.84246063,14.00994867,89.58653896,-0.45035935,0.742,9.019607544,1515.0,9.920000076,-0.555,17.77529907,SmoothCondition,LowCongestionCondition,EvenPaceStyle
-1.59997558,20.49137878,14.04747865,89.9939058,-1.35108185,0.687,22.74509811,1492.0,9.56000042,-0.508,17.84514999,SmoothCondition,LowCongestionCondition,EvenPaceStyle
-1.60003662,22.74317932,14.25014061,92.34529024,0.90071869,0.5,21.96078491,1729.0,11.88000011,-0.246,18.03177834,SmoothCondition,LowCongestionCondition,EvenPaceStyle
-1.29998779,24.09425926,14.4077666,93.95997646,1.35107994,0.445,18.8235302,1801.0,11.82999992,-0.145,18.0478611,SmoothCondition,LowCongestionCondition,EvenPaceStyle
-1.2000122,24.99497986,14.5954166,95.816333,0.9007206,0.477,14.11764717,1834.0,11.94999981,-0.133,18.0823288,SmoothCondition,LowCongestionCondition,EvenPaceStyle
-1.0,25.67051888,14.77556058,97.86107497,0.67553902,0.59,3.529411793,1830.0,11.59000015,-0.16,18.11919975,SmoothCondition,LowCongestionCondition,EvenPaceStyle
-1.2999878,15.53741932,15.69504556,98.26364404,-2.92734051,0.672,29.41176605,1031.0,9.43999958,-0.227,18.44046974,SmoothCondition,LowCongestionCondition,EvenPaceStyle
-1.5,9.90791893,15.87894254,95.651324,-2.92734051,0.555,27.05882454,1012.0,5.789999962,-0.289,18.42756844,SmoothCondition,LowCongestionCondition,EvenPaceStyle
-1.19995118,13.96115971,16.02530953,93.75143791,4.05324078,0.754,18.03921509,1011.0,5.840000153,-0.375,18.44573021,SmoothCondition,LowCongestionCondition,EvenPaceStyle
-0.79998779,13.28561974,16.16417054,91.78150851,-0.67553997,0.859,22.35294151,878.0,5.889999866,-0.434,18.46738815,SmoothCondition,LowCongestionCondition,EvenPaceStyle
0.0,8.556839943,16.49443453,84.20230346,-2.702159877,0.848,42.74509811,884.0,4.539999962,-0.406,18.62517166,SmoothCondition,LowCongestionCondition,EvenPaceStyle
0.09997559,5.854679585,16.59201253,81.50004459,-2.702160358,0.867,21.56862831,972.0,6.559999943,-0.375,18.69682121,SmoothCondition,LowCongestionCondition,EvenPaceStyle
0.2999878,5.40432024,16.68208453,78.94721071,-0.450359345,0.953,20.0,1006.0,6.099999905,-0.477,18.76073837,SmoothCondition,LowCongestionCondition,EvenPaceStyle
0.90002442,4.053239822,16.83971053,74.34722834,-1.351080418,1.12,25.88235283,900.0,4.75,-0.598,18.89690018,SmoothCondition,LowCongestionCondition,EvenPaceStyle
-0.2000122,6.530220032,0.108837001,0.710729561,6.530220032,0.449,38.4313736,1361.0,14.64999962,-0.082,15.27932835,SmoothCondition,LowCongestionCondition,EvenPaceStyle
-0.09997558,10.5834589,0.427841981,3.676101019,2.026618957,0.367,45.88235474,1013.0,7.869999886,-0.0664,15.25190258,SmoothCondition,LowCongestionCondition,EvenPaceStyle
-0.5,13.73598003,0.656774982,6.621505603,3.15252113,0.32,37.25490189,1181.0,8.81000042,0.0078,15.21892548,SmoothCondition,LowCongestionCondition,EvenPaceStyle
-0.79998779,16.88849831,0.938249954,10.99919712,3.15251828,0.27,32.54901886,1357.0,9.800000191,0.0352,15.19630051,SmoothCondition,LowCongestionCondition,EvenPaceStyle
-1.09997558,18.91511917,1.25350194,16.36062906,2.02662086,0.23,7.058823586,1480.0,9.590000153,-0.0742,15.17741489,SmoothCondition,LowCongestionCondition,EvenPaceStyle
-1.39996338,20.71656036,1.598777946,22.63328067,1.80144119,0.258,4.705882549,1458.0,12.78999996,-0.105,15.1826725,SmoothCondition,LowCongestionCondition,EvenPaceStyle
-2.09997558,19.14029884,2.263058932,33.50796243,-1.57626152,0.266,9.8039217,1300.0,12.31000042,-0.242,15.21285534,SmoothCondition,LowCongestionCondition,EvenPaceStyle
-2.09997559,18.01440048,2.56329894,37.53465194,-1.12589836,0.184,25.09803963,1279.0,8.420000076,-0.281,15.18652725,SmoothCondition,LowCongestionCondition,EvenPaceStyle
-2.5,17.33885956,2.852279933,41.03865346,-0.67554092,0.082,48.62745285,1290.0,8.600000381,-0.305,15.16185379,SmoothCondition,LowCongestionCondition,EvenPaceStyle
-2.60003662,20.49137878,3.193802913,46.05567093,3.15251922,-0.0156,43.52941132,1455.0,13.60000038,-0.27,15.15745544,SmoothCondition,LowCongestionCondition,EvenPaceStyle
-2.2000122,22.0676384,3.561596886,51.78287338,1.57625962,-0.0742,35.29411697,1659.0,14.69999981,-0.223,15.1516695,SmoothCondition,LowCongestionCondition,EvenPaceStyle
-1.79998779,24.31943893,3.966920868,58.70398833,2.25180053,-0.148,27.84313774,1862.0,15.26000023,-0.211,15.16058636,SmoothCondition,LowCongestionCondition,EvenPaceStyle
-1.5,26.57123947,4.409774859,66.89808288,2.25180054,-0.164,15.29411793,1994.0,15.02000046,-0.219,15.17085171,SmoothCondition,LowCongestionCondition,EvenPaceStyle
-1.10003662,28.14749908,4.878899844,75.8951802,1.57625961,-0.156,11.76470566,2031.0,13.44999981,-0.242,15.17169571,SmoothCondition,LowCongestionCondition,EvenPaceStyle
-0.79998779,28.37267876,5.351777823,84.619539,0.22517968,-0.0937,10.58823586,1971.0,14.17000008,-0.25,15.17014122,SmoothCondition,LowCongestionCondition,EvenPaceStyle
-0.7999878,27.92231941,5.817149814,92.54824334,-0.45035935,-0.0781,14.11764717,1978.0,14.25,-0.242,15.15445328,SmoothCondition,LowCongestionCondition,EvenPaceStyle
-0.70001221,27.47196007,6.275015815,99.7094823,-0.45035934,0.0586,11.76470566,1964.0,13.90999985,-0.34,15.14287758,SmoothCondition,LowCongestionCondition,EvenPaceStyle
-0.89996338,27.47196007,7.186994823,112.5988275,0.22517967,0.254,0.0,1946.0,14.34000015,-0.473,15.13230515,SmoothCondition,LowCongestionCondition,EvenPaceStyle
-1.0,26.79641914,7.633601808,118.0379658,-0.67554093,0.242,9.019607544,1813.0,17.96999931,-0.523,15.13819695,SmoothCondition,LowCongestionCondition,EvenPaceStyle
-1.10003662,24.99497986,8.050184806,121.9825944,-1.80143928,0.258,20.3921566,1723.0,12.22000027,-0.48,15.10699272,SmoothCondition,LowCongestionCondition,EvenPaceStyle
-1.0,23.86907959,8.448002799,124.9645674,-1.12590027,0.27,21.17647171,1743.0,11.72999954,-0.547,15.09963608,SmoothCondition,LowCongestionCondition,EvenPaceStyle
-0.7000122,24.54461861,8.857079776,127.9762903,0.67553902,0.371,13.72549057,1795.0,11.25,-0.602,15.08077526,SmoothCondition,LowCongestionCondition,EvenPaceStyle
-0.20001221,25.22015953,9.277415768,131.0051306,0.67554092,0.422,7.843137264,1794.0,16.44000053,-0.523,15.0810709,SmoothCondition,LowCongestionCondition,EvenPaceStyle
0.2999878,24.99497986,9.693998766,133.5569762,-0.22517967,0.383,16.47058868,1711.0,12.06999969,-0.492,15.08564663,SmoothCondition,LowCongestionCondition,EvenPaceStyle
0.5,24.09425926,10.09556975,135.3149141,-0.9007206,0.395,20.7843132,1726.0,11.15999985,-0.395,15.10911274,SmoothCondition,LowCongestionCondition,EvenPaceStyle
1.2000122,25.67051888,10.92498272,138.5933165,1.57625962,0.496,2.352941275,1806.0,11.81000042,-0.293,15.20052052,SmoothCondition,LowCongestionCondition,EvenPaceStyle
1.5,25.22015953,11.34531871,139.8542638,-0.45035935,0.543,0.0,1731.0,16.38999939,-0.297,15.255826,SmoothCondition,LowCongestionCondition,EvenPaceStyle
1.7000122,20.04101944,12.44119471,137.8956937,-1.80144119,0.859,8.235294342,1346.0,14.13000011,-0.391,15.41102886,SmoothCondition,LowCongestionCondition,EvenPaceStyle
1.40002441,18.23958015,12.74518771,135.7481215,-1.80143929,0.902,20.0,1331.0,10.52999973,-0.371,15.42855263,SmoothCondition,LowCongestionCondition,EvenPaceStyle
0.40002442,18.01440048,13.65341372,128.1435351,-0.22517967,0.969,0.0,1294.0,12.38000011,-0.43,15.45840836,SmoothCondition,LowCongestionCondition,EvenPaceStyle
0.09997559,17.11367989,13.93864172,125.1041526,-0.90072059,1.01,7.058823586,1133.0,9.390000343,-0.445,15.49880409,SmoothCondition,LowCongestionCondition,EvenPaceStyle
-0.09997559,14.63669968,14.18258672,121.7589154,-2.47698021,0.918,37.64706039,989.0,9.149999619,-0.43,15.57361507,SmoothCondition,LowCongestionCondition,EvenPaceStyle
-0.90002442,14.8618803,14.65921772,114.7205889,1.12590027,0.988,10.58823586,1019.0,5.5,-0.352,15.63851357,SmoothCondition,LowCongestionCondition,EvenPaceStyle
-0.79998779,14.18633938,14.89565671,111.0252795,-0.67554092,1.07,25.09803963,944.0,5.159999847,-0.422,15.64745426,SmoothCondition,LowCongestionCondition,EvenPaceStyle
-0.7000122,11.48418045,15.08705972,107.4245927,-2.70215893,1.15,24.70588303,869.0,5.0,-0.477,15.65668011,SmoothCondition,LowCongestionCondition,EvenPaceStyle
-0.09997559,10.13309956,15.25594471,103.953593,-1.35108089,1.16,25.09803963,871.0,4.949999809,-0.473,15.67193699,SmoothCondition,LowCongestionCondition,EvenPaceStyle
1.0,20.04101944,23.69644131,399.2599151,-7.88129997,0.691,0.0,1455.0,14.82999992,-0.27,13.7163763,SmoothCondition,LowCongestionCondition,EvenPaceStyle
-1.20001221,15.76259995,21.20069636,342.8790336,4.95395947,0.898,63.92156982,1065.0,11.36999989,-0.238,13.94264984,SmoothCondition,LowCongestionCondition,AggressiveStyle
-1.19995118,20.94173813,19.9734654,302.7344266,5.17913818,0.914,26.66666794,1700.0,18.09000015,-0.195,14.17506981,SmoothCondition,LowCongestionCondition,AggressiveStyle
-1.20001221,22.9683609,19.4480454,282.408468,2.02662277,0.883,23.52941132,1794.0,12.60000038,-0.281,14.24294281,SmoothCondition,LowCongestionCondition,AggressiveStyle
-1.79998779,23.86907959,18.42722939,240.6115701,0.22517967,0.863,21.96078491,2004.0,12.46000004,-0.266,14.39936066,SmoothCondition,LowCongestionCondition,AggressiveStyle
-2.5,25.22015953,17.95810438,220.4777646,1.35107994,0.844,21.56862831,2116.0,14.05000019,-0.23,14.46487236,SmoothCondition,LowCongestionCondition,AggressiveStyle
-3.09997559,30.39929962,17.5903104,202.7795849,5.17914009,0.824,24.70588303,2242.0,16.03000069,-0.199,14.52899456,SmoothCondition,LowCongestionCondition,AggressiveStyle
-2.0,33.55181885,16.98607743,173.6404195,3.15251923,0.746,21.56862831,2436.0,18.19000053,-0.152,14.66399384,SmoothCondition,LowCongestionCondition,AggressiveStyle
-2.09997558,34.67771912,16.78341543,163.1504588,1.57625962,0.539,4.705882549,1691.0,21.07999992,-0.043,14.88898182,SmoothCondition,LowCongestionCondition,AggressiveStyle
-2.0,35.12807465,16.87724036,166.1050851,0.45035553,0.348,66.27451324,1734.0,20.52000046,-0.0312,14.96545124,SmoothCondition,LowCongestionCondition,AggressiveStyle
-1.20001221,41.65829849,17.60907535,182.3901002,4.27841949,0.133,3.529411793,1878.0,23.39999962,0.0625,15.18405056,SmoothCondition,LowCongestionCondition,AggressiveStyle
-0.90002441,44.13527679,18.22832029,192.0115678,2.4769783,0.164,2.352941275,1858.0,21.18000031,0.148,15.2859869,SmoothCondition,LowCongestionCondition,AggressiveStyle
-1.79998779,42.78419876,19.58690623,203.5159339,-1.35107803,0.0781,8.235294342,1811.0,13.77999973,0.125,15.3433485,SmoothCondition,LowCongestionCondition,AggressiveStyle
-3.39996338,41.88347626,20.28496416,204.9439516,-0.9007225,0.207,1.176470637,1788.0,18.69000053,0.0078,15.32127094,SmoothCondition,LowCongestionCondition,EvenPaceStyle
-4.10003662,40.98275757,20.96801012,204.7562528,-0.90071869,0.316,1.568627477,1746.0,18.30999947,-0.0508,15.30780983,SmoothCondition,LowCongestionCondition,EvenPaceStyle
-5.0,29.94893837,24.05297605,181.0230831,-5.40432167,1.12,14.11764717,1006.0,11.32999992,-0.469,15.22113514,SmoothCondition,LowCongestionCondition,EvenPaceStyle
-3.5,16.21295929,24.73602201,161.9874098,-8.55683899,1.43,22.35294151,891.0,5.050000191,-0.644,15.14778519,SmoothCondition,LowCongestionCondition,AggressiveStyle
-1.90002441,8.556839943,24.87863601,156.0327458,-7.656119347,1.55,23.52941132,851.0,5.409999847,-0.684,15.1785202,SmoothCondition,LowCongestionCondition,AggressiveStyle
-1.79998779,4.953959465,24.961202,152.2638844,-3.602880478,1.61,23.92156982,794.0,4.869999886,-0.707,15.2137413,SmoothCondition,LowCongestionCondition,AggressiveStyle
0.7000122,26.57123947,21.7035985,25.73132032,1.57625961,-0.3984,26.66666794,2060.0,28.37999916,0.3359,17.44908333,SmoothCondition,LowCongestionCondition,EvenPaceStyle
0.9000244,28.37267876,21.8574715,26.34971884,1.80143929,-0.3945,18.8235302,2108.0,23.52000046,0.3828,17.47006416,SmoothCondition,LowCongestionCondition,EvenPaceStyle
0.7999878,29.04821777,21.98132044,27.20952946,0.67553901,-0.3281,18.03921509,2101.0,23.28000069,0.3359,17.48518181,SmoothCondition,LowCongestionCondition,EvenPaceStyle
1.2000122,29.94893837,22.04887441,28.02116933,0.9007206,-0.2969,16.47058868,2091.0,22.85000038,0.332,17.49714088,SmoothCondition,LowCongestionCondition,EvenPaceStyle
1.2999878,29.49857903,22.08640439,28.50244666,-0.45035934,-0.2109,8.235294342,1995.0,20.53000069,0.3281,17.50059509,SmoothCondition,LowCongestionCondition,EvenPaceStyle
1.1999512,28.37267876,22.10516936,28.72052526,-1.12590027,-0.1406,0.0,1863.0,21.82999992,0.2852,17.51211929,SmoothCondition,LowCongestionCondition,EvenPaceStyle
1.8999634,22.29281998,22.0788984,28.64705893,-1.80143928,-0.1992,22.35294151,1431.0,16.05999947,0.3867,17.55865669,SmoothCondition,LowCongestionCondition,EvenPaceStyle
1.7000122,20.04101944,22.03010937,28.701618,-2.25180054,-0.3203,11.76470566,1445.0,13.77999973,0.2734,17.62194443,SmoothCondition,LowCongestionCondition,EvenPaceStyle
1.2999878,20.26619911,21.96630837,28.67799818,0.22517967,-0.3125,8.627450943,1324.0,14.07999992,0.2578,17.66781425,SmoothCondition,LowCongestionCondition,EvenPaceStyle
1.0,18.46475983,21.85747137,28.71829075,-1.80143928,-0.3164,1.960784316,1204.0,10.60000038,0.1328,17.68599892,SmoothCondition,LowCongestionCondition,EvenPaceStyle
-0.2999878,14.8618803,21.51594834,29.01317355,-2.70215702,0.0234,23.92156982,880.0,8.670000076,-0.0234,17.73357582,SmoothCondition,LowCongestionCondition,EvenPaceStyle
-0.0999756,11.25899982,21.24573234,30.12079924,-3.60288048,0.0586,26.66666794,854.0,8.619999886,-0.1094,17.81006622,SmoothCondition,LowCongestionCondition,EvenPaceStyle
-0.5,9.90791893,20.94549233,31.45233406,-1.35108089,0.0937,24.70588303,832.0,8.5,-0.1211,17.89743423,SmoothCondition,LowCongestionCondition,AggressiveStyle
-2.2000122,6.980579853,16.14540539,97.79611603,6.980579853,-0.2929,37.64706039,1624.0,13.5,0.2227,17.98051453,SmoothCondition,LowCongestionCondition,EvenPaceStyle
-2.0999756,14.18633938,15.74383442,97.64140534,2.92733956,-0.7421,58.4313736,1269.0,15.89000034,0.6172,18.25130844,SmoothCondition,LowCongestionCondition,EvenPaceStyle
-2.2000122,18.01440048,15.71005744,97.41464633,3.8280611,-0.8671,42.35294342,1587.0,20.70000076,0.6601,18.3530426,SmoothCondition,LowCongestionCondition,EvenPaceStyle
-2.0,30.17411804,16.74588539,103.1721016,1.5762577,-1.121,9.019607544,2075.0,19.04999924,0.7773,18.73383331,SmoothCondition,LowCongestionCondition,AggressiveStyle
0.2000122,27.02159882,17.07614937,103.3082344,-3.15251922,-1.0116,11.76470566,1935.0,17.71999931,0.7539,18.82443237,SmoothCondition,LowCongestionCondition,AggressiveStyle
-0.2999878,26.57123947,17.34261238,104.0496167,-0.45035935,-0.9491,1.960784316,1854.0,17.72999954,0.7304,18.92175865,SmoothCondition,LowCongestionCondition,AggressiveStyle
-0.3999634,27.92231941,17.60532238,105.4212578,1.35107994,-0.8827,0.0,1708.0,19.01000023,0.7461,19.01757622,SmoothCondition,LowCongestionCondition,AggressiveStyle
-1.0999756,27.69713783,17.92808039,108.2136988,1.12589836,-0.871,7.843137264,1508.0,15.73999977,0.6758,19.22252655,SmoothCondition,LowCongestionCondition,AggressiveStyle
-2.0999756,26.12088013,18.04067038,109.9927067,-2.25179863,-0.8632,0.0,2008.0,23.82999992,0.4883,19.7706356,SmoothCondition,LowCongestionCondition,EvenPaceStyle
-1.7000122,22.29281998,18.0068934,109.629815,-3.82806015,-0.8085,40.7843132,1574.0,15.93000031,0.5078,19.85509109,SmoothCondition,LowCongestionCondition,EvenPaceStyle
-1.4000244,24.31943893,18.05943542,110.1228381,2.02661895,-0.7734,29.80392265,1865.0,26.04000092,0.3633,20.05163765,SmoothCondition,LowCongestionCondition,EvenPaceStyle
-0.7000122,26.3460598,18.15701344,111.1767789,2.02662087,-0.7109,27.45098114,1956.0,28.56999969,0.332,20.1408844,SmoothCondition,LowCongestionCondition,EvenPaceStyle
-0.2999878,27.47196007,18.25834445,112.4595988,1.12590027,-0.582,24.70588303,2051.0,29.0,0.3242,20.22179985,SmoothCondition,LowCongestionCondition,EvenPaceStyle
-0.2000122,29.49857903,18.51354846,116.0121151,0.90071869,-0.5312,18.4313736,2077.0,20.40999985,0.3398,20.32967758,SmoothCondition,LowCongestionCondition,EvenPaceStyle
-0.3999634,29.27339935,18.61112647,117.5569018,-0.22517968,-0.4804,18.03921509,2043.0,22.37999916,0.289,20.3803997,SmoothCondition,LowCongestionCondition,EvenPaceStyle
-0.4000244,28.82304001,18.69369248,118.8489031,-0.45035934,-0.5039,17.64705849,2028.0,21.68000031,0.3867,20.42562485,SmoothCondition,LowCongestionCondition,EvenPaceStyle
-0.3999634,27.92231941,18.82129445,120.8836754,-1.12589836,-0.6601,18.8235302,1979.0,22.29000092,0.4883,20.52586365,SmoothCondition,LowCongestionCondition,EvenPaceStyle
-0.5,27.02159882,18.85507144,121.3762542,-0.90072059,-0.7461,20.3921566,1974.0,22.06999969,0.5195,20.58599472,SmoothCondition,LowCongestionCondition,EvenPaceStyle
-1.9000244,27.92231941,18.85882446,121.4188105,0.67553901,-1.0351,24.31372643,2069.0,26.07999992,0.5898,20.71217346,SmoothCondition,LowCongestionCondition,EvenPaceStyle
-2.2999878,30.17411804,18.8588245,121.4274054,1.35107803,-0.9062,23.92156982,2193.0,27.27000046,0.5703,20.90623856,SmoothCondition,LowCongestionCondition,EvenPaceStyle
-1.7999878,30.62447739,18.87758947,121.8546102,0.45035935,-0.8203,23.13725471,2254.0,27.90999985,0.5039,21.01738739,SmoothCondition,LowCongestionCondition,EvenPaceStyle
-1.5999756,31.75038147,18.93388451,123.1319306,1.12590408,-0.707,20.0,2266.0,26.21999931,0.5195,21.11498451,SmoothCondition,LowCongestionCondition,EvenPaceStyle
-1.2999878,32.200737,19.00519147,124.7406142,0.45035553,-0.7382,14.50980377,2229.0,23.62000084,0.5742,21.17189598,SmoothCondition,LowCongestionCondition,EvenPaceStyle
-1.0,31.97555923,19.13654647,127.1354715,-0.22517777,-0.7148,5.09803915,2109.0,22.94000053,0.6328,21.21166801,SmoothCondition,LowCongestionCondition,EvenPaceStyle
-0.5,30.39929962,19.27165447,129.0980528,-1.57625961,-0.5156,1.176470637,1982.0,21.39999962,0.5547,21.25782013,SmoothCondition,LowCongestionCondition,EvenPaceStyle
1.5,25.67051888,19.50809347,131.2546492,-3.15252113,-0.3711,0.0,1793.0,17.57999992,0.6211,21.37026978,SmoothCondition,LowCongestionCondition,EvenPaceStyle
3.5,19.36548042,19.75579151,131.2321322,-2.92733956,-0.1875,12.54901981,1237.0,12.98999977,0.5039,21.56982422,SmoothCondition,LowCongestionCondition,EvenPaceStyle
4.0,18.91511917,19.8833935,130.0039004,-0.45036125,-0.1562,0.392156869,1148.0,11.97999954,0.4258,21.6295433,SmoothCondition,LowCongestionCondition,EvenPaceStyle
4.4000244,16.43813896,19.9922305,128.5064251,-2.47698021,-0.0937,20.3921566,1000.0,8.520000458,0.3359,21.66900063,SmoothCondition,LowCongestionCondition,EvenPaceStyle
4.5,14.63669968,20.1085735,126.3994748,-1.80143928,0.043,23.13725471,889.0,8.739999771,0.1602,21.74472618,SmoothCondition,LowCongestionCondition,EvenPaceStyle
4.2000122,8.782018661,20.19864548,123.8212025,-5.854681019,0.1719,26.27450943,869.0,8.710000038,0.1172,21.85369873,SmoothCondition,LowCongestionCondition,AggressiveStyle
0.3999634,6.305039883,4.387256869,81.26456365,6.305039883,-0.5312,43.92156982,2008.0,21.56999969,0.4492,22.47628021,SmoothCondition,LowCongestionCondition,EvenPaceStyle
-0.2000122,21.1669178,3.910625847,62.58321474,8.55683803,-0.8163,76.86274719,1389.0,18.63999939,0.5742,22.76593399,SmoothCondition,LowCongestionCondition,EvenPaceStyle
-0.4000244,27.47196007,3.888107848,61.47266672,6.30504227,-0.8241,48.62745285,1822.0,29.70000076,0.6797,22.92024994,SmoothCondition,LowCongestionCondition,EvenPaceStyle
-0.5,32.42591858,4.000697843,67.22135521,4.95395851,-1.0467,45.88235474,2184.0,40.61999893,0.6406,23.09111404,SmoothCondition,LowCongestionCondition,AggressiveStyle
-0.7000122,36.25397873,4.203359834,77.96811122,3.82806015,-1.0701,35.29411697,2512.0,31.42000008,0.6289,23.23692322,SmoothCondition,LowCongestionCondition,AggressiveStyle
-0.9000244,37.379879,4.73628579,104.3031031,1.12590027,-1.2576,72.94117737,1847.0,24.27000046,0.6953,23.46591568,SmoothCondition,LowCongestionCondition,AggressiveStyle
-1.7999878,44.36046219,5.558192865,145.9448352,4.05324173,-1.5427,52.54901886,2139.0,35.81999969,0.8788,23.72831345,SmoothCondition,LowCongestionCondition,AggressiveStyle
-2.0999756,47.5129776,6.106130831,174.0765388,3.15251541,-1.5466,49.80392075,2265.0,35.61999893,0.8398,23.89835358,SmoothCondition,LowCongestionCondition,AggressiveStyle
-1.7000122,50.89067459,6.807941763,207.4484485,3.37769699,-1.6755,46.27450943,2384.0,33.27999878,0.8554,24.01529312,SmoothCondition,LowCongestionCondition,AggressiveStyle
-2.1000366,55.61945724,8.410472711,282.1435129,2.02661895,-1.6989,15.68627453,2509.0,36.34999847,0.7421,24.24720764,SmoothCondition,LowCongestionCondition,AggressiveStyle
-2.0999756,57.87125778,9.333710679,322.1438657,2.25180054,-1.6872,17.64705849,2503.0,27.98999977,0.7538,24.38539886,SmoothCondition,LowCongestionCondition,AggressiveStyle
-2.2000122,57.64608002,10.29447868,359.2893296,-0.22517776,-1.6638,15.68627453,2474.0,29.17000008,0.7421,24.47315025,SmoothCondition,LowCongestionCondition,AggressiveStyle
-1.9000244,56.97053528,12.2047556,426.9152,-0.67554474,-1.6794,23.92156982,2514.0,35.11999893,0.8437,24.54653549,SmoothCondition,LowCongestionCondition,AggressiveStyle
-1.2000122,58.99715805,14.16006858,491.1353211,0.67553711,-1.4412,39.60784531,2541.0,34.43999863,0.6913,24.63609505,SmoothCondition,LowCongestionCondition,EvenPaceStyle
3.5,30.62447739,18.02941145,94.48143092,-1.35108184,0.1172,0.0,1209.0,7.610000134,0.0508,23.31203842,SmoothCondition,LowCongestionCondition,EvenPaceStyle
2.5,24.09425926,18.43098243,89.43138256,-6.53021813,0.332,24.70588303,926.0,8.890000343,-0.0234,23.33181953,SmoothCondition,LowCongestionCondition,EvenPaceStyle
2.5999756,14.41152,18.65240943,84.57966063,-9.68273926,0.3945,29.80392265,924.0,7.409999847,-0.0312,23.50277138,SmoothCondition,LowCongestionCondition,EvenPaceStyle
3.7999878,8.556839943,18.76499943,81.48143626,-5.854680057,0.332,34.50980377,1006.0,10.72000027,0.1328,23.74117851,SmoothCondition,LowCongestionCondition,AggressiveStyle
3.0,6.305039883,18.84381243,79.09881148,-2.25180006,0.2304,51.37255096,1576.0,19.12999916,0.1836,23.98694801,SmoothCondition,LowCongestionCondition,AggressiveStyle
1.0999756,6.755399704,18.92262543,76.77574485,0.450359821,0.207,43.52941132,2073.0,26.29999924,0.0937,24.22694206,SmoothCondition,LowCongestionCondition,AggressiveStyle
0.6999512,13.96115971,19.26039542,69.32023954,1.35107994,0.0117,82.35294342,1316.0,15.40999985,0.1172,24.32658958,SmoothCondition,LowCongestionCondition,AggressiveStyle
-0.3000488,18.6899395,19.50058742,65.46268531,4.72877979,-0.1172,72.15686035,1578.0,20.47999954,0.0898,24.40558434,SmoothCondition,LowCongestionCondition,AggressiveStyle
-0.5,23.19353867,19.7895684,62.45279527,4.50359917,-0.125,63.52941132,1848.0,26.42000008,0.1211,24.50742912,SmoothCondition,LowCongestionCondition,AggressiveStyle
-0.0999756,26.12088013,20.33750638,58.45028506,2.92734146,-0.0469,14.11764717,1866.0,19.29999924,0.0469,24.4947567,SmoothCondition,LowCongestionCondition,AggressiveStyle
-0.6000366,19.14029884,20.70905338,56.18222166,-6.98058129,0.2851,7.058823586,1122.0,7.019999981,-0.0195,24.18769646,SmoothCondition,LowCongestionCondition,AggressiveStyle
-0.5999756,13.06044006,20.6752764,56.63689983,-6.07985878,0.4374,23.52941132,942.0,7.5,-0.082,24.16321564,SmoothCondition,LowCongestionCondition,AggressiveStyle
-1.9000244,7.430940151,20.52890941,59.25070951,-5.629499909,0.5312,29.41176605,879.0,7.360000134,-0.1055,24.33354568,SmoothCondition,LowCongestionCondition,AggressiveStyle
-0.9000244,8.556839943,18.62989145,100.8377322,8.556839943,-0.539,6.666666985,1145.0,11.56000042,0.3164,24.78903008,SmoothCondition,LowCongestionCondition,AggressiveStyle
0.5999756,13.51079941,18.61487944,100.9800529,4.953959467,-0.5468,85.88235474,1241.0,14.28999996,0.3594,24.82460403,SmoothCondition,LowCongestionCondition,AggressiveStyle
0.2000122,16.88849831,18.63739742,100.869531,3.3776989,-0.6796,73.72549438,1528.0,19.65999985,0.4336,24.88885307,SmoothCondition,LowCongestionCondition,EvenPaceStyle
0.2999878,19.81583786,18.6974454,100.7897764,2.92733955,-0.6874,69.01960754,1848.0,27.79999924,0.418,24.98386955,SmoothCondition,LowCongestionCondition,EvenPaceStyle
-0.2000122,23.86907959,18.8062824,101.1997648,4.05324173,-0.6523,50.98039246,2134.0,33.88999939,0.4062,25.08922386,SmoothCondition,LowCongestionCondition,AggressiveStyle
-0.1000366,29.49857903,18.97141438,103.0993214,5.62949944,-0.6718,4.313725471,1320.0,14.89999962,0.3242,24.90947914,SmoothCondition,LowCongestionCondition,AggressiveStyle
-0.5,32.42591858,19.15155834,106.0158632,2.92733955,-0.7148,80.39215851,1419.0,17.38999939,0.3476,24.77845955,SmoothCondition,LowCongestionCondition,AggressiveStyle
-0.3000488,32.200737,19.32794928,108.7672945,-0.22518158,-0.7655,76.86274719,1516.0,19.48999977,0.3398,24.6747818,SmoothCondition,LowCongestionCondition,AggressiveStyle
-0.2000122,33.77699661,19.54937624,112.2330506,1.57625961,-0.9023,54.50980377,1599.0,19.06999969,0.4023,24.54272652,SmoothCondition,LowCongestionCondition,EvenPaceStyle
-0.3999634,36.70433807,19.84961622,117.1168716,2.92734146,-1.1171,42.74509811,1618.0,14.68000031,0.4453,24.27693939,SmoothCondition,LowCongestionCondition,EvenPaceStyle
-1.5999756,37.83023834,20.22866921,122.0660233,1.12590027,-1.3241,47.05882263,1693.0,17.95999908,0.5508,24.10876656,SmoothCondition,LowCongestionCondition,EvenPaceStyle
-1.5,38.73096085,20.72031222,125.5730343,0.90072251,-1.578,48.23529434,1743.0,23.73999977,0.664,24.036623,SmoothCondition,LowCongestionCondition,EvenPaceStyle
-0.9000244,39.85686111,21.24948525,128.798412,1.12590026,-1.7498,63.92156982,1847.0,28.05999947,0.7773,24.00544357,SmoothCondition,LowCongestionCondition,EvenPaceStyle
-0.2000122,43.45973969,21.80117624,134.8393489,3.60287858,-1.785,61.96078491,1960.0,32.22000122,0.793,23.99574089,SmoothCondition,LowCongestionCondition,EvenPaceStyle
-0.0999756,44.13527679,22.3416082,141.2705908,0.6755371,-1.8787,58.03921509,2065.0,35.38000107,0.8476,24.00013733,SmoothCondition,LowCongestionCondition,EvenPaceStyle
0.1999512,43.91009903,22.84075719,147.7115891,-0.22517776,-1.9256,54.11764908,2140.0,24.53000069,0.9023,23.86549568,SmoothCondition,LowCongestionCondition,EvenPaceStyle
-0.1999512,48.18851852,23.33990616,157.989372,4.27841949,-1.9686,43.13725662,2193.0,22.03000069,0.9258,23.68275642,SmoothCondition,LowCongestionCondition,EvenPaceStyle
-1.2000122,52.01657867,23.87283215,171.4542582,3.82806015,-1.8592,39.60784531,2237.0,22.67000008,0.914,23.51076698,SmoothCondition,LowCongestionCondition,EvenPaceStyle
-1.2999878,52.91730118,24.37948717,185.4600828,0.90072251,-1.742,40.0,2277.0,23.73999977,1.1327,23.35608292,SmoothCondition,LowCongestionCondition,EvenPaceStyle
-0.7000122,53.14247894,25.31773724,212.3712369,0.22517776,-1.5741,40.0,2342.0,20.53000069,1.1015,22.998209,SmoothCondition,LowCongestionCondition,EvenPaceStyle
-0.5,54.94392014,26.23346927,240.0552425,1.12590027,-1.4765,66.66666412,1759.0,25.02000046,0.9452,22.68489265,SmoothCondition,LowCongestionCondition,EvenPaceStyle
-0.4000244,58.77198029,27.62207922,285.749395,2.02662278,-1.25,39.2156868,1890.0,19.55999947,0.871,22.2360878,SmoothCondition,LowCongestionCondition,EvenPaceStyle
0.7999878,60.12305832,28.12122823,303.2892553,1.35107803,-1.1171,21.17647171,1874.0,16.85000038,0.7968,21.9251461,SmoothCondition,LowCongestionCondition,EvenPaceStyle
1.1999512,59.89787674,28.62788319,320.1105492,-0.22518158,-0.9961,0.0,1821.0,19.04999924,0.7538,21.7013588,SmoothCondition,LowCongestionCondition,EvenPaceStyle
-0.2000122,52.6921196,30.24917909,366.5713656,-3.15251922,-0.5742,15.29411793,1609.0,12.98999977,0.6327,20.84109497,SmoothCondition,LowCongestionCondition,EvenPaceStyle
-1.2000122,51.34103775,30.5681841,373.9434346,-1.35108185,-0.418,2.352941275,1559.0,15.05000019,0.5195,20.63051414,SmoothCondition,LowCongestionCondition,EvenPaceStyle
-1.3999634,50.21513748,30.89844806,380.3744481,-1.12590027,-0.2383,0.0,1448.0,13.82999992,0.3749,20.41904449,SmoothCondition,LowCongestionCondition,EvenPaceStyle
-1.0,45.9367218,31.86672212,394.4421924,0.67554474,0.1172,41.5686264,1194.0,12.43999958,0.2304,19.70031166,SmoothCondition,LowCongestionCondition,EvenPaceStyle
-1.0999756,38.50577927,32.56102709,390.1359759,-3.15251922,0.1094,4.313725471,1161.0,10.56999969,-0.043,19.34549713,SmoothCondition,LowCongestionCondition,EvenPaceStyle
0.0999756,36.02880096,33.51804209,368.1890745,-0.22517777,0.1523,60.7843132,1176.0,12.92000008,-0.0156,19.10308838,SmoothCondition,LowCongestionCondition,EvenPaceStyle
0.2999878,37.379879,34.4187621,348.1748031,1.35107804,0.2695,68.62744904,1235.0,13.78999996,0.0195,18.89261627,SmoothCondition,LowCongestionCondition,EvenPaceStyle
0.2000122,38.50577927,34.82783909,341.1942875,1.12590027,0.2851,64.70588684,1262.0,14.47000027,0.0547,18.8012867,SmoothCondition,LowCongestionCondition,EvenPaceStyle
-0.7000122,40.08203888,35.18437408,337.1188261,1.57625961,0.2578,62.74509811,1298.0,14.93999958,0.0781,18.71409798,SmoothCondition,LowCongestionCondition,EvenPaceStyle
-0.5999756,42.78419876,35.81863108,333.5251286,1.12590027,0.0508,62.35294342,1359.0,15.86999989,0.207,18.55547142,SmoothCondition,LowCongestionCondition,EvenPaceStyle
0.0999756,40.53239822,36.05882304,332.2490557,-2.25180054,-0.0781,60.7843132,1395.0,16.44000053,0.2539,18.47515678,SmoothCondition,LowCongestionCondition,EvenPaceStyle
0.2000122,42.3338356,36.32903897,331.1682434,1.80143738,-0.1016,58.8235321,1435.0,17.02000046,0.2617,18.39966011,SmoothCondition,LowCongestionCondition,EvenPaceStyle
0.1000366,43.68492126,36.73811601,326.9074904,1.35108566,-0.1758,56.86274719,1467.0,15.52999973,0.2773,18.2997303,SmoothCondition,LowCongestionCondition,EvenPaceStyle
-2.2000122,61.24895477,48.24856675,216.8995419,0.0,-0.4336,0.0,1749.0,21.29999924,0.3125,12.91413879,SmoothCondition,LowCongestionCondition,EvenPaceStyle
-1.7999878,54.94392014,49.01417875,190.9634946,-6.30503463,-0.5312,53.72549057,1784.0,25.94000053,0.4062,12.88933659,SmoothCondition,LowCongestionCondition,EvenPaceStyle
-1.4000244,57.19572067,49.88112176,158.7657251,2.25180053,-0.6758,70.98039246,1862.0,31.68000031,0.4219,12.87168121,SmoothCondition,LowCongestionCondition,EvenPaceStyle
-1.9000244,59.22233582,50.6992757,132.7859024,2.02661515,-0.7734,60.0,1927.0,31.21999931,0.3828,12.84875107,SmoothCondition,LowCongestionCondition,EvenPaceStyle
-2.4000244,61.24895477,52.23425255,87.75747129,2.02661895,-0.7187,25.88235283,1980.0,28.11000061,0.3125,12.78342533,SmoothCondition,LowCongestionCondition,EvenPaceStyle
-2.7000122,62.60003281,52.97359343,69.43567727,1.35107804,-0.6836,29.01960754,1993.0,28.28000069,0.3281,12.77892017,SmoothCondition,LowCongestionCondition,EvenPaceStyle
-2.6999512,62.8252182,54.68871454,42.10227991,-0.67554474,-0.5664,26.66666794,2008.0,29.31999969,0.2969,12.74722385,SmoothCondition,LowCongestionCondition,EvenPaceStyle
-2.3999634,64.17630005,55.13532155,38.34721248,1.35108185,-0.5117,38.4313736,2028.0,29.54000092,0.2422,12.75675964,SmoothCondition,LowCongestionCondition,EvenPaceStyle
-2.4000244,64.85183716,55.56691653,35.3212508,0.67553711,-0.3867,25.49019623,2035.0,28.42000008,0.2734,12.75305176,SmoothCondition,LowCongestionCondition,EvenPaceStyle
-2.2000122,63.50076294,56.85794856,30.72699722,-1.35107422,-0.168,0.0,1964.0,20.81999969,0.1836,12.61125469,SmoothCondition,LowCongestionCondition,EvenPaceStyle
-0.7999878,48.18851852,57.41339258,30.47340938,0.67554092,0.7851,11.76470566,1326.0,14.22000027,0.3242,12.4919672,SmoothCondition,LowCongestionCondition,EvenPaceStyle
-0.4000244,43.00937653,57.17695351,33.93229228,-5.17914199,0.7695,8.627450943,1284.0,12.10000038,0.2383,12.46122169,SmoothCondition,LowCongestionCondition,EvenPaceStyle
-0.2000122,38.05541992,56.49766057,44.73595853,-1.5762558,0.7578,31.37254906,1270.0,14.39000034,0.2656,12.48514843,SmoothCondition,LowCongestionCondition,EvenPaceStyle
-0.5,36.70433807,56.12611357,51.12994662,-1.35108185,0.8203,9.8039217,1250.0,13.64000034,0.1679,12.48902416,SmoothCondition,LowCongestionCondition,EvenPaceStyle
0.0,38.95613861,55.78083757,55.79226597,2.25180054,1.0195,0.0,1110.0,9.850000381,0.0273,12.47298717,SmoothCondition,LowCongestionCondition,EvenPaceStyle
0.2999878,38.50577927,55.42430261,60.43380151,-0.45035934,1.1679,17.64705849,968.0,9.680000305,-0.082,12.47129059,SmoothCondition,LowCongestionCondition,EvenPaceStyle
0.2000122,31.3000164,54.97018957,69.92292158,-7.20576287,1.1093,22.35294151,945.0,9.630000114,-0.125,12.48448658,SmoothCondition,LowCongestionCondition,EvenPaceStyle
-0.0999756,27.02159882,54.45602859,82.75081713,-4.27841758,1.1562,18.4313736,910.0,9.149999619,-0.1094,12.52301311,SmoothCondition,LowCongestionCondition,EvenPaceStyle
0.2000122,20.04101944,53.2700806,116.9270246,-3.82806015,1.0273,21.17647171,953.0,9.359999657,0.0117,12.57222748,SmoothCondition,LowCongestionCondition,EvenPaceStyle
0.4000244,22.0676384,52.02033167,149.6042694,2.02661896,0.8749,39.2156868,1880.0,26.21999931,0.0742,12.66817856,SmoothCondition,LowCongestionCondition,EvenPaceStyle
0.7000122,25.67051888,51.55495968,161.1101269,3.60288048,0.7773,33.72549057,2038.0,29.48999977,0.0039,12.74175739,SmoothCondition,LowCongestionCondition,EvenPaceStyle
0.6999512,29.04821777,51.17215366,169.5431424,3.37769889,0.6054,30.58823586,2189.0,28.87999916,0.0937,12.79054165,SmoothCondition,LowCongestionCondition,EvenPaceStyle
0.3999634,32.65110016,50.8231247,175.1339972,3.60288239,0.457,30.19607925,2326.0,28.95999908,0.1836,12.84595394,SmoothCondition,LowCongestionCondition,EvenPaceStyle
1.0999756,35.35326004,50.16634973,184.0630558,2.70215988,0.3671,9.019607544,2358.0,23.95000076,0.1914,12.93968105,SmoothCondition,LowCongestionCondition,AggressiveStyle
1.5,33.55181885,49.8623567,188.6030073,-1.80144119,0.2226,10.58823586,2272.0,22.87000084,0.1289,12.97880459,SmoothCondition,LowCongestionCondition,AggressiveStyle
1.7000122,31.3000164,49.56962264,194.3389782,-2.25180245,0.246,10.98039246,2203.0,21.96999931,0.1562,13.01717091,SmoothCondition,LowCongestionCondition,AggressiveStyle
2.4000244,27.92231941,49.29190064,201.7819932,-3.37769699,0.125,10.1960783,2128.0,21.76000023,-0.0078,13.05438232,SmoothCondition,LowCongestionCondition,AggressiveStyle
2.1000366,18.6899395,47.28029277,252.6775537,-3.60288048,0.207,43.13725662,1271.0,15.47999954,0.1289,13.23584938,SmoothCondition,LowCongestionCondition,AggressiveStyle
1.4000244,19.5906601,46.69857775,264.4467228,0.9007206,-0.0078,62.74509811,1548.0,20.37999916,0.2969,13.28026104,SmoothCondition,LowCongestionCondition,AggressiveStyle
1.1999512,22.9683609,46.15814584,272.4125538,3.3777008,-0.0625,49.41176605,1827.0,25.69000053,0.3633,13.33519554,SmoothCondition,LowCongestionCondition,AggressiveStyle
0.7999878,24.99497986,45.59519583,276.9846896,2.02661896,-0.0781,39.2156868,2014.0,29.42000008,0.3476,13.42771339,SmoothCondition,LowCongestionCondition,AggressiveStyle
0.2000122,27.92231941,45.0322458,277.5605019,2.92733955,0.0391,22.35294151,2098.0,25.97999954,0.2969,13.47773361,SmoothCondition,LowCongestionCondition,AggressiveStyle
0.0999756,29.94893837,43.92886368,275.334245,2.02661896,-0.0664,58.03921509,1321.0,15.77000046,0.3554,13.53765297,SmoothCondition,LowCongestionCondition,AggressiveStyle
-0.1999512,30.39929962,42.85550556,269.0435975,0.45036125,0.0195,23.92156982,1401.0,15.5,0.3086,13.5873661,SmoothCondition,LowCongestionCondition,AggressiveStyle
-0.6000366,30.17411804,42.33383859,265.6170889,-0.22518158,0.0977,14.50980377,1372.0,13.21000004,0.2422,13.61531353,SmoothCondition,LowCongestionCondition,AggressiveStyle
-0.3000488,31.3000164,41.83468962,261.3630995,1.12589836,0.0625,0.0,1313.0,12.5,0.1367,13.63302803,SmoothCondition,LowCongestionCondition,AggressiveStyle
-0.5,30.84966087,41.32803472,256.7589506,-0.45035553,0.0352,13.72549057,1276.0,14.40999985,0.1758,13.66419983,SmoothCondition,LowCongestionCondition,AggressiveStyle
-1.7000122,32.42591858,40.95273469,254.8166511,1.57625771,0.0547,27.05882454,1222.0,13.90999985,0.1914,13.71082306,SmoothCondition,LowCongestionCondition,EvenPaceStyle
-2.1000366,30.39929962,40.50612768,252.0297516,-2.02661896,0.1055,0.0,1227.0,11.32999992,0.2617,13.71664524,SmoothCondition,LowCongestionCondition,EvenPaceStyle
-2.6000366,24.31943893,38.23556296,232.8245669,-1.12589837,0.0,11.76470566,937.0,9.420000076,0.3203,13.86772442,SmoothCondition,LowCongestionCondition,EvenPaceStyle
-2.2999878,21.1669178,37.52999887,226.4370936,-3.15252113,-0.1055,24.70588303,901.0,9.119999886,0.3867,13.89444447,SmoothCondition,LowCongestionCondition,EvenPaceStyle
-2.1999512,20.71656036,36.81692883,219.2795172,-0.45035744,-0.1641,0.0,1317.0,14.14999962,0.3906,13.94517899,SmoothCondition,LowCongestionCondition,EvenPaceStyle
-1.8999634,18.6899395,36.08134085,212.8336061,-2.02662086,-0.1719,25.88235283,1351.0,15.22999954,0.2773,13.99666691,SmoothCondition,LowCongestionCondition,EvenPaceStyle
-0.8999634,18.23958015,35.31572886,204.2544873,-0.45035935,-0.1797,34.90196228,1479.0,17.30999947,0.2422,14.05409813,SmoothCondition,LowCongestionCondition,EvenPaceStyle
-0.8000488,19.36548042,33.76949291,181.9039594,1.8014431,-0.125,15.68627453,1561.0,13.85999966,0.2148,14.09729099,SmoothCondition,LowCongestionCondition,EvenPaceStyle
-1.0,19.5906601,33.01513996,168.3579302,0.22517968,-0.2148,18.4313736,1557.0,16.42000008,0.1836,14.18237305,SmoothCondition,LowCongestionCondition,EvenPaceStyle
-0.1000366,0.0,27.51324237,426.2512024,0.0,0.5233,25.09803963,808.0,7.679999828,-0.0547,16.18187332,SmoothCondition,LowCongestionCondition,AggressiveStyle
-0.6999512,14.63669968,5.824655943,79.50098383,4.2784195,-0.746,65.88235474,1428.0,19.94000053,0.5742,16.2922039,SmoothCondition,LowCongestionCondition,EvenPaceStyle
-0.7999878,20.04101944,5.790878929,78.48965583,2.92733955,-1.0545,60.7843132,2275.0,32.22000122,0.6758,16.34441948,SmoothCondition,LowCongestionCondition,AggressiveStyle
-0.2999878,32.42591858,6.031070897,87.92269527,12.38489914,-1.0741,67.84313965,2710.0,48.47000122,0.7344,16.38113022,SmoothCondition,LowCongestionCondition,AggressiveStyle
0.0,39.63167572,6.744140813,115.7548584,7.20575714,-1.3084,74.90196228,1877.0,24.03000069,0.8125,16.39534187,SmoothCondition,LowCongestionCondition,AggressiveStyle
0.5,50.44031906,8.721971763,189.3876488,4.95396042,-1.6248,73.72549438,2461.0,48.61999893,0.9687,16.41478729,SmoothCondition,LowCongestionCondition,AggressiveStyle
1.2999878,54.04319763,9.562643724,223.0385751,3.60287857,-1.6521,47.84313965,2590.0,48.52000046,0.9765,16.40938377,SmoothCondition,LowCongestionCondition,AggressiveStyle
1.4000244,60.12305832,11.40161362,303.1704269,0.9007225,-1.785,47.84313965,1903.0,27.0,0.8789,16.3034935,SmoothCondition,LowCongestionCondition,AggressiveStyle
0.9000244,59.89787674,12.17848457,342.3590091,-0.22518158,-1.8201,40.7843132,1952.0,30.09000015,0.871,16.24996948,SmoothCondition,LowCongestionCondition,AggressiveStyle
0.2999878,62.14967728,12.94409654,383.8111008,2.25180054,-1.8631,42.74509811,2006.0,31.07999992,0.8906,16.19955444,SmoothCondition,LowCongestionCondition,AggressiveStyle
-0.5999756,64.85183716,13.67968449,427.9049477,2.70215988,-1.8943,45.49019623,2061.0,32.50999832,0.8984,16.14952278,SmoothCondition,LowCongestionCondition,AggressiveStyle
-1.1999512,65.97773743,14.34771844,471.2791703,1.12590027,-1.8865,45.88235474,2101.0,34.24000168,0.9804,16.09075165,SmoothCondition,LowCongestionCondition,AggressiveStyle
-1.6999512,68.00435638,14.98948139,515.766876,2.02661895,-1.7693,40.7843132,2152.0,32.06999969,0.9257,16.02162933,SmoothCondition,LowCongestionCondition,EvenPaceStyle
-2.0999756,68.45471954,15.65376238,560.629038,0.45036316,-1.5702,38.03921509,2181.0,29.77000046,0.9101,15.95161819,SmoothCondition,LowCongestionCondition,EvenPaceStyle
-2.9000244,69.80579376,16.37809128,607.8601929,1.35107422,-1.4139,24.70588303,2215.0,30.28000069,0.8632,15.88676167,SmoothCondition,LowCongestionCondition,EvenPaceStyle
-3.2999878,70.93170166,17.20750434,657.2142266,1.1259079,-1.3905,23.92156982,2230.0,29.01000023,0.957,15.82312965,SmoothCondition,LowCongestionCondition,EvenPaceStyle
-3.2000122,71.38205719,18.1532603,705.9363601,0.45035553,-1.2772,27.05882454,2240.0,29.04999924,0.8984,15.75252724,SmoothCondition,LowCongestionCondition,EvenPaceStyle
-3.2999878,70.03097534,19.20034722,748.405277,-1.35108185,-1.1718,33.72549057,2253.0,30.69000053,0.8086,15.68759918,SmoothCondition,LowCongestionCondition,EvenPaceStyle
-3.0,70.93170166,20.33750625,787.835023,0.90072632,-1.0312,30.98039246,2273.0,32.58000183,0.7929,15.63576412,SmoothCondition,LowCongestionCondition,EvenPaceStyle
-2.4000244,72.95832062,21.54221926,826.7380261,2.02661896,-1.0273,43.52941132,2307.0,32.0,0.7656,15.57884598,SmoothCondition,LowCongestionCondition,EvenPaceStyle
-1.8000488,72.28277588,22.74693219,861.0339054,-0.67554474,-0.9257,32.94117737,2325.0,36.09999847,0.6718,15.53899288,SmoothCondition,LowCongestionCondition,EvenPaceStyle
-1.3000488,76.11083984,24.01544619,898.8938385,3.82806396,-0.7461,12.94117641,2299.0,30.56999969,0.6406,15.47260761,SmoothCondition,LowCongestionCondition,EvenPaceStyle
-1.5999756,74.30940247,25.25393623,930.4312779,-1.80143737,-0.582,0.0,2239.0,26.96999931,0.5898,15.38687706,SmoothCondition,LowCongestionCondition,EvenPaceStyle
-1.5,73.40867615,26.47741416,957.4025286,-0.90072632,-0.4453,5.882352829,2182.0,25.86000061,0.4844,15.30694771,SmoothCondition,LowCongestionCondition,EvenPaceStyle
-1.0,75.66047668,27.73842211,984.9027271,2.25180053,-0.2812,1.176470637,2147.0,25.13999939,0.5664,15.23442459,SmoothCondition,LowCongestionCondition,EvenPaceStyle
-0.5999756,78.58782196,29.04821914,1013.941834,2.92734528,-0.207,10.98039246,2119.0,24.54000092,0.5976,15.172019,SmoothCondition,LowCongestionCondition,EvenPaceStyle
0.0,76.56119537,30.32423906,1036.246754,-2.02662659,-0.0977,9.019607544,2081.0,23.02000046,0.6094,15.10606766,SmoothCondition,LowCongestionCondition,EvenPaceStyle
0.4000244,72.05760193,31.5251991,1048.71414,-4.50359344,0.0391,3.529411793,2044.0,22.37999916,0.6719,15.06449127,SmoothCondition,LowCongestionCondition,EvenPaceStyle
-0.6999512,66.87845612,32.63984003,1051.789888,-5.17914581,0.1016,0.0,2000.0,22.92000008,0.625,15.02792645,SmoothCondition,LowCongestionCondition,EvenPaceStyle
-1.8999634,63.05039978,34.77154398,1044.316107,-1.80143738,0.1367,14.11764717,1923.0,22.77000046,0.4961,14.95079613,SmoothCondition,LowCongestionCondition,EvenPaceStyle
-1.5,61.92449951,35.80361897,1035.236649,-1.12590027,0.1523,16.07843208,1909.0,23.30999947,0.3867,14.90971851,SmoothCondition,LowCongestionCondition,EvenPaceStyle
-1.3999634,61.24895477,36.82443488,1023.423803,-0.67554474,0.168,23.92156982,1897.0,22.88999939,0.3789,14.85340786,SmoothCondition,LowCongestionCondition,EvenPaceStyle
-2.2000122,61.02377701,37.84149783,1009.313703,-0.22517776,0.1289,26.66666794,1905.0,24.07999992,0.332,14.79494286,SmoothCondition,LowCongestionCondition,EvenPaceStyle
-3.59997559,61.69932175,40.90394576,954.828615,0.67554474,0.1367,41.96078491,1980.0,25.30999947,0.3047,14.67510033,SmoothCondition,LowCongestionCondition,EvenPaceStyle
-2.80004881,62.8252182,41.95103273,933.5002411,1.12589645,0.1641,39.60784531,2007.0,29.62999916,0.3359,14.64416695,SmoothCondition,LowCongestionCondition,EvenPaceStyle
-2.89996339,63.05039978,43.00187273,910.0941099,0.22518158,0.1875,12.94117641,2013.0,28.45000076,0.2812,14.60605049,SmoothCondition,LowCongestionCondition,EvenPaceStyle
-2.29998779,63.7259407,44.06397174,884.8846637,0.67554092,0.1992,27.45098114,2028.0,26.89999962,0.2539,14.57232857,SmoothCondition,LowCongestionCondition,EvenPaceStyle
-2.10003661,64.17630005,45.13357674,857.6682036,0.45035935,0.1875,26.66666794,2040.0,28.04000092,0.2812,14.53958893,SmoothCondition,LowCongestionCondition,EvenPaceStyle
-2.20001219,64.401474,46.20693464,828.2628864,0.22517395,0.1562,32.15686417,2064.0,29.37000084,0.3086,14.51285172,SmoothCondition,LowCongestionCondition,EvenPaceStyle
-2.0,64.85183716,47.2877986,796.7790825,0.45036316,0.082,23.92156982,2072.0,28.67000008,0.3125,14.47817135,SmoothCondition,LowCongestionCondition,EvenPaceStyle
-1.70001221,66.42809296,49.48330348,727.7855781,1.12589264,-0.0195,30.98039246,2099.0,28.62000084,0.2617,14.45129013,SmoothCondition,LowCongestionCondition,EvenPaceStyle
-1.0,66.65327454,50.59419139,690.0256843,0.22518158,-0.0391,28.62745094,2108.0,31.55999947,0.2383,14.43198776,SmoothCondition,LowCongestionCondition,EvenPaceStyle
-0.59997559,68.67989349,51.73885628,650.851192,2.02661895,-0.0625,0.0,2089.0,25.30999947,0.2305,14.39736366,SmoothCondition,LowCongestionCondition,EvenPaceStyle
-2.7000122,38.50577927,60.49835806,178.8713932,-1.80144119,0.8476,20.0,1002.0,11.93000031,-0.043,14.17210579,SmoothCondition,LowCongestionCondition,EvenPaceStyle
-3.70001221,34.22735977,60.78358606,158.5841686,-4.2784195,0.9804,22.35294151,964.0,10.11999989,-0.0937,14.14472103,SmoothCondition,LowCongestionCondition,EvenPaceStyle
-3.39996338,29.49857903,60.94121205,147.0130529,-4.72878074,1.164,28.23529434,893.0,9.93999958,-0.168,14.12744236,SmoothCondition,LowCongestionCondition,AggressiveStyle
-3.20001221,25.4453373,60.82486903,154.5727651,-4.05324173,1.4256,24.31372643,912.0,9.170000076,-0.293,14.13882446,SmoothCondition,LowCongestionCondition,AggressiveStyle
-4.09997559,4.278419971,59.87536013,228.9690052,-6.530220509,1.6326,23.92156982,855.0,9.010000229,-0.3867,14.24880505,SmoothCondition,LowCongestionCondition,AggressiveStyle
-2.29998779,7.881299973,53.94562037,578.8073766,7.881299973,1.1521,13.72549057,1447.0,16.70999908,-0.3008,14.46365452,SmoothCondition,LowCongestionCondition,EvenPaceStyle
-0.90002441,11.25899982,52.19672247,634.9628996,0.45035934,0.7967,4.313725471,1333.0,23.90999985,-0.2266,14.55135822,SmoothCondition,LowCongestionCondition,EvenPaceStyle
-0.59997559,14.18633938,51.3335325,655.4742053,2.92733956,0.5506,86.66667175,1314.0,12.21000004,-0.0195,14.57382011,SmoothCondition,LowCongestionCondition,EvenPaceStyle
-0.79998779,15.76259995,50.46283656,671.4384119,1.57626057,0.3046,61.96078491,1703.0,16.69000053,0.1719,14.61374283,SmoothCondition,LowCongestionCondition,EvenPaceStyle
-0.19995118,20.71656036,49.66720057,680.3053762,4.95396041,0.0624,49.41176605,2072.0,25.35000038,0.2617,14.64708519,SmoothCondition,LowCongestionCondition,EvenPaceStyle
-0.09997559,31.75038147,48.27483763,679.1807771,6.30504417,-0.1798,0.784313738,1656.0,39.36999893,0.3789,14.71852493,SmoothCondition,LowCongestionCondition,AggressiveStyle
0.2000122,35.12807465,47.67060459,672.6890471,3.37769318,-0.3829,61.96078491,1631.0,19.04999924,0.4804,14.73251534,SmoothCondition,LowCongestionCondition,AggressiveStyle
1.5,37.379879,46.56346964,657.4665652,0.22517777,-0.8555,46.66666794,1749.0,24.78000069,0.6484,14.80301571,SmoothCondition,LowCongestionCondition,AggressiveStyle
1.80004882,39.63167572,46.00802556,646.1589469,2.25179672,-1.1484,38.4313736,1854.0,27.12000084,0.7929,14.84055901,SmoothCondition,LowCongestionCondition,AggressiveStyle
1.69995118,43.91009903,45.53514761,634.3050822,4.27842331,-1.4061,40.39215851,1936.0,28.07999992,0.8945,14.88244438,SmoothCondition,LowCongestionCondition,AggressiveStyle
2.29998779,46.16189957,45.03599861,618.2130632,2.25180054,-1.453,46.66666794,2005.0,31.29999924,0.9765,14.92452145,SmoothCondition,LowCongestionCondition,AggressiveStyle
1.59997559,47.06261826,44.58188554,603.5486885,0.90071869,-1.5741,52.15686417,2102.0,33.90999985,0.9882,14.98057556,SmoothCondition,LowCongestionCondition,AggressiveStyle
1.39996338,47.5129776,44.15029056,589.4204002,0.45035934,-1.6639,45.49019623,2194.0,34.31999969,1.0195,15.02798271,SmoothCondition,LowCongestionCondition,AggressiveStyle
1.40002441,50.21513748,43.72620157,573.0322553,2.70215988,-1.7264,47.45098114,2286.0,33.04000092,1.0546,15.06831074,SmoothCondition,LowCongestionCondition,AggressiveStyle
1.10003662,51.79140091,43.27959456,553.3330586,1.57626343,-1.6796,0.0,2362.0,32.68000031,1.0117,15.09481812,SmoothCondition,LowCongestionCondition,EvenPaceStyle
0.5,55.84463882,42.93431861,537.1137782,4.05323791,-1.5585,54.50980377,1785.0,22.09000015,0.9648,15.07463646,SmoothCondition,LowCongestionCondition,EvenPaceStyle
-0.09997559,54.26837921,42.63783157,524.8259989,-1.57625961,-1.5389,44.70588303,1761.0,25.05999947,1.0,15.08794403,SmoothCondition,LowCongestionCondition,EvenPaceStyle
-0.10003662,55.39427567,42.44642856,517.5873698,1.12589646,-1.5507,52.54901886,1792.0,25.71999931,0.9765,15.09825802,SmoothCondition,LowCongestionCondition,EvenPaceStyle
0.2000122,57.64608002,42.32633261,512.9799407,2.25180435,-1.5702,54.50980377,1828.0,27.19000053,0.9218,15.12861633,SmoothCondition,LowCongestionCondition,EvenPaceStyle
0.7999878,58.32162094,42.24751963,510.0306119,0.67554092,-1.6405,52.94117737,1871.0,28.45000076,0.9804,15.16213512,SmoothCondition,LowCongestionCondition,EvenPaceStyle
1.5,58.77198029,42.19497764,508.0934699,0.45035935,-1.5507,51.76470566,1910.0,30.45000076,0.9336,15.19514656,SmoothCondition,LowCongestionCondition,EvenPaceStyle
2.89996338,61.92449951,42.13117683,505.8307991,3.15251922,-1.1367,0.0,1946.0,22.09000015,0.7226,15.1872139,SmoothCondition,LowCongestionCondition,EvenPaceStyle
-0.19995118,43.68492126,40.8626629,468.130894,-1.12590027,0.1914,13.72549057,1037.0,10.81000042,0.0273,15.07550049,SmoothCondition,LowCongestionCondition,EvenPaceStyle
-1.29998779,38.05541992,40.40854989,457.9311738,-5.62950134,0.3398,0.0,1439.0,15.39999962,-0.0391,15.10965919,SmoothCondition,LowCongestionCondition,EvenPaceStyle
-2.40002441,24.54461861,37.90529916,410.0496418,-4.50359916,0.8593,20.7843132,898.0,9.050000191,-0.3945,15.14991283,SmoothCondition,LowCongestionCondition,EvenPaceStyle
-2.5,18.23958015,37.07963925,400.785052,-6.30503846,1.0897,23.13725471,900.0,8.960000038,-0.4922,15.16837978,SmoothCondition,LowCongestionCondition,EvenPaceStyle
-2.40002441,15.53741932,36.25022624,394.4507931,-2.70216083,1.3358,20.7843132,882.0,8.520000458,-0.5508,15.20525551,SmoothCondition,LowCongestionCondition,EvenPaceStyle
-2.10003662,10.13309956,35.38328327,393.8783751,-5.40431976,1.453,23.52941132,841.0,8.229999542,-0.6133,15.25848198,SmoothCondition,LowCongestionCondition,AggressiveStyle
-1.80004882,5.40432024,34.47130431,397.8915855,-4.72877932,1.5116,23.92156982,847.0,8.470000267,-0.668,15.32029819,SmoothCondition,LowCongestionCondition,AggressiveStyle
-1.09997559,6.079859734,32.21575133,427.0425252,2.702159882,1.3163,31.76470566,1497.0,18.15999985,-0.5742,15.4812088,SmoothCondition,LowCongestionCondition,EvenPaceStyle
-1.0,10.13309956,31.71284932,433.9407796,4.053239826,1.2499,27.45098114,1956.0,26.79999924,-0.4492,15.52412796,SmoothCondition,LowCongestionCondition,EvenPaceStyle
-1.09997559,13.28561974,31.29251332,438.7343042,3.15252018,1.0546,28.23529434,2466.0,31.89999962,-0.4062,15.59628773,SmoothCondition,LowCongestionCondition,EvenPaceStyle
-1.09997558,16.88849831,31.0035323,442.0199266,3.60287857,0.8437,4.705882549,1971.0,15.69999981,-0.293,15.65846729,SmoothCondition,LowCongestionCondition,AggressiveStyle
-0.89996338,18.91511917,30.8271413,444.4266727,2.02662086,0.5742,26.27450943,1486.0,18.79000092,-0.0977,15.73027134,SmoothCondition,LowCongestionCondition,AggressiveStyle
-0.69995118,20.71656036,30.74832835,445.6620515,1.80144119,0.3593,52.54901886,1795.0,26.97999954,-0.0195,15.78691101,SmoothCondition,LowCongestionCondition,AggressiveStyle
-0.89996338,29.27339935,31.40135033,427.2119323,4.27841949,0.1328,23.92156982,2244.0,24.25,0.0508,15.9163332,SmoothCondition,LowCongestionCondition,AggressiveStyle
-0.79998779,31.75038147,31.85921636,414.5321017,2.47698212,-0.0274,16.07843208,2300.0,26.61000061,0.164,15.98025227,SmoothCondition,LowCongestionCondition,AggressiveStyle
-1.0,31.97555923,32.35085935,399.6540498,0.22517776,-0.0977,25.09803963,2407.0,30.54999924,0.2148,16.04506874,SmoothCondition,LowCongestionCondition,AggressiveStyle
-1.2000122,33.55181885,32.91005633,381.6218824,1.57625962,-0.2266,26.27450943,2545.0,33.47000122,0.2734,16.09849548,SmoothCondition,LowCongestionCondition,AggressiveStyle
-1.20001221,35.35326004,33.49927733,363.012841,1.80144119,-0.3828,20.3921566,2200.0,19.01000023,0.4062,16.14110565,SmoothCondition,LowCongestionCondition,AggressiveStyle
-1.0,36.70433807,34.1110163,343.7860165,1.35107803,-0.6797,53.72549057,1676.0,24.53000069,0.4375,16.19714165,SmoothCondition,LowCongestionCondition,AggressiveStyle
-1.10003662,38.28059769,34.74902626,323.9453483,1.57625962,-0.7461,56.07843399,1784.0,26.85000038,0.5,16.24676323,SmoothCondition,LowCongestionCondition,AggressiveStyle
-1.5,41.43312073,35.30822327,312.1494216,3.15252304,-0.9414,41.96078491,1891.0,29.61000061,0.6133,16.30207634,SmoothCondition,LowCongestionCondition,AggressiveStyle
-1.7000122,43.68492126,35.85616128,302.8600207,2.25180053,-1.0781,27.84313774,1956.0,28.46999931,0.6953,16.34991455,SmoothCondition,LowCongestionCondition,AggressiveStyle
-1.5,46.83743668,36.44913523,294.2917321,3.15251542,-1.1327,16.07843208,1967.0,26.15999985,0.7226,16.40137482,SmoothCondition,LowCongestionCondition,AggressiveStyle
-1.2000122,46.38707733,37.50372814,281.010117,-0.45035935,-1.1445,30.58823586,2019.0,29.87000084,0.6719,16.51043701,SmoothCondition,LowCongestionCondition,EvenPaceStyle
-1.39996338,47.5129776,37.9503351,277.7289069,1.12590027,-1.1601,31.37254906,2071.0,32.27000046,0.6797,16.5711441,SmoothCondition,LowCongestionCondition,EvenPaceStyle
-1.40002442,48.41369629,38.59585102,277.4087411,0.90071869,-1.0156,36.47058868,2176.0,27.53000069,0.6133,16.67619514,SmoothCondition,LowCongestionCondition,EvenPaceStyle
-2.19995118,50.66549683,38.85480805,279.6058148,2.25180054,-0.9882,17.25490189,2155.0,28.45000076,0.6211,16.7454071,SmoothCondition,LowCongestionCondition,EvenPaceStyle
-2.40002442,51.34103775,39.30516797,284.1435741,1.12590027,-0.8086,27.05882454,2186.0,31.12999916,0.4414,16.86882782,SmoothCondition,LowCongestionCondition,EvenPaceStyle
-1.90002442,50.89067459,39.61666693,288.4139509,-0.45036316,-0.6601,26.27450943,2203.0,23.82999992,0.4219,16.88616562,SmoothCondition,LowCongestionCondition,EvenPaceStyle
-1.10003662,57.19572067,40.06702697,299.1137841,0.45036316,-0.5859,12.54901981,2268.0,25.0,0.3789,16.92186928,SmoothCondition,LowCongestionCondition,EvenPaceStyle
-0.7000122,56.52017593,40.17211095,301.9452995,-0.67554474,-0.5547,15.68627453,2274.0,28.09000015,0.3945,16.927248,SmoothCondition,LowCongestionCondition,EvenPaceStyle
-0.10003662,54.49356079,40.21714694,303.1313051,-2.02661514,-0.5742,26.27450943,2309.0,33.20999908,0.3359,16.9418087,SmoothCondition,LowCongestionCondition,EvenPaceStyle
0.09997558,54.26837921,40.19087595,302.3376986,-0.22518158,-0.4062,23.92156982,2345.0,29.79999924,0.4102,16.94927597,SmoothCondition,LowCongestionCondition,EvenPaceStyle
0.60003662,57.64608002,40.12707495,300.2292012,2.47698212,-0.2695,0.0,2384.0,28.30999947,0.3984,17.06140518,SmoothCondition,LowCongestionCondition,EvenPaceStyle
0.30004882,54.71873856,40.00697887,296.1071704,-0.90071868,-0.0547,3.921568632,2218.0,27.03000069,0.3867,17.11751556,SmoothCondition,LowCongestionCondition,EvenPaceStyle
0.10003662,51.34103775,39.88312983,292.30065,-3.37770081,0.0,9.411765099,2167.0,27.53000069,0.3555,17.17536545,SmoothCondition,LowCongestionCondition,EvenPaceStyle
-0.2000122,51.11585999,39.70298583,286.1719235,-0.22517776,0.082,0.0,2147.0,27.47999954,0.2578,17.22216988,SmoothCondition,LowCongestionCondition,EvenPaceStyle
-2.5,41.20793915,38.57333279,257.2949385,-1.80143738,0.3398,8.235294342,1726.0,19.45999908,0.0898,17.38175392,SmoothCondition,LowCongestionCondition,EvenPaceStyle
-2.90002441,40.08203888,38.35941182,255.1610311,0.22517777,0.2617,46.66666794,1750.0,23.18000031,0.0859,17.45020485,SmoothCondition,LowCongestionCondition,EvenPaceStyle
-2.7999878,41.20793915,38.31812878,254.8161294,1.12590027,0.1367,51.37255096,1849.0,27.21999931,0.1406,17.51105309,SmoothCondition,LowCongestionCondition,EvenPaceStyle
-2.5,43.68492126,38.41195381,255.2941846,2.47698211,0.0078,36.47058868,1985.0,29.95000076,0.1328,17.57091904,SmoothCondition,LowCongestionCondition,EvenPaceStyle
-2.30004882,45.9367218,38.60710984,255.9183567,2.25180054,0.0352,25.09803963,2057.0,32.40999985,0.082,17.63745689,SmoothCondition,LowCongestionCondition,EvenPaceStyle
-1.89996338,47.96333694,38.8735728,256.5844817,2.02661514,0.082,0.0,2079.0,26.22999954,0.0469,17.68706131,SmoothCondition,LowCongestionCondition,EvenPaceStyle
-0.40002441,43.23456192,39.95443688,245.6000091,-1.57625961,0.086,21.56862831,1851.0,21.63999939,-0.1289,17.84776688,SmoothCondition,LowCongestionCondition,EvenPaceStyle
-0.20001221,43.00937653,40.41230284,235.4400674,-0.22518539,0.0586,21.96078491,1847.0,23.42000008,-0.125,17.89270592,SmoothCondition,LowCongestionCondition,EvenPaceStyle
0.2000122,43.00937653,42.22500164,172.77949,0.67554093,-0.0508,5.09803915,1857.0,20.80999947,-0.1055,18.03664589,SmoothCondition,LowCongestionCondition,EvenPaceStyle
0.0,42.55901718,42.87802359,146.7695315,-0.45035935,-0.1172,31.37254906,1815.0,22.62999916,-0.0977,18.11443138,SmoothCondition,LowCongestionCondition,EvenPaceStyle
-0.20001221,41.65829849,43.47099757,123.4862396,-0.90071869,-0.1719,29.01960754,1858.0,25.13999939,0.0234,18.18616486,SmoothCondition,LowCongestionCondition,EvenPaceStyle
-0.5,42.55901718,44.01142953,104.3657695,0.90071869,-0.2812,28.23529434,1912.0,26.96999931,0.1055,18.23275375,SmoothCondition,LowCongestionCondition,EvenPaceStyle
-1.20001221,44.81082153,44.53684956,88.09457743,2.25180435,-0.332,0.0,1958.0,28.52000046,0.043,18.26317215,SmoothCondition,LowCongestionCondition,EvenPaceStyle
-1.40002441,45.26117706,45.00972754,74.91960299,0.45035553,-0.3906,23.13725471,1921.0,22.45999908,0.0898,18.25380135,SmoothCondition,LowCongestionCondition,EvenPaceStyle
-1.2000122,44.36046219,45.83163458,52.69897531,-0.22517776,-0.4453,20.7843132,1949.0,23.76000023,0.2891,18.21850967,SmoothCondition,LowCongestionCondition,EvenPaceStyle
-1.59997558,45.0359993,46.16565158,45.23749759,0.67553711,-0.4687,19.6078434,1977.0,23.01000023,0.2227,18.19098091,SmoothCondition,LowCongestionCondition,EvenPaceStyle
-1.7000122,45.48635864,46.43586756,40.33465442,0.45035934,-0.3633,9.019607544,1990.0,22.57999992,0.2305,18.14391327,SmoothCondition,LowCongestionCondition,EvenPaceStyle
-1.59997559,46.16189957,46.67605953,36.62194299,0.67554093,-0.2656,12.54901981,1984.0,21.25,0.1641,18.06429291,SmoothCondition,LowCongestionCondition,EvenPaceStyle
-2.2000122,45.0359993,47.09639556,29.92141333,-0.67554092,-0.168,18.4313736,1912.0,21.31999969,0.2109,17.88792801,SmoothCondition,LowCongestionCondition,EvenPaceStyle
-2.29998779,41.65829849,47.43041255,25.13982053,-1.35107804,-0.4336,30.19607925,2002.0,29.12000084,0.1602,17.72424316,SmoothCondition,LowCongestionCondition,EvenPaceStyle
-2.0,39.18132019,47.39288254,25.68211724,-2.4769783,-0.3398,3.529411793,1987.0,22.79000092,0.1563,17.67571068,SmoothCondition,LowCongestionCondition,EvenPaceStyle
-1.40002442,42.55901718,47.37411747,25.84476384,3.37769699,-0.2265,0.0,1898.0,20.23999977,0.0664,17.61252975,SmoothCondition,LowCongestionCondition,EvenPaceStyle
-2.20001221,29.49857903,46.81116769,33.5847367,-6.30504417,0.3866,12.15686321,1139.0,11.06000042,-0.2695,17.41395569,SmoothCondition,LowCongestionCondition,EvenPaceStyle
-2.09997559,25.22015953,46.43962072,41.3372158,-4.2784195,0.5546,19.2156868,927.0,9.029999733,-0.4023,17.3810215,SmoothCondition,LowCongestionCondition,EvenPaceStyle
-3.0,18.6899395,45.94422477,54.07319554,-6.53022003,0.742,23.13725471,895.0,8.720000267,-0.5508,17.38146019,SmoothCondition,LowCongestionCondition,EvenPaceStyle
-3.20001221,13.28561974,45.32122682,71.37839022,-5.40431976,0.8241,22.35294151,871.0,8.670000076,-0.5156,17.39614677,SmoothCondition,LowCongestionCondition,EvenPaceStyle
0.70001221,9.682740211,18.37844052,428.5778331,9.682740211,-0.3789,22.35294151,1888.0,20.64999962,0.4141,17.38151741,SmoothCondition,LowCongestionCondition,EvenPaceStyle
0.59997559,16.43813896,17.47396764,408.6875104,2.47697925,-0.6445,75.6862793,1515.0,20.64999962,0.582,17.36958694,SmoothCondition,LowCongestionCondition,EvenPaceStyle
0.70001221,29.04821777,16.89225272,389.1876792,7.43093681,-0.8242,0.0,2440.0,40.79000092,0.6015,17.3661499,SmoothCondition,LowCongestionCondition,EvenPaceStyle
0.5,35.12807465,16.78341566,384.4161105,6.07985688,-0.9882,80.39215851,1706.0,20.98999977,0.5703,17.3246994,SmoothCondition,LowCongestionCondition,AggressiveStyle
0.29998779,41.65829849,16.63704865,377.1859883,4.72877884,-1.1952,67.45098114,1937.0,36.25,0.6875,17.34412766,SmoothCondition,LowCongestionCondition,AggressiveStyle
-0.90002442,50.89067459,16.76089756,384.9315867,4.50359726,-1.2382,0.0,2289.0,43.22999954,0.7382,17.33718681,SmoothCondition,LowCongestionCondition,AggressiveStyle
-1.7000122,28.37267876,16.79842741,397.9343819,-5.40431785,-0.3321,13.33333397,1032.0,10.32999992,0.3672,17.24787903,SmoothCondition,LowCongestionCondition,AggressiveStyle
-2.09997558,21.39209938,16.43813946,386.5157297,-6.98057938,-0.0665,20.3921566,908.0,9.170000076,0.2148,17.26044655,SmoothCondition,LowCongestionCondition,AggressiveStyle
-1.89996338,14.18633938,15.98027348,375.6078603,-7.20576,0.2304,22.74509811,901.0,8.930000305,0.082,17.30055618,SmoothCondition,LowCongestionCondition,AggressiveStyle
-0.2000122,8.331659317,4.942700748,106.3888506,0.900719166,-0.6406,57.25490189,1577.0,21.48999977,0.4883,23.17276382,SmoothCondition,LowCongestionCondition,EvenPaceStyle
-0.3999634,13.96115971,4.46606979,83.55350676,5.629500393,-0.7851,68.62744904,2162.0,24.81999969,0.5312,23.23617554,SmoothCondition,LowCongestionCondition,EvenPaceStyle
-0.5,18.23958015,4.120793815,66.48557135,4.27842044,-0.9725,77.2549057,2015.0,22.92000008,0.6172,23.29264259,SmoothCondition,LowCongestionCondition,EvenPaceStyle
-0.7000122,24.09425926,3.940649855,57.15428901,5.85467911,-1.0506,65.09803772,2464.0,40.11000061,0.625,23.34025002,SmoothCondition,LowCongestionCondition,AggressiveStyle
-0.7000122,35.35326004,4.162076819,68.85791222,4.05324364,-1.1756,61.17647171,1554.0,20.04000092,0.6914,23.3227253,SmoothCondition,LowCongestionCondition,AggressiveStyle
-0.9000244,37.15470123,4.406021845,81.53592598,1.80144119,-1.2498,56.86274719,1689.0,24.0,0.7422,23.27650261,SmoothCondition,LowCongestionCondition,AggressiveStyle
-1.0,40.30722046,4.740038868,99.00468525,3.15251923,-1.3045,54.11764908,1842.0,28.62000084,0.8047,23.24041557,SmoothCondition,LowCongestionCondition,AggressiveStyle
-0.7999878,43.91009903,5.179139896,122.0262123,3.60287857,-1.3866,45.49019623,1984.0,32.04999924,0.8125,23.25209236,SmoothCondition,LowCongestionCondition,AggressiveStyle
-1.0,49.53959656,6.410123805,181.7913695,2.70215988,-1.4959,33.33333206,2226.0,27.17000008,0.8672,23.21431732,SmoothCondition,LowCongestionCondition,AggressiveStyle
-0.8999634,51.11585999,7.168229806,215.0711998,1.57626343,-1.492,34.50980377,2285.0,27.45999908,0.8789,23.16532898,SmoothCondition,LowCongestionCondition,AggressiveStyle
-0.6999512,52.46693802,7.982630773,248.9604593,1.35107803,-1.5076,42.35294342,2349.0,30.32999992,0.8945,23.13271713,SmoothCondition,LowCongestionCondition,AggressiveStyle
-0.7000122,53.81801987,8.849573771,283.1567367,1.35108185,-1.4022,1.960784316,1714.0,34.22000122,0.8242,23.10946083,SmoothCondition,LowCongestionCondition,AggressiveStyle
-0.7999878,55.39427567,9.772811699,317.6813506,1.5762558,-1.4686,76.47058868,1762.0,13.93000031,0.8281,22.88871956,SmoothCondition,LowCongestionCondition,AggressiveStyle
-1.1000366,56.74535751,11.64180559,383.5649786,1.35108184,-1.5389,31.76470566,1839.0,25.60000038,0.832,22.73043823,SmoothCondition,HighCongestionCondition,AggressiveStyle
-0.9000244,57.87125778,12.60632655,416.5448527,1.12590027,-1.4334,38.03921509,1865.0,25.11000061,0.8086,22.63024139,SmoothCondition,HighCongestionCondition,EvenPaceStyle
-0.8999634,58.54679871,13.58210653,448.6546615,0.67554093,-1.4295,39.2156868,1889.0,27.20999908,0.8281,22.53706169,SmoothCondition,HighCongestionCondition,EvenPaceStyle
-0.8000488,59.89787674,14.58040447,480.872984,1.35107803,-1.2265,24.70588303,1911.0,23.05999947,0.7578,22.43597031,SmoothCondition,HighCongestionCondition,EvenPaceStyle
-1.3000488,60.79859924,16.59951839,541.2294295,0.45036316,-1.1249,45.09804153,1972.0,25.81999969,0.75,22.25439262,SmoothCondition,HighCongestionCondition,EvenPaceStyle
-1.2000122,61.69932175,17.62784042,569.9582681,0.90072251,-0.8398,37.64706039,1989.0,29.62999916,0.6641,22.21653366,SmoothCondition,HighCongestionCondition,EvenPaceStyle
-0.9000244,63.05039978,18.67868042,598.5381369,1.35107803,-0.6992,0.0,1950.0,22.30999947,0.6445,22.10106277,SmoothCondition,HighCongestionCondition,EvenPaceStyle
0.0,62.60003281,19.7220143,624.2140583,-0.45036697,-0.5859,9.411765099,1918.0,17.0,0.6016,21.91236496,SmoothCondition,HighCongestionCondition,EvenPaceStyle
-0.2000122,58.32162094,22.72816728,678.3398715,-2.02661514,-0.2851,21.96078491,1802.0,20.84000015,0.4102,21.53051567,SmoothCondition,HighCongestionCondition,EvenPaceStyle
0.1000366,56.97053528,23.6776762,688.5411621,-1.35108566,-0.2109,31.76470566,1822.0,23.78000069,0.4023,21.35098076,SmoothCondition,HighCongestionCondition,EvenPaceStyle
0.7000122,57.87125778,25.59921214,704.897151,0.45035934,-0.1406,30.19607925,1858.0,22.03000069,0.3242,21.25566101,SmoothCondition,HighCongestionCondition,EvenPaceStyle
-0.1000366,59.44752121,28.55657609,719.9130144,0.22518539,-0.0352,10.98039246,1870.0,17.61000061,0.3047,20.79496765,SmoothCondition,HighCongestionCondition,EvenPaceStyle
-0.2999878,42.3338356,33.04141102,687.8932354,-9.23238754,0.9685,6.666666985,1123.0,11.13000011,-0.1914,20.26041985,SmoothCondition,HighCongestionCondition,EvenPaceStyle
-1.2999878,30.39929962,33.54806601,669.2465228,-11.93453598,0.9724,19.2156868,914.0,8.960000038,-0.2539,20.16539001,SmoothCondition,HighCongestionCondition,EvenPaceStyle
-2.0999756,27.2467804,34.00217902,650.6339863,-3.15251922,1.0154,14.90196133,1024.0,11.01000023,-0.3125,20.09080124,SmoothCondition,HighCongestionCondition,EvenPaceStyle
-2.5999756,26.12088013,34.88413401,612.5843391,-0.67553901,1.156,23.52941132,897.0,6.079999924,-0.4023,19.91721535,SmoothCondition,HighCongestionCondition,EvenPaceStyle
-2.9000244,23.41871834,35.27444598,594.032006,-2.70216179,1.1443,24.31372643,906.0,9.010000229,-0.4336,19.80922508,SmoothCondition,HighCongestionCondition,AggressiveStyle
-2.5,21.1669178,35.62722794,576.1890993,-2.25180054,1.1834,19.2156868,884.0,8.670000076,-0.4531,19.76781082,SmoothCondition,HighCongestionCondition,AggressiveStyle
-1.7000122,10.80864048,36.12637693,547.9557669,-8.33165836,1.3318,23.13725471,882.0,8.779999733,-0.5781,19.76697731,SmoothCondition,HighCongestionCondition,AggressiveStyle
0.5999756,8.556839943,35.98000995,556.8365836,0.225180626,0.2773,29.01960754,1551.0,17.55999947,0.0117,20.01207733,SmoothCondition,HighCongestionCondition,EvenPaceStyle
0.6999512,9.007200241,35.82613695,563.8092785,0.450360298,0.1094,22.74509811,1963.0,17.19000053,0.0977,20.00575256,SmoothCondition,HighCongestionCondition,EvenPaceStyle
0.5999756,10.5834589,35.60095694,572.2247612,1.576258659,0.0391,21.56862831,2316.0,20.95999908,0.1406,20.03929138,SmoothCondition,HighCongestionCondition,EvenPaceStyle
0.5,17.11367989,35.038007,584.0512971,1.35107994,-0.1719,16.47058868,1224.0,13.94999981,0.2383,20.02249527,SmoothCondition,HighCongestionCondition,AggressiveStyle
0.5999756,18.23958015,34.33619597,593.2321669,1.12590026,-0.4258,25.49019623,1452.0,12.77000046,0.3828,20.01217651,SmoothCondition,HighCongestionCondition,AggressiveStyle
0.5,21.39209938,33.96089598,594.375201,3.15251923,-0.414,15.68627453,1490.0,14.30000019,0.3672,20.01378632,SmoothCondition,HighCongestionCondition,AggressiveStyle
0.0,20.94173813,33.529301,594.2483657,-0.45036125,-0.3984,0.0,1375.0,12.89999962,0.3594,20.01708794,SmoothCondition,HighCongestionCondition,AggressiveStyle
-0.1999512,16.88849831,32.48596699,590.8384583,-4.27841949,-0.4062,14.11764717,1235.0,11.31999969,0.3633,20.00773811,SmoothCondition,HighCongestionCondition,AggressiveStyle
-0.2999878,16.43813896,31.88548701,588.0699669,-0.45035935,-0.4414,16.07843208,1231.0,11.71000004,0.3672,20.00588989,SmoothCondition,HighCongestionCondition,AggressiveStyle
0.0999756,16.43813896,29.26964616,560.6445265,0.45035934,-0.2227,0.0,1090.0,9.93999958,0.2773,19.95658302,SmoothCondition,HighCongestionCondition,EvenPaceStyle
0.0,13.73598003,27.03285825,523.0652299,-0.45035935,-0.082,16.07843208,893.0,8.829999924,0.2461,19.90847778,SmoothCondition,HighCongestionCondition,EvenPaceStyle
0.0,13.06044006,25.46035133,488.7199604,-0.67553997,0.1797,21.96078491,839.0,8.720000267,0.1484,19.89958572,SmoothCondition,HighCongestionCondition,EvenPaceStyle
-0.4000244,10.80864048,24.61217331,469.3681858,-2.25179958,0.2617,23.13725471,872.0,8.550000191,0.0977,19.88474655,SmoothCondition,HighCongestionCondition,EvenPaceStyle
-0.9000244,9.457559586,23.71895931,447.4070872,-1.351080894,0.332,23.52941132,878.0,8.470000267,0.082,19.88021088,SmoothCondition,HighCongestionCondition,EvenPaceStyle
-1.0,8.106479645,22.81073342,425.076904,-1.351079941,0.2969,20.3921566,1088.0,11.59000015,0.0664,19.91267014,SmoothCondition,HighCongestionCondition,EvenPaceStyle
-1.5,8.782018661,21.92877837,401.9889693,0.675539016,0.2812,30.98039246,1274.0,15.18999958,0.0859,19.95842361,SmoothCondition,HighCongestionCondition,EvenPaceStyle
-1.5999756,11.0338192,20.28121139,356.7038013,2.251800539,0.4805,1.176470637,1269.0,11.36999989,-0.0156,20.03248787,SmoothCondition,HighCongestionCondition,EvenPaceStyle
-0.7999878,0.0,16.70084951,267.0560587,-3.377699852,0.3945,38.82352829,861.0,9.289999962,0.0234,20.23560715,SmoothCondition,HighCongestionCondition,EvenPaceStyle
-0.4000244,6.079859734,14.82434956,208.4983288,6.079859734,0.418,25.09803963,861.0,7.440000057,0.0312,20.310009,SmoothCondition,HighCongestionCondition,EvenPaceStyle
-0.0999756,5.854679585,13.92738257,174.952694,-0.225180149,0.332,24.31372643,931.0,9.93999958,0.1016,20.3565979,SmoothCondition,HighCongestionCondition,EvenPaceStyle
0.1000366,7.205760002,13.06794556,140.8819202,1.351080417,0.25,28.23529434,1224.0,13.18000031,0.1562,20.41919518,SmoothCondition,HighCongestionCondition,EvenPaceStyle
0.5,7.881299973,11.51420355,82.01049593,0.675539971,0.207,10.58823586,1176.0,10.89000034,0.1797,20.48024559,SmoothCondition,HighCongestionCondition,EvenPaceStyle
0.5999756,7.205760002,10.92873562,65.87738753,-0.675539971,0.2344,4.705882549,944.0,7.289999962,0.1406,20.44926453,SmoothCondition,HighCongestionCondition,EvenPaceStyle
-0.4000244,12.38489914,8.144009686,45.40710485,4.278419495,-0.3398,67.84313965,1272.0,19.59000015,0.4765,20.49916077,SmoothCondition,LowCongestionCondition,EvenPaceStyle
-0.2999878,14.8618803,8.391707691,44.98547153,2.47698116,-0.4062,59.2156868,1633.0,16.59000015,0.539,20.50158119,SmoothCondition,LowCongestionCondition,EvenPaceStyle
-0.2000122,23.86907959,9.131048664,48.58398103,3.37770081,-0.2968,14.50980377,1850.0,14.01000023,0.4883,20.45544243,SmoothCondition,LowCongestionCondition,EvenPaceStyle
-0.3999634,27.02159882,9.581408644,52.38951135,3.15251923,-0.2187,18.4313736,1848.0,14.35999966,0.4453,20.431633,SmoothCondition,LowCongestionCondition,EvenPaceStyle
-0.5999756,25.4453373,10.0054976,54.91611735,-1.57626152,-0.2226,20.3921566,1866.0,15.27999973,0.4062,20.42033195,SmoothCondition,LowCongestionCondition,AggressiveStyle
-0.5,25.22015953,10.42583359,56.9631515,-0.22517777,-0.1992,2.745098114,1767.0,15.11999989,0.4023,20.41155052,SmoothCondition,LowCongestionCondition,AggressiveStyle
-0.5999756,23.86907959,10.82365158,58.02293637,-1.35107994,-0.4101,18.8235302,1709.0,23.39999962,0.4883,20.4418869,SmoothCondition,LowCongestionCondition,AggressiveStyle
-0.4000244,25.4453373,11.49543853,61.69019872,2.25179863,-0.7655,54.50980377,2420.0,37.54999924,0.6718,20.48181343,SmoothCondition,LowCongestionCondition,AggressiveStyle
-0.5,31.3000164,11.87449147,68.04553898,5.8546791,-0.8553,46.27450943,2466.0,26.12999916,0.6836,20.51580048,SmoothCondition,LowCongestionCondition,AggressiveStyle
-0.5999756,34.90289688,12.6963984,84.4781151,0.90071869,-1.1483,87.45098114,1861.0,26.04000092,0.8671,20.49012756,SmoothCondition,LowCongestionCondition,AggressiveStyle
-0.4000244,39.40649796,13.09046337,96.25287094,4.50360108,-1.2811,80.39215851,2065.0,35.61999893,0.9218,20.47656631,SmoothCondition,LowCongestionCondition,AggressiveStyle
-0.2999878,40.75757599,13.4845283,108.7946611,1.35107803,-1.3709,66.66666412,2231.0,43.43000031,0.9414,20.46435547,SmoothCondition,LowCongestionCondition,AggressiveStyle
-0.7999878,44.81082153,13.94614733,124.9875489,4.05324554,-1.4139,57.25490189,2342.0,38.02000046,1.0312,20.45482063,SmoothCondition,LowCongestionCondition,EvenPaceStyle
-1.2000122,52.01657867,14.50909731,148.9182169,7.20575714,-1.3709,58.4313736,2477.0,42.45999908,1.0195,20.46421242,SmoothCondition,LowCongestionCondition,EvenPaceStyle
-1.5,55.61945724,15.59746728,198.698646,3.60287857,-1.1014,53.33333588,2568.0,50.43000031,0.914,20.42670059,SmoothCondition,LowCongestionCondition,EvenPaceStyle
-1.5999756,61.02377701,16.94479426,261.5633924,3.15251923,-1.1991,85.09803772,2079.0,35.65000153,0.8125,20.31048965,SmoothCondition,LowCongestionCondition,EvenPaceStyle
-1.7999878,63.50076294,17.72917132,297.6699463,2.47698593,-1.2577,80.39215851,2171.0,42.79999924,0.8007,20.29298973,SmoothCondition,LowCongestionCondition,EvenPaceStyle
-1.5999756,66.87845612,18.57734927,337.8302073,3.37769318,-1.3007,58.03921509,2239.0,44.20000076,0.832,20.28590965,SmoothCondition,LowCongestionCondition,EvenPaceStyle
-1.9000244,70.03097534,19.47806919,381.7639697,3.15251922,-1.3475,46.27450943,2281.0,35.40999985,0.8906,20.20243835,SmoothCondition,LowCongestionCondition,EvenPaceStyle
-1.4000244,71.83242035,20.40881321,427.1337816,1.80144501,-1.4296,45.49019623,2313.0,33.27999878,0.9023,20.14394188,SmoothCondition,LowCongestionCondition,EvenPaceStyle
0.2000122,74.759758,21.38084019,475.97393,2.92733765,-1.5311,36.07843018,2335.0,34.72999954,0.957,20.0887146,SmoothCondition,LowCongestionCondition,EvenPaceStyle
0.7999878,75.66047668,22.40540915,523.966025,0.90071868,-1.578,64.70588684,2380.0,38.36999893,0.9687,20.04380989,SmoothCondition,LowCongestionCondition,EvenPaceStyle
2.5,76.78637695,23.4487431,571.8376149,1.12590027,-1.3593,29.01960754,2402.0,35.45000076,0.957,19.9854641,SmoothCondition,LowCongestionCondition,EvenPaceStyle
3.5999756,76.11083984,26.58625102,698.6274448,0.22518158,-1.0546,36.47058868,2377.0,37.02999878,0.8437,19.76302338,SmoothCondition,LowCongestionCondition,EvenPaceStyle
0.3999634,45.0359993,60.83988145,53.42265564,-0.67554092,0.3281,12.15686321,1454.0,15.56999969,-0.0391,16.51352119,SmoothCondition,LowCongestionCondition,EvenPaceStyle
0.2999878,45.71154022,60.32572053,52.84376259,0.67554092,0.3476,16.47058868,1468.0,16.07999992,-0.0664,16.42436218,SmoothCondition,LowCongestionCondition,EvenPaceStyle
-0.5,46.16189957,59.2973985,49.59679651,0.45035935,0.3476,6.666666985,1479.0,14.02999973,-0.0898,16.21637154,SmoothCondition,LowCongestionCondition,EvenPaceStyle
-1.4000244,46.38707733,58.79824944,47.2478598,0.22517776,0.3203,38.4313736,1526.0,16.73999977,-0.0781,16.14746284,SmoothCondition,LowCongestionCondition,EvenPaceStyle
-1.7000122,47.73815918,58.33287748,44.28170091,1.35108185,0.3164,49.01960754,1591.0,18.78000069,0.0234,16.11550903,SmoothCondition,LowCongestionCondition,EvenPaceStyle
-2.6000366,49.08923721,57.92380047,41.59160343,1.35107803,0.3086,53.72549057,1626.0,21.62999916,0.0391,16.08680534,SmoothCondition,LowCongestionCondition,EvenPaceStyle
-3.2999878,51.11585999,57.58978341,39.29566327,2.02662278,0.2383,49.41176605,1686.0,22.06999969,0.0547,16.05173492,SmoothCondition,LowCongestionCondition,EvenPaceStyle
-3.5,52.6921196,57.31956749,37.45787152,1.57625961,0.1953,50.98039246,1738.0,24.92000008,0.1367,16.02330208,SmoothCondition,LowCongestionCondition,EvenPaceStyle
-2.7999878,54.04319763,57.08688151,35.6497583,1.35107803,0.1562,53.33333588,1780.0,26.39999962,0.168,16.00167656,SmoothCondition,LowCongestionCondition,EvenPaceStyle
-3.0,56.0698204,56.7416057,34.28499404,1.35108184,-0.0977,49.01960754,1828.0,29.23999977,0.3047,15.98471451,SmoothCondition,LowCongestionCondition,EvenPaceStyle
-2.2999878,57.19572067,56.64402771,33.60421522,1.12590027,-0.1289,27.05882454,1837.0,29.27000046,0.3398,15.96896267,SmoothCondition,LowCongestionCondition,EvenPaceStyle
-2.0999756,57.42089844,56.56896769,33.13611531,0.22517777,-0.1758,23.52941132,1833.0,26.01000023,0.3242,16.03673744,SmoothCondition,LowCongestionCondition,EvenPaceStyle
-1.2000122,57.19572067,56.53143768,33.00089902,-0.22517777,-0.3398,19.2156868,1786.0,18.70999908,0.4023,15.99706554,SmoothCondition,LowCongestionCondition,EvenPaceStyle
-0.9000244,56.29499817,56.44136569,32.84173346,0.45035935,-0.3789,0.0,1767.0,19.78000069,0.5,15.95813847,SmoothCondition,LowCongestionCondition,EvenPaceStyle
0.8999634,51.11585999,56.09233678,33.00137101,-1.80144119,-0.3008,14.50980377,1573.0,17.40999985,0.4727,15.88679314,SmoothCondition,LowCongestionCondition,EvenPaceStyle
1.3999634,50.21513748,55.95722872,33.48402377,-0.90072251,-0.3437,31.76470566,1559.0,18.37000084,0.457,15.89239502,SmoothCondition,LowCongestionCondition,EvenPaceStyle
1.4000244,49.31441879,55.80710869,34.11426803,-0.90071869,-0.3398,42.74509811,1564.0,19.12999916,0.418,15.93418026,SmoothCondition,LowCongestionCondition,EvenPaceStyle
1.2000122,50.44031906,55.51062171,34.92268554,1.12590027,-0.2851,7.450980663,1623.0,22.57999992,0.332,15.97985077,SmoothCondition,LowCongestionCondition,EvenPaceStyle
0.2000122,51.56622314,55.37926674,34.90614071,1.12590408,-0.2031,0.0,1633.0,18.69000053,0.2812,15.9778204,SmoothCondition,LowCongestionCondition,EvenPaceStyle
-1.3999634,46.61225891,54.96268361,37.3424806,-1.57625961,0.2344,0.0,1439.0,15.75,0.1133,15.9548769,SmoothCondition,LowCongestionCondition,EvenPaceStyle
-2.2000122,43.68492126,54.69246763,40.881245,-1.35107804,0.3477,6.274509907,1333.0,14.36999989,0.0508,15.92700958,SmoothCondition,LowCongestionCondition,EvenPaceStyle
-2.0,41.88347626,54.50481758,43.58556776,-1.801445,0.3672,33.72549057,1290.0,14.51000023,0.0742,15.94668007,SmoothCondition,LowCongestionCondition,EvenPaceStyle
-1.9000244,40.75757599,54.27963753,46.73621835,-1.12590027,0.4141,30.98039246,1286.0,14.59000015,0.0586,15.9549036,SmoothCondition,LowCongestionCondition,EvenPaceStyle
-1.2000122,40.53239822,53.76922957,52.66739342,-0.22517777,0.3359,25.09803963,1288.0,14.76000023,0.043,15.97295856,SmoothCondition,LowCongestionCondition,EvenPaceStyle
0.2999878,30.17411804,51.73885676,66.83461773,-5.62950516,0.6562,18.8235302,927.0,9.470000267,-0.1484,16.0206871,SmoothCondition,LowCongestionCondition,EvenPaceStyle
0.6000366,21.84246063,51.01077487,78.22216166,-8.33165741,0.7226,23.52941132,899.0,9.130000114,-0.1562,16.04447937,SmoothCondition,LowCongestionCondition,EvenPaceStyle
0.9000244,17.33885956,50.21138585,93.32744422,-4.50360107,0.7812,6.666666985,979.0,9.760000229,-0.168,16.06242561,SmoothCondition,LowCongestionCondition,EvenPaceStyle
0.6000366,18.01440048,49.43451494,106.7619215,0.67554092,0.7773,32.15686417,935.0,9.029999733,-0.1836,16.08276558,SmoothCondition,LowCongestionCondition,EvenPaceStyle
0.5,16.21295929,48.63512592,121.1349751,-1.80144119,0.8476,25.49019623,855.0,8.279999733,-0.1914,16.08739853,SmoothCondition,LowCongestionCondition,EvenPaceStyle
1.1000366,13.06044006,47.78319492,137.753331,-3.15251923,0.9257,23.92156982,885.0,8.789999962,-0.2578,16.08299637,SmoothCondition,LowCongestionCondition,EvenPaceStyle
0.5,9.457559586,46.87121592,157.2485528,-3.602880474,0.914,24.31372643,850.0,8.279999733,-0.2305,16.07812119,SmoothCondition,LowCongestionCondition,EvenPaceStyle
0.7000122,5.40432024,45.89918891,180.6168833,-4.053239346,0.8515,27.05882454,849.0,8.25,-0.2383,16.07808304,SmoothCondition,LowCongestionCondition,EvenPaceStyle
0.1999512,0.0,42.8742711,252.9615584,-3.602880001,0.3593,40.0,1359.0,16.27000046,-0.0508,16.10381889,SmoothCondition,LowCongestionCondition,EvenPaceStyle
0.8999634,13.28561974,41.24922214,274.7158057,4.278419499,0.0352,80.39215851,1212.0,15.43000031,0.1016,16.08640862,SmoothCondition,LowCongestionCondition,EvenPaceStyle
0.6000366,16.21295929,40.55867013,280.2979376,2.92733955,-0.0664,77.64705658,1627.0,25.0,0.1875,16.08185005,SmoothCondition,LowCongestionCondition,EvenPaceStyle
-0.3000488,20.71656036,39.99947315,283.4672787,4.50360107,-0.0703,29.01960754,1984.0,30.54999924,0.2383,16.09518051,SmoothCondition,LowCongestionCondition,EvenPaceStyle
-0.9000244,29.49857903,39.32018022,285.9752938,3.60287858,0.0313,0.0,2048.0,23.02000046,0.2266,16.10429955,SmoothCondition,LowCongestionCondition,AggressiveStyle
-1.5,21.1669178,38.31437619,293.3951043,-5.179142,0.1054,19.2156868,1140.0,11.32999992,0.1445,16.11751747,SmoothCondition,LowCongestionCondition,AggressiveStyle
-1.7000122,14.63669968,37.79646218,301.6971422,-6.53021812,0.164,20.7843132,913.0,8.880000114,0.1172,16.13639069,SmoothCondition,LowCongestionCondition,AggressiveStyle
-2.0999756,7.205760002,37.14719319,315.9432015,-7.430939678,0.1757,23.92156982,857.0,8.600000381,0.0898,16.18187332,SmoothCondition,LowCongestionCondition,AggressiveStyle
-1.59997558,7.430940151,0.825659971,7.070769542,7.430940151,-0.4374,65.88235474,1240.0,15.64000034,0.4883,23.05040169,SmoothCondition,HighCongestionCondition,EvenPaceStyle
-1.39996338,14.18633938,0.84442496,7.558850609,6.755399229,-0.4413,43.92156982,2085.0,26.93000031,0.4922,23.20877647,SmoothCondition,HighCongestionCondition,EvenPaceStyle
-1.2000122,15.98777962,0.945755972,10.04288771,1.80144024,-0.578,10.98039246,1233.0,13.39999962,0.5039,23.27403641,SmoothCondition,HighCongestionCondition,EvenPaceStyle
-1.0,18.91511917,1.313549969,18.94371538,0.45035934,-0.5936,17.25490189,1383.0,10.09000015,0.5234,23.18598747,SmoothCondition,HighCongestionCondition,EvenPaceStyle
-0.89996338,20.94173813,1.610036939,25.32693044,2.02661896,-0.5585,28.62745094,1529.0,9.989999771,0.5508,23.09532547,SmoothCondition,LowCongestionCondition,EvenPaceStyle
-1.09997558,22.0676384,1.966571911,32.27630573,1.12590027,-0.5429,20.3921566,1620.0,10.15999985,0.6172,22.98091507,SmoothCondition,LowCongestionCondition,EvenPaceStyle
-0.59997558,24.31943893,2.371895894,40.51233975,2.25180053,-0.5663,25.49019623,1707.0,11.65999985,0.6523,22.90488052,SmoothCondition,LowCongestionCondition,EvenPaceStyle
-1.39996338,25.22015953,2.792231886,49.08549772,0.9007206,-0.6249,27.84313774,1842.0,13.44999981,0.5976,22.89756966,SmoothCondition,LowCongestionCondition,EvenPaceStyle
0.2000122,25.89570045,3.223826893,57.81087476,0.67554092,-0.5194,4.313725471,1829.0,17.34000015,0.5468,22.92040634,SmoothCondition,LowCongestionCondition,AggressiveStyle
-0.40002441,23.41871834,3.614138866,64.39223027,-2.47698211,-0.496,0.0,1640.0,16.01000023,0.4883,22.93209267,SmoothCondition,LowCongestionCondition,AggressiveStyle
-1.2999878,22.74317932,4.349726844,74.95810635,1.35107994,-0.6444,47.05882263,1656.0,17.95999908,0.3594,22.93449783,SmoothCondition,LowCongestionCondition,AggressiveStyle
-1.40002441,26.3460598,5.190398828,88.40626251,2.25180054,-0.828,38.4313736,2144.0,23.48999977,0.4531,23.02518463,SmoothCondition,LowCongestionCondition,EvenPaceStyle
-1.20001221,31.75038147,5.719571853,99.62136408,5.40432167,-0.8593,35.29411697,2367.0,24.03000069,0.5195,23.08166885,SmoothCondition,LowCongestionCondition,EvenPaceStyle
-1.5,35.12807465,6.305039764,113.3769602,3.37769318,-0.91,50.98039246,2342.0,21.07999992,0.5351,23.13559151,SmoothCondition,LowCongestionCondition,AggressiveStyle
-0.80004882,36.47916031,6.913025769,127.7590824,1.35108566,-1.0077,54.90196228,1570.0,19.87999916,0.5742,23.16491318,SmoothCondition,LowCongestionCondition,EvenPaceStyle
-1.0,38.50577927,7.554788757,143.4472275,2.02661896,-0.9296,29.01960754,1665.0,16.22999954,0.582,23.13721466,SmoothCondition,LowCongestionCondition,EvenPaceStyle
-0.09997559,39.85686111,8.860832763,173.6996507,1.35108184,-0.6172,13.72549057,1734.0,10.46000004,0.3867,22.87048912,SmoothCondition,LowCongestionCondition,EvenPaceStyle
0.5,38.73096085,10.82740463,212.9933243,-0.90071487,-0.4531,0.784313738,1659.0,10.93000031,0.3086,22.62623024,SmoothCondition,LowCongestionCondition,EvenPaceStyle
3.09997559,25.22015953,13.49954062,235.9831549,-3.37770081,0.2578,17.25490189,1161.0,8.140000343,0.1055,22.51791191,SmoothCondition,LowCongestionCondition,EvenPaceStyle
2.79998779,20.94173813,13.84856959,233.709247,-4.2784214,0.207,21.96078491,960.0,5.159999847,0.1406,22.36727715,SmoothCondition,LowCongestionCondition,EvenPaceStyle
2.0,16.43813896,14.42277858,227.2806249,-1.57626152,0.3906,22.35294151,905.0,5.670000076,0.2187,22.27403831,SmoothCondition,LowCongestionCondition,EvenPaceStyle
1.40002441,10.80864048,14.60292259,223.9433087,-5.62949848,0.6288,23.52941132,868.0,6.03000021,0.2305,22.28495979,SmoothCondition,LowCongestionCondition,AggressiveStyle
1.40002441,1.801440001,13.24433671,135.3240667,0.0,0.6133,25.09803963,793.0,7.699999809,-0.1211,19.7749691,SmoothCondition,LowCongestionCondition,EvenPaceStyle
0.20001221,6.079859734,3.407723927,28.25867115,6.079859734,-0.0859,20.7843132,907.0,5.650000095,0.2266,20.42873192,SmoothCondition,LowCongestionCondition,EvenPaceStyle
0.40002441,9.232379913,3.257603923,25.0822389,3.152520179,-0.0234,24.70588303,854.0,7.460000038,0.1719,20.52620697,SmoothCondition,LowCongestionCondition,EvenPaceStyle
1.09997559,11.70935917,3.141260918,22.24262948,2.476979257,0.0352,25.49019623,849.0,6.809999943,0.1445,20.63396454,SmoothCondition,LowCongestionCondition,EvenPaceStyle
2.70001221,0.0,2.431943945,14.7576892,-1.576259971,-0.2031,50.58823776,1131.0,9.0,0.2695,20.73461342,SmoothCondition,LowCongestionCondition,EvenPaceStyle
2.5,10.13309956,2.142962937,13.54193311,10.13309956,-0.3828,19.6078434,1584.0,12.57999992,0.3281,20.95870209,SmoothCondition,LowCongestionCondition,EvenPaceStyle
1.69995118,13.06044006,2.176739951,14.22117936,2.9273405,-0.4804,26.27450943,1094.0,11.35000038,0.3633,20.91587257,SmoothCondition,LowCongestionCondition,EvenPaceStyle
0.7000122,14.41152,2.229281954,15.35739561,1.35107994,-0.5586,57.25490189,1351.0,15.72000027,0.3867,20.87334824,SmoothCondition,LowCongestionCondition,EvenPaceStyle
-0.2999878,18.23958015,2.371895953,18.73968854,3.82806015,-0.6328,46.66666794,1613.0,17.95999908,0.3945,20.82077217,SmoothCondition,LowCongestionCondition,EvenPaceStyle
-1.0,20.26619911,2.552039945,23.28294863,2.02661896,-0.5429,23.13725471,1748.0,12.56000042,0.3594,20.75603104,SmoothCondition,LowCongestionCondition,EvenPaceStyle
-1.80004882,22.74317932,2.807243931,29.72312994,2.47698021,-0.4531,0.0,1672.0,16.01000023,0.3086,20.7101841,SmoothCondition,LowCongestionCondition,EvenPaceStyle
-3.59997559,11.25899982,3.764258881,47.44381225,-3.8280592,0.0312,18.4313736,881.0,6.590000153,0.0742,20.62768555,SmoothCondition,HighCongestionCondition,EvenPaceStyle
-3.39996338,6.980579853,3.850577879,47.54626996,-4.278419967,0.1523,24.70588303,862.0,7.440000057,0.0391,20.71853638,SmoothCondition,HighCongestionCondition,EvenPaceStyle
0.20001221,1.576259971,31.07108594,151.579215,-6.079859376,1.039,23.92156982,783.0,8.300000191,-0.1367,18.49975586,SmoothCondition,LowCongestionCondition,EvenPaceStyle
-0.5,8.106479645,16.03281538,312.924608,8.106479645,-0.332,40.39215851,1815.0,26.21999931,0.4023,18.66700363,SmoothCondition,LowCongestionCondition,EvenPaceStyle
-0.09997559,14.41152,15.74758739,308.8183931,6.305040355,-0.5077,6.666666985,1588.0,18.46999931,0.4726,18.73254585,SmoothCondition,LowCongestionCondition,EvenPaceStyle
0.29998779,29.7237606,15.01950562,288.3046895,2.70216178,-0.7812,12.15686321,2080.0,17.29000092,0.7421,18.81010246,SmoothCondition,LowCongestionCondition,AggressiveStyle
0.20001221,26.79641914,14.88064469,283.7823879,-2.92734146,-0.7421,10.98039246,2086.0,17.72999954,0.7656,18.81951714,SmoothCondition,LowCongestionCondition,AggressiveStyle
0.09997559,26.3460598,14.71551271,278.2400187,-0.45035934,-0.7694,26.27450943,2129.0,18.37000084,0.8203,18.83745575,SmoothCondition,LowCongestionCondition,AggressiveStyle
0.59997559,27.92231941,14.53912171,271.5718176,1.57625961,-0.8319,39.2156868,2193.0,26.22999954,0.8906,18.88356781,SmoothCondition,LowCongestionCondition,AggressiveStyle
0.19995118,30.84966087,14.38900171,265.193743,2.92734146,-0.8398,6.274509907,2384.0,22.92000008,0.8867,18.91323853,SmoothCondition,LowCongestionCondition,AggressiveStyle
0.2999878,31.3000164,14.07374972,251.7399729,1.5762558,-0.9218,29.41176605,1619.0,24.65999985,0.957,18.93142128,SmoothCondition,LowCongestionCondition,AggressiveStyle
0.2000122,35.12807465,13.86733461,242.1278084,2.47697449,-0.8866,0.0,1640.0,16.45000076,0.8398,18.90399361,SmoothCondition,LowCongestionCondition,AggressiveStyle
0.90002441,21.84246063,13.11298169,213.1825323,-3.60287667,0.0273,18.8235302,927.0,9.220000267,0.4843,18.79518509,SmoothCondition,LowCongestionCondition,EvenPaceStyle
1.0,18.23958015,12.79397671,203.5434451,-3.60288048,0.0781,23.13725471,894.0,8.979999542,0.457,18.80500031,SmoothCondition,LowCongestionCondition,EvenPaceStyle
1.09997558,15.08705902,12.42618267,193.4366143,-3.15252113,0.2695,25.09803963,869.0,8.68999958,0.3828,18.83470726,SmoothCondition,LowCongestionCondition,AggressiveStyle
0.7000122,11.93453979,12.00959968,183.0877279,-3.15251923,0.3164,23.92156982,947.0,10.64999962,0.3515,18.88157845,SmoothCondition,LowCongestionCondition,AggressiveStyle
-0.5,14.41152,11.63429968,172.5168094,2.47698021,0.3671,58.8235321,1137.0,12.77000046,0.4101,18.93055153,SmoothCondition,LowCongestionCondition,AggressiveStyle
-1.10003662,18.23958015,11.41662574,166.653189,3.82806015,0.414,37.25490189,1291.0,14.71000004,0.2734,18.98420143,SmoothCondition,LowCongestionCondition,AggressiveStyle
-1.5,18.6899395,11.33405974,165.0088811,0.45035935,0.4414,29.80392265,1383.0,15.57999992,0.2539,19.03854752,SmoothCondition,LowCongestionCondition,AggressiveStyle
-2.2999878,15.08705902,11.37534272,165.2182797,-2.25180054,0.6366,11.37254906,876.0,8.710000038,0.0469,19.07350159,SmoothCondition,LowCongestionCondition,AggressiveStyle
-2.40002441,11.25899982,11.43539073,164.980391,-3.8280592,0.6679,22.74509811,874.0,8.789999962,-0.0078,19.09513855,SmoothCondition,LowCongestionCondition,AggressiveStyle
-2.59997559,8.106479645,11.44289674,164.9260753,-3.152520175,0.7929,22.35294151,905.0,9.100000381,-0.0977,19.12355804,SmoothCondition,LowCongestionCondition,EvenPaceStyle
-2.79998779,8.556839943,11.55923974,163.4034764,0.450360298,0.7851,15.68627453,980.0,10.81000042,-0.1055,19.1968956,SmoothCondition,LowCongestionCondition,EvenPaceStyle
-0.69995118,11.0338192,12.05838873,156.5379802,0.67553902,0.828,8.627450943,1707.0,15.28999996,-0.0352,19.45856285,SmoothCondition,LowCongestionCondition,EvenPaceStyle
-0.60003662,11.25899982,12.24603872,154.0485146,0.22518062,0.8085,11.76470566,1702.0,16.48999977,-0.0312,19.54704285,SmoothCondition,LowCongestionCondition,EvenPaceStyle
0.09997559,9.682740211,12.40741773,151.5916069,-1.576259609,0.7695,5.882352829,1527.0,13.25,-0.0664,19.62995529,SmoothCondition,LowCongestionCondition,EvenPaceStyle
0.2000122,7.430940151,12.68889272,146.8598318,-2.026619435,0.5898,10.1960783,1259.0,11.14999962,-0.0273,19.75073624,SmoothCondition,LowCongestionCondition,EvenPaceStyle
0.5,6.305039883,12.79397672,144.8103915,-1.125900268,0.4531,18.4313736,1085.0,8.720000267,0.0469,19.737463,SmoothCondition,LowCongestionCondition,EvenPaceStyle
1.09997559,6.079859734,12.99288571,140.8017075,0.225180149,0.332,22.74509811,923.0,7.920000076,0.1016,19.71296501,SmoothCondition,LowCongestionCondition,EvenPaceStyle
1.59997559,5.40432024,13.18428871,136.8279446,-0.675539494,0.457,27.05882454,869.0,8.550000191,0.0039,19.7388382,SmoothCondition,LowCongestionCondition,EvenPaceStyle
1.70001221,1.801440001,13.21431271,136.0769224,-3.602880239,0.5547,23.92156982,854.0,8.430000305,-0.0625,19.7749691,SmoothCondition,LowCongestionCondition,EvenPaceStyle
1.2000122,109.8878403,107.204443,17.53619689,-7.6561203,0.2344,0.0,2148.0,24.77000046,0.3046,8.081935883,SmoothCondition,LowCongestionCondition,EvenPaceStyle
1.39996338,101.1058121,107.2457259,17.93080301,-1.801445,0.1484,25.88235283,2037.0,22.89999962,0.0742,8.028503418,SmoothCondition,LowCongestionCondition,EvenPaceStyle
1.20001221,100.430275,107.2119488,18.32824503,-0.6755371,0.1016,53.33333588,2020.0,18.30999947,-0.0234,8.001919746,SmoothCondition,LowCongestionCondition,EvenPaceStyle
-1.39996338,99.75473785,107.4183642,15.39395056,-2.25180815,0.0469,25.49019623,2022.0,13.94999981,0.2422,7.847627163,SmoothCondition,LowCongestionCondition,EvenPaceStyle
-2.59997558,99.52954865,107.3845871,15.86513188,-0.2251892,0.1055,34.11764908,2012.0,15.10999966,0.2109,7.802546978,SmoothCondition,LowCongestionCondition,EvenPaceStyle
-2.79998779,99.97991943,107.3583162,16.21796761,0.45037078,0.1602,16.07843208,2011.0,17.03000069,0.0937,7.765844345,SmoothCondition,LowCongestionCondition,EvenPaceStyle
-3.10003662,99.07919312,107.2870091,17.10327656,-0.90072631,0.0781,34.50980377,1994.0,13.60000038,-0.0429,7.71873951,SmoothCondition,LowCongestionCondition,EvenPaceStyle
-3.19995118,99.97991943,107.2194551,17.82416122,0.90072631,0.1016,52.94117737,1995.0,24.10000038,-0.0195,7.703811646,SmoothCondition,LowCongestionCondition,EvenPaceStyle
-3.30004882,99.75473785,107.1481481,18.59135493,-0.22518158,0.1523,49.80392075,2000.0,28.26000023,0.043,7.689519882,SmoothCondition,LowCongestionCondition,EvenPaceStyle
-3.90002441,98.62883759,107.0505701,19.69147565,-1.12590026,0.2461,60.0,2012.0,26.73999977,0.1172,7.679591179,SmoothCondition,LowCongestionCondition,EvenPaceStyle
-3.7999878,98.40365601,106.844155,21.92991858,-0.22518158,0.375,54.90196228,2053.0,30.29000092,0.4219,7.689494133,SmoothCondition,LowCongestionCondition,EvenPaceStyle
-3.90002441,103.8079758,106.806625,22.07430204,5.40431979,0.168,67.05882263,2068.0,28.67000008,0.5937,7.693285942,SmoothCondition,LowCongestionCondition,EvenPaceStyle
-3.20001221,104.4835205,106.772848,22.16312336,0.6755447,0.0508,69.01960754,2095.0,36.45000076,0.6679,7.696527481,SmoothCondition,LowCongestionCondition,EvenPaceStyle
-3.29998779,104.7087021,106.7278121,22.2263767,0.2251816,-0.0078,84.70588684,2121.0,37.95999908,0.7695,7.698386192,SmoothCondition,LowCongestionCondition,EvenPaceStyle
-2.89996338,106.960495,106.7428241,22.21950124,2.2517929,-0.0742,87.05882263,2153.0,43.45000076,0.789,7.701042175,SmoothCondition,LowCongestionCondition,EvenPaceStyle
-2.90002441,108.3115768,106.7803541,22.25187278,1.3510818,-0.0703,75.29412079,2181.0,45.13999939,0.8125,7.704819679,SmoothCondition,LowCongestionCondition,EvenPaceStyle
-2.7999878,109.2122955,106.855414,22.27364495,0.9007187,-0.0312,49.41176605,2202.0,40.09000015,0.8984,7.708621025,SmoothCondition,LowCongestionCondition,EvenPaceStyle
-2.40002441,109.6626511,106.9229678,22.3762597,0.4503556,0.0273,65.49019623,2218.0,37.86999893,0.875,7.712706089,SmoothCondition,LowCongestionCondition,EvenPaceStyle
-2.29998779,110.7885513,106.9905216,22.62428874,1.1259002,0.0156,52.94117737,2229.0,39.04999924,0.8593,7.717555046,SmoothCondition,LowCongestionCondition,EvenPaceStyle
-1.39996338,111.2389145,107.0393106,22.89820117,0.4503632,-0.0273,74.50980377,2236.0,34.86999893,0.8984,7.72072506,SmoothCondition,LowCongestionCondition,EvenPaceStyle
-0.59997559,110.5633774,107.0543227,22.99182167,-0.6755371,-0.0703,76.47058868,2246.0,38.95000076,0.9218,7.729201317,SmoothCondition,LowCongestionCondition,EvenPaceStyle
-0.29998779,112.5899963,107.1031118,23.39347392,2.0266189,-0.1133,83.52941132,2271.0,43.04000092,0.9375,7.739318848,SmoothCondition,LowCongestionCondition,EvenPaceStyle
0.29998779,113.2655411,107.1519009,23.85732043,0.6755448,-0.125,82.74510193,2299.0,46.75999832,0.9882,7.744419098,SmoothCondition,LowCongestionCondition,EvenPaceStyle
0.70001221,114.6166153,107.2344669,24.79798948,1.3510742,-0.1641,28.23529434,2303.0,38.95000076,1.1484,7.734191895,SmoothCondition,LowCongestionCondition,EvenPaceStyle
1.70001221,114.1662521,107.2494788,24.99565505,-0.4503632,-0.2031,50.98039246,2299.0,37.38000107,1.1601,7.727973461,SmoothCondition,LowCongestionCondition,EvenPaceStyle
2.30004882,113.7158966,107.2569847,25.09087832,-0.4503555,-0.1719,24.70588303,2280.0,33.93000031,1.082,7.732851028,SmoothCondition,LowCongestionCondition,EvenPaceStyle
2.7000122,112.8151779,107.2945147,25.42777271,-0.9007187,-0.125,0.0,2241.0,25.86000061,1.0937,7.724431992,SmoothCondition,LowCongestionCondition,EvenPaceStyle
2.7999878,111.0137405,107.3020208,25.4810574,-1.8014374,-0.0938,16.47058868,2193.0,20.04000092,1.0273,7.696808338,SmoothCondition,LowCongestionCondition,EvenPaceStyle
3.39996338,109.2122955,107.3057737,25.49476485,-1.801445,-0.0274,0.0,2165.0,22.64999962,0.9414,7.674183846,SmoothCondition,LowCongestionCondition,EvenPaceStyle
3.5,89.39645386,106.1986383,37.8182668,-1.801445,0.5547,16.07843208,1759.0,19.18000031,0.5742,7.605156422,SmoothCondition,LowCongestionCondition,EvenPaceStyle
3.59997558,85.34321594,105.7933144,44.81982625,-4.05323792,0.5586,29.01960754,1731.0,15.39999962,0.582,7.575417519,SmoothCondition,LowCongestionCondition,EvenPaceStyle
3.10003662,86.01875305,105.3767312,50.8091133,0.67553711,0.5117,48.23529434,1723.0,14.02999973,0.4726,7.543054104,SmoothCondition,LowCongestionCondition,EvenPaceStyle
2.39996338,86.46912384,104.9676543,56.15964054,0.45037079,0.5195,69.41176605,1753.0,22.96999931,0.4609,7.52796936,SmoothCondition,LowCongestionCondition,EvenPaceStyle
1.2000122,89.39645386,104.2883614,64.53325417,2.02661133,0.4765,76.47058868,1790.0,31.37000084,0.4062,7.510828972,SmoothCondition,LowCongestionCondition,EvenPaceStyle
1.30004882,90.97271729,104.0031334,67.21122053,1.57626343,0.5117,23.52941132,1822.0,34.50999832,0.289,7.53238821,SmoothCondition,LowCongestionCondition,EvenPaceStyle
0.69995118,91.64825439,103.7366703,69.50248956,0.6755371,0.4414,6.274509907,1838.0,23.02000046,0.1602,7.519532204,SmoothCondition,LowCongestionCondition,EvenPaceStyle
-0.09997559,91.19789886,103.4439363,71.65208043,-0.45035553,0.4882,30.98039246,1840.0,16.52000046,0.1562,7.489460945,SmoothCondition,LowCongestionCondition,EvenPaceStyle
-1.10003662,91.8734436,103.1324374,72.96340188,0.67554474,0.5234,32.15686417,1863.0,16.15999985,0.1484,7.463518143,SmoothCondition,LowCongestionCondition,EvenPaceStyle
-2.29998779,92.99934387,102.8472094,73.79509213,1.12590027,0.4804,49.41176605,1882.0,15.05000019,0.2187,7.433895588,SmoothCondition,LowCongestionCondition,EvenPaceStyle
-3.2000122,93.67487335,102.5694874,74.19151756,0.67552948,0.4336,32.54901886,1903.0,23.11000061,0.2344,7.427014351,SmoothCondition,LowCongestionCondition,EvenPaceStyle
-4.0,94.57559967,102.3067774,74.18149077,0.90072632,0.3554,38.4313736,1918.0,16.68000031,0.1055,7.402383327,SmoothCondition,LowCongestionCondition,EvenPaceStyle
-4.7999878,94.80077362,102.0290554,73.63667444,0.22517395,0.332,0.0,1913.0,14.92000008,0.0781,7.371643543,SmoothCondition,LowCongestionCondition,EvenPaceStyle
-7.09997559,92.54897308,100.7342701,67.00213287,-1.12590027,0.0898,1.568627477,1858.0,21.35000038,0.1523,7.315669537,SmoothCondition,LowCongestionCondition,EvenPaceStyle
-7.59997559,92.32379913,100.4152651,69.15076581,-0.22517395,0.0703,19.2156868,1865.0,15.22999954,0.1133,7.29896307,SmoothCondition,LowCongestionCondition,EvenPaceStyle
-7.5,92.77415466,100.2876631,70.12380662,0.45035553,0.1484,0.0,1870.0,14.57999992,0.25,7.284938812,SmoothCondition,LowCongestionCondition,EvenPaceStyle
-7.29998779,91.64825439,100.1450492,71.36808189,-1.12590027,0.1016,1.960784316,1859.0,20.0,0.2422,7.289510727,SmoothCondition,LowCongestionCondition,EvenPaceStyle
-7.30004882,92.09861755,99.97616412,72.36265032,0.45036316,0.1289,27.05882454,1848.0,17.02000046,0.2578,7.297087669,SmoothCondition,LowCongestionCondition,EvenPaceStyle
-7.40002442,92.99934387,99.5107919,74.56586688,-0.22517395,0.4297,0.0,1878.0,13.81000042,0.3672,7.276716232,SmoothCondition,LowCongestionCondition,EvenPaceStyle
-2.10003662,39.85686111,45.25742617,71.29008598,-2.70215607,0.1172,9.019607544,1713.0,19.94000053,0.1406,11.13087177,SmoothCondition,LowCongestionCondition,EvenPaceStyle
-2.09997558,40.75757599,45.0847881,71.02125836,0.90071488,0.0234,27.84313774,1766.0,17.17000008,0.125,11.1415453,SmoothCondition,LowCongestionCondition,EvenPaceStyle
-1.90002441,41.65829849,44.89713806,70.1446451,0.9007225,0.0156,26.66666794,1799.0,13.47999954,0.0977,11.13738155,SmoothCondition,LowCongestionCondition,EvenPaceStyle
-1.2000122,42.3338356,44.53309698,68.10312594,0.67553711,0.2148,0.0,1719.0,16.04000092,0.0273,11.13852215,SmoothCondition,LowCongestionCondition,EvenPaceStyle
-0.79998779,29.04821777,43.81627404,72.79717332,-5.62950135,0.7694,18.8235302,919.0,11.39999962,-0.3945,11.14127922,SmoothCondition,LowCongestionCondition,EvenPaceStyle
-1.10003662,5.854679585,42.32258001,116.5042825,-5.404320235,1.1951,22.35294151,837.0,5.380000114,-0.6289,11.1600666,SmoothCondition,LowCongestionCondition,AggressiveStyle
-1.09997559,3.602880001,41.62076901,141.2191604,-2.251799584,1.2069,23.13725471,848.0,5.809999943,-0.6758,11.32830524,SmoothCondition,LowCongestionCondition,AggressiveStyle
-0.20001221,29.27339935,27.1492012,493.6332833,6.30503845,-0.9452,36.86274719,2064.0,36.40000153,0.7265,11.71299553,SmoothCondition,LowCongestionCondition,EvenPaceStyle
-0.2999878,33.77699661,26.87898515,485.4611887,4.50359726,-1.0663,60.39215851,2715.0,42.11999893,0.7812,11.78984451,SmoothCondition,LowCongestionCondition,AggressiveStyle
-0.60003662,38.28059769,26.70259412,479.44062,4.50360108,-1.2069,4.313725471,1757.0,41.56999969,0.8593,11.86812115,SmoothCondition,LowCongestionCondition,AggressiveStyle
-1.0,40.75757599,26.57123909,474.6153103,2.4769783,-1.3358,77.2549057,1940.0,26.15999985,0.9453,11.93387794,SmoothCondition,LowCongestionCondition,AggressiveStyle
-1.40002442,46.38707733,26.55622704,473.9962939,5.62950134,-1.3592,38.4313736,2085.0,35.16999817,0.957,12.0300684,SmoothCondition,LowCongestionCondition,AggressiveStyle
-1.59997559,48.86405945,26.60501601,476.0622767,2.47698212,-1.3045,27.45098114,2099.0,29.53000069,0.9687,12.13019753,SmoothCondition,LowCongestionCondition,AggressiveStyle
-1.69995118,49.98995972,26.72135906,480.7561819,1.12590027,-1.285,4.705882549,2096.0,25.67000008,0.9648,12.17036152,SmoothCondition,LowCongestionCondition,AggressiveStyle
-1.39996338,47.73815918,26.92777404,488.375192,-0.67553711,-1.2147,4.705882549,1996.0,22.47999954,0.9804,12.21116924,SmoothCondition,LowCongestionCondition,AggressiveStyle
-1.5,45.9367218,26.9953282,490.8431206,-0.22517777,-1.2694,15.29411793,2001.0,15.23999977,0.9296,12.31195736,SmoothCondition,LowCongestionCondition,AggressiveStyle
-1.5,37.60506058,25.85066331,442.5361041,-1.57625961,-0.5038,17.64705849,1627.0,18.04000092,0.5781,12.75961971,SmoothCondition,LowCongestionCondition,EvenPaceStyle
-1.70001221,38.05541992,25.5691883,430.6341516,0.45035934,-0.4023,18.03921509,1656.0,11.89999962,0.4804,12.79458618,SmoothCondition,LowCongestionCondition,EvenPaceStyle
-1.5,38.50577927,25.29521929,418.7693545,0.45035935,-0.2812,34.50980377,1697.0,10.90999985,0.3476,12.82169151,SmoothCondition,LowCongestionCondition,EvenPaceStyle
-0.70001221,24.54461861,23.92537431,373.3298043,-5.85468101,0.7031,18.8235302,930.0,9.949999809,-0.168,13.16137695,SmoothCondition,LowCongestionCondition,EvenPaceStyle
-0.20001221,14.8618803,23.15225637,365.3627126,-4.50360012,0.8671,22.74509811,893.0,7.150000095,-0.3242,13.30854511,SmoothCondition,LowCongestionCondition,EvenPaceStyle
-0.09997559,8.556839943,22.6005654,362.859167,-6.305040357,0.9648,23.52941132,870.0,5.119999886,-0.4101,13.45567894,SmoothCondition,LowCongestionCondition,EvenPaceStyle
0.0,3.828059673,21.97006142,362.2720087,-4.72878027,0.9843,23.92156982,877.0,5.050000191,-0.4336,13.6187191,SmoothCondition,LowCongestionCondition,EvenPaceStyle
-0.8999634,76.11083984,51.79515184,301.7378226,0.90071869,-0.7656,37.64706039,2387.0,22.54999924,0.4219,14.50434113,SmoothCondition,LowCongestionCondition,EvenPaceStyle
-0.3999634,75.66047668,52.75967277,290.8451505,-0.45036316,-0.7148,23.13725471,2347.0,19.21999931,0.2812,14.36514282,SmoothCondition,LowCongestionCondition,EvenPaceStyle
0.0,75.21012115,53.70542879,278.5436982,-0.45035553,-0.6484,12.94117641,2350.0,19.14999962,0.2422,14.23492908,SmoothCondition,LowCongestionCondition,EvenPaceStyle
0.6000366,75.88565826,56.56896785,230.5355656,0.45035553,-0.6094,39.60784531,2356.0,25.62000084,0.2344,13.94567394,SmoothCondition,LowCongestionCondition,EvenPaceStyle
0.2999878,75.21012115,57.38712187,220.0312265,-0.67553711,-0.5664,44.70588303,2381.0,24.38999939,0.168,13.89039135,SmoothCondition,LowCongestionCondition,EvenPaceStyle
-0.1000366,74.759758,58.11895682,212.6657469,-0.45036315,-0.4414,21.96078491,2400.0,24.12000084,0.082,13.83441162,SmoothCondition,LowCongestionCondition,EvenPaceStyle
-1.0,42.3338356,60.11930555,170.8887878,-1.80144119,0.2655,19.2156868,1360.0,10.55000019,-0.4609,13.3500967,SmoothCondition,LowCongestionCondition,EvenPaceStyle
-0.3999634,41.65829849,60.11555258,171.0288296,-0.67553711,0.4023,8.235294342,1746.0,13.06000042,-0.3867,13.311553,SmoothCondition,LowCongestionCondition,AggressiveStyle
-0.1999512,38.50577927,59.99920953,175.5776926,-1.12589645,0.3905,51.76470566,1826.0,18.32999992,-0.1875,13.32592583,SmoothCondition,LowCongestionCondition,AggressiveStyle
-1.5,42.3338356,59.90163148,179.1805154,3.37769699,0.3515,48.62745285,2004.0,25.05999947,-0.0586,13.40190601,SmoothCondition,LowCongestionCondition,AggressiveStyle
-1.7000122,46.38707733,59.99170348,176.2014071,4.05324173,0.2187,44.70588303,2067.0,22.27000046,-0.1992,13.42222977,SmoothCondition,LowCongestionCondition,EvenPaceStyle
-1.7999878,49.31441879,60.26942545,166.9738267,2.92734146,0.1327,6.666666985,2113.0,20.64999962,-0.1757,13.44022274,SmoothCondition,LowCongestionCondition,EvenPaceStyle
-1.5,49.76477432,60.41954543,162.3684583,0.45035553,0.1132,10.58823586,2043.0,15.96000004,-0.2148,13.40622711,SmoothCondition,LowCongestionCondition,EvenPaceStyle
-2.3999634,47.73815918,60.55090033,158.6578251,-2.02661514,0.1288,38.03921509,2071.0,16.95000076,-0.2851,13.38672352,SmoothCondition,LowCongestionCondition,EvenPaceStyle
-2.2000122,43.45973969,60.46082834,161.2856004,-4.27841949,0.0859,45.49019623,2138.0,23.37000084,-0.25,13.40668774,SmoothCondition,LowCongestionCondition,EvenPaceStyle
-1.9000244,40.75757599,60.28819027,166.3551171,-2.7021637,-0.0821,49.80392075,2209.0,31.42000008,-0.1289,13.47692776,SmoothCondition,LowCongestionCondition,EvenPaceStyle
0.2000122,54.49356079,60.23940131,167.8034616,8.10648346,-0.6992,53.72549057,2439.0,35.86000061,0.1719,13.52528667,SmoothCondition,LowCongestionCondition,EvenPaceStyle
3.6999512,64.85183716,60.74230321,164.1889527,4.50360108,-1.039,50.58823776,2819.0,30.11000061,0.5391,13.64621925,SmoothCondition,LowCongestionCondition,EvenPaceStyle
4.0999756,65.07701874,60.93370622,163.6038138,0.22518158,-1.0546,0.0,2063.0,26.48999977,0.543,13.64094448,SmoothCondition,LowCongestionCondition,EvenPaceStyle
5.0,69.13024902,61.41409003,162.4894254,4.05323028,-1.2734,48.62745285,2187.0,25.90999985,0.5039,13.64958382,SmoothCondition,LowCongestionCondition,EvenPaceStyle
5.2000122,71.83242035,61.71057707,163.3188708,2.70217133,-1.2304,34.11764908,2213.0,20.13999939,0.4883,13.59544182,SmoothCondition,LowCongestionCondition,EvenPaceStyle
4.5,71.38205719,61.95076911,164.4647691,-0.45036316,-1.1679,26.27450943,2225.0,16.76000023,0.4609,13.50562286,SmoothCondition,LowCongestionCondition,EvenPaceStyle
3.7000122,70.70652008,62.14592514,165.5775522,-0.67553711,-1.0937,28.62745094,2227.0,17.77000046,0.3789,13.42996502,SmoothCondition,LowCongestionCondition,EvenPaceStyle
3.4000244,70.48134613,62.34483426,166.4953767,-0.22517395,-1.0351,0.0,2211.0,21.70999908,0.4492,13.39251995,SmoothCondition,LowCongestionCondition,EvenPaceStyle
1.9000244,71.38205719,62.67509816,168.749128,1.1259079,-0.9492,22.35294151,2188.0,25.15999985,0.4883,13.35317993,SmoothCondition,LowCongestionCondition,EvenPaceStyle
1.4000244,71.15688324,62.78768832,169.9050553,-0.22517395,-0.9062,39.60784531,2235.0,25.19000053,0.5859,13.33614731,SmoothCondition,LowCongestionCondition,EvenPaceStyle
1.0,72.50795746,62.86650136,171.077869,1.35107422,-0.9257,43.52941132,2296.0,23.18000031,0.5508,13.30465126,SmoothCondition,LowCongestionCondition,EvenPaceStyle
-0.0999756,74.53457642,62.95657349,172.7121514,2.02661896,-0.8632,35.68627548,2338.0,21.97999954,0.5664,13.26423168,SmoothCondition,LowCongestionCondition,EvenPaceStyle
-0.7999878,74.98493958,63.05039851,174.4614384,0.45036316,-0.7929,36.07843018,2382.0,22.43000031,0.5351,13.22381783,SmoothCondition,LowCongestionCondition,EvenPaceStyle
-1.5,76.56119537,63.1442234,176.4936165,1.57625579,-0.6914,34.90196228,2428.0,21.70999908,0.539,13.17752647,SmoothCondition,LowCongestionCondition,EvenPaceStyle
-2.0,77.23674011,63.2342954,178.5720484,0.67554474,-0.5547,27.05882454,2459.0,20.43000031,0.5156,13.12087536,SmoothCondition,LowCongestionCondition,EvenPaceStyle
-2.2000122,77.91227722,63.3243674,180.7577359,0.67553711,-0.5117,27.45098114,2486.0,21.22999954,0.4336,13.06963634,SmoothCondition,LowCongestionCondition,EvenPaceStyle
-2.7000122,78.1374588,63.40318044,182.7469173,0.22518158,-0.4726,37.64706039,2525.0,26.61000061,0.332,13.04887009,SmoothCondition,LowCongestionCondition,EvenPaceStyle
-3.4000244,79.26335144,63.48574626,184.9874312,1.12589264,-0.4258,47.84313965,2583.0,37.04999924,0.3984,13.06077862,SmoothCondition,LowCongestionCondition,EvenPaceStyle
-4.2000122,85.11803436,63.88356387,197.8434311,2.47698211,-0.3789,44.31372452,2746.0,22.47999954,0.4062,13.02639961,SmoothCondition,LowCongestionCondition,EvenPaceStyle
-4.2999878,86.69429779,64.26636976,210.3702237,1.57626343,-0.3164,60.0,2159.0,35.11000061,0.4062,12.98662663,SmoothCondition,LowCongestionCondition,EvenPaceStyle
-4.7999878,89.84681702,64.51406771,219.451415,3.15251923,-0.3359,63.13725662,2207.0,38.18000031,0.3984,12.99190331,SmoothCondition,LowCongestionCondition,EvenPaceStyle
-4.6999512,91.42308044,65.05825259,240.0239524,-0.22517395,-0.3477,59.2156868,2293.0,33.13000107,0.4687,12.98288441,SmoothCondition,LowCongestionCondition,EvenPaceStyle
-4.5999756,93.90005493,65.35473951,251.9632,2.47697449,-0.2266,49.01960754,2317.0,21.25,0.4844,12.90838146,SmoothCondition,LowCongestionCondition,EvenPaceStyle
-4.3999634,96.15185547,66.33051923,290.408675,1.35108185,-0.3633,64.70588684,2374.0,46.22000122,0.4023,12.74933338,SmoothCondition,LowCongestionCondition,EvenPaceStyle
-4.7999878,97.27775574,66.69456011,305.1016041,1.12590027,-0.4141,80.39215851,2430.0,50.11000061,0.4805,12.76957703,SmoothCondition,LowCongestionCondition,EvenPaceStyle
-3.9000244,102.9072571,67.512714,339.8395306,5.62950136,-0.4844,79.60784149,2508.0,42.40999985,0.5742,12.78453159,SmoothCondition,LowCongestionCondition,EvenPaceStyle
-3.6000366,105.1590576,68.019369,362.7094558,2.2518005,-0.5898,100.0,2571.0,52.72999954,0.5625,12.80374718,SmoothCondition,LowCongestionCondition,EvenPaceStyle
-3.2000122,108.76194,68.61984889,390.1010291,3.6028824,-0.6133,84.31372833,2641.0,65.58000183,0.6055,12.83482265,SmoothCondition,LowCongestionCondition,EvenPaceStyle
-3.0,112.1396408,69.37795499,421.5522389,3.3777008,-0.5664,1.568627477,2703.0,47.09999847,0.6094,12.84093952,SmoothCondition,LowCongestionCondition,EvenPaceStyle
-2.3000488,111.6892776,71.3332681,469.7752128,-0.4503632,-0.6445,97.2549057,2246.0,44.52999878,0.582,12.7549572,SmoothCondition,LowCongestionCondition,EvenPaceStyle
-2.8000488,112.8151779,72.41037909,488.681303,1.1259003,-0.6601,93.33333588,2286.0,56.52000046,0.4648,12.77345848,SmoothCondition,LowCongestionCondition,EvenPaceStyle
0.0,4.503600121,38.811063580731144,171.92088758076872,0.0,-0.1992,43.52941132,1126.0,12.26000023,0.1875,87.55464935,SmoothCondition,LowCongestionCondition,EvenPaceStyle
2.3999634,46.38707733,21.29892159,228.2803846,3.15251541,-0.9414,45.09804153,2033.0,25.53000069,0.5703,18.81025314,SmoothCondition,LowCongestionCondition,EvenPaceStyle
2.9000244,48.86405945,22.06375709,236.0667978,2.47698212,-0.8164,40.39215851,2119.0,22.98999977,0.5195,18.70751762,SmoothCondition,LowCongestionCondition,EvenPaceStyle
3.0999756,51.11585999,22.86741674,244.8072395,2.25180054,-0.8125,36.86274719,2180.0,19.79999924,0.4883,18.51562309,SmoothCondition,LowCongestionCondition,EvenPaceStyle
1.7000122,52.46693802,26.14417389,269.8587177,0.67553711,-0.7656,20.3921566,2338.0,19.70000076,0.3984,17.78150368,SmoothCondition,LowCongestionCondition,EvenPaceStyle
0.0,54.04319763,27.82525898,276.3622939,1.57625961,-0.6679,5.09803915,2355.0,18.13999939,0.3867,17.3032589,SmoothCondition,LowCongestionCondition,EvenPaceStyle
-0.5999756,53.59283829,28.67162515,277.7398536,-0.45035934,-0.7109,20.7843132,2295.0,24.03000069,0.3594,17.23678207,SmoothCondition,LowCongestionCondition,EvenPaceStyle
-1.2999878,52.24176025,29.49469688,276.5497817,-1.35107804,-0.6875,35.68627548,2258.0,19.62999916,0.3633,17.10317421,SmoothCondition,LowCongestionCondition,EvenPaceStyle
-1.7999878,53.14247894,30.33329824,274.6879229,0.90071869,-0.7929,41.96078491,2295.0,22.54999924,0.4336,17.02685356,SmoothCondition,LowCongestionCondition,EvenPaceStyle
-2.1000366,56.97053528,32.09203156,270.4414813,2.92733765,-1.0,38.4313736,2450.0,31.56999969,0.539,17.0351963,SmoothCondition,LowCongestionCondition,EvenPaceStyle
-2.6000366,58.99715805,33.03157566,268.8899933,2.02662277,-0.9296,20.0,2351.0,20.64999962,0.5156,16.89320564,SmoothCondition,LowCongestionCondition,EvenPaceStyle
-3.0,58.54679871,33.96335495,265.150079,-0.45035934,-1.0507,65.09803772,1850.0,24.14999962,0.5469,16.82029724,SmoothCondition,LowCongestionCondition,EvenPaceStyle
-2.6000366,60.34823608,34.9261935,261.1942093,1.80143737,-1.0429,68.23529816,1918.0,29.48999977,0.6797,16.80543137,SmoothCondition,LowCongestionCondition,EvenPaceStyle
-1.7000122,67.7791748,38.03212427,249.2080076,3.3777008,-0.9414,28.23529434,2144.0,32.97000122,0.5898,16.79890823,SmoothCondition,LowCongestionCondition,EvenPaceStyle
-1.8000488,69.35543823,40.26451198,238.8724517,0.22518921,-0.9687,38.4313736,2191.0,23.82999992,0.582,16.53277016,SmoothCondition,LowCongestionCondition,EvenPaceStyle
-3.0999756,71.83242035,41.30176361,262.5116212,0.90071869,-0.8515,29.01960754,2257.0,21.72999954,0.6406,16.19742203,SmoothCondition,LowCongestionCondition,EvenPaceStyle
-3.3000488,72.50795746,42.31507359,263.1304061,0.67553711,-0.8164,33.33333206,2275.0,19.46999931,0.6679,15.99505043,SmoothCondition,LowCongestionCondition,EvenPaceStyle
-3.2999878,73.40867615,43.21579351,269.7651605,0.90071869,-0.7929,40.39215851,2287.0,20.70000076,0.7187,15.82317162,SmoothCondition,LowCongestionCondition,EvenPaceStyle
-3.7000122,74.30940247,44.10525459,276.93822,0.90072632,-0.8359,38.82352829,2312.0,23.46999931,0.7226,15.70128822,SmoothCondition,LowCongestionCondition,EvenPaceStyle
-4.0,75.43530273,45.01348066,283.6421344,1.12590026,-0.8671,32.94117737,2330.0,22.95999908,0.6875,15.57717323,SmoothCondition,LowCongestionCondition,EvenPaceStyle
-3.0,73.63385773,48.3086147,307.8706271,-1.57626342,-0.8125,34.90196228,2381.0,21.15999985,0.5234,14.97820282,SmoothCondition,LowCongestionCondition,EvenPaceStyle
-2.4000244,74.98493958,49.13427474,310.3789997,1.35108185,-0.7109,21.56862831,2369.0,18.19000053,0.4414,14.79509354,SmoothCondition,LowCongestionCondition,EvenPaceStyle
-1.8999634,75.21012115,49.97869978,310.9301075,0.22518157,-0.6953,20.7843132,2361.0,21.54000092,0.375,14.68207169,SmoothCondition,LowCongestionCondition,EvenPaceStyle
-4.7999878,111.0137405,112.3948409,26.07916544,2.0266189,0.207,38.82352829,2195.0,22.19000053,0.168,9.131069183,SmoothCondition,LowCongestionCondition,EvenPaceStyle
-4.0999756,110.1130219,112.1734138,24.06528798,-0.9007186,0.25,5.09803915,2178.0,22.26000023,0.1094,9.086360931,SmoothCondition,LowCongestionCondition,EvenPaceStyle
-3.5,107.8612213,111.929469,22.51324137,-2.2518006,0.3242,0.0,2139.0,23.09000015,0.1485,9.053624153,SmoothCondition,LowCongestionCondition,EvenPaceStyle
-3.0,106.0597763,111.6780179,21.59289646,-1.801445,0.3555,6.666666985,2106.0,24.92000008,0.2578,9.025131226,SmoothCondition,LowCongestionCondition,EvenPaceStyle
-1.8000488,104.2583389,111.1188211,20.0391287,-0.2251816,0.3281,42.35294342,2114.0,25.37999916,0.1875,8.990488052,SmoothCondition,LowCongestionCondition,EvenPaceStyle
-0.2000122,104.933876,110.6159192,17.9368062,-0.9007264,0.3359,38.4313736,2100.0,20.54999924,0.1914,8.934806824,SmoothCondition,LowCongestionCondition,EvenPaceStyle
0.3999634,104.4835205,110.3682213,17.22021738,-0.4503555,0.3203,40.0,2104.0,30.40999985,0.25,8.934049606,SmoothCondition,LowCongestionCondition,EvenPaceStyle
0.2999878,103.1324463,110.0942524,16.59597171,-1.3510742,0.2539,54.90196228,2113.0,30.22999954,0.2812,8.92436409,SmoothCondition,LowCongestionCondition,EvenPaceStyle
0.0,107.6360397,109.3136286,12.81301756,1.3510818,-0.0625,40.7843132,2139.0,29.53000069,0.0703,8.844799042,SmoothCondition,LowCongestionCondition,EvenPaceStyle
0.1999512,105.6094208,109.0884487,12.42971397,-2.0266189,0.0391,0.0,2102.0,24.25,0.1211,8.797367096,SmoothCondition,LowCongestionCondition,EvenPaceStyle
0.1000366,102.4569016,108.5930528,13.56793523,-0.4503555,0.1094,13.33333397,2000.0,18.22999954,0.1602,8.695480347,SmoothCondition,LowCongestionCondition,EvenPaceStyle
0.1000366,99.52954865,108.1877287,15.31222612,-1.35108945,0.1445,27.05882454,1976.0,16.55999947,0.2031,8.608325958,SmoothCondition,LowCongestionCondition,EvenPaceStyle
1.0,98.85401917,107.9625488,16.44150962,-0.67552948,0.125,38.4313736,1975.0,21.69000053,0.2969,8.585381508,SmoothCondition,LowCongestionCondition,EvenPaceStyle
0.7000122,97.50293732,107.7110978,17.86856973,-1.35108185,0.0391,56.47058868,1982.0,31.61000061,0.3125,8.580449104,SmoothCondition,LowCongestionCondition,EvenPaceStyle
0.4000244,98.85401917,107.512189,18.99743818,1.35108185,0.0352,61.56863022,2000.0,34.0,0.3594,8.576594353,SmoothCondition,LowCongestionCondition,EvenPaceStyle
0.3000488,100.430275,107.3733279,19.80141587,1.57625583,0.0195,60.39215851,2025.0,36.70999908,0.3984,8.576742172,SmoothCondition,LowCongestionCondition,EvenPaceStyle
0.2999878,103.3576202,107.1106178,21.11547632,1.801445,-0.0508,49.01960754,2078.0,29.87000084,0.4453,8.56911087,SmoothCondition,LowCongestionCondition,EvenPaceStyle
0.2000122,104.0331573,107.0655818,21.27154786,0.6755371,-0.0937,17.25490189,2081.0,19.65999985,0.3203,8.539913177,SmoothCondition,LowCongestionCondition,EvenPaceStyle
-0.6000366,104.4835205,106.9867688,21.51669841,0.4503632,-0.0781,55.68627548,2086.0,29.82999992,0.3281,8.502483368,SmoothCondition,LowCongestionCondition,EvenPaceStyle
-2.5,106.5101395,106.9942748,21.49905176,0.4503632,-0.1797,47.05882263,2148.0,24.87000084,0.3437,8.445305824,SmoothCondition,LowCongestionCondition,EvenPaceStyle
-3.0,107.4108582,107.0355578,21.42830669,0.9007187,-0.1406,2.352941275,2130.0,20.73999977,0.3906,8.411618233,SmoothCondition,LowCongestionCondition,EvenPaceStyle
-3.5999756,104.7087021,106.9717569,21.43476632,-1.3510742,-0.1992,45.88235474,2125.0,25.79000092,0.3281,8.32500267,SmoothCondition,LowCongestionCondition,EvenPaceStyle
-5.7999878,106.735321,106.8253901,21.00638728,1.1259002,-0.1719,52.54901886,2166.0,28.37999916,0.3672,8.305020332,SmoothCondition,LowCongestionCondition,EvenPaceStyle
-5.9000244,108.3115768,106.761589,20.56101874,1.5762558,-0.207,49.80392075,2190.0,28.22999954,0.3555,8.299203873,SmoothCondition,LowCongestionCondition,EvenPaceStyle
-6.0,109.6626511,106.7015409,19.98302589,1.3510743,-0.1445,27.84313774,2199.0,22.67000008,0.375,8.283241272,SmoothCondition,LowCongestionCondition,EvenPaceStyle
-6.4000244,110.3381958,106.5889507,18.83139633,0.6755447,-0.0273,49.01960754,2227.0,18.48999977,0.3984,8.229874611,SmoothCondition,LowCongestionCondition,EvenPaceStyle
-6.7000122,111.4640961,106.5514207,18.37189082,1.1259003,0.0039,69.01960754,2260.0,35.74000168,0.4531,8.230507851,SmoothCondition,LowCongestionCondition,EvenPaceStyle
-7.4000244,113.2655411,106.423819,16.37734384,1.801445,0.0781,0.0,2246.0,20.35000038,0.3164,8.213394165,SmoothCondition,LowCongestionCondition,EvenPaceStyle
-6.09997559,107.6360397,106.0973085,12.77992806,-1.3510819,0.293,21.96078491,2173.0,22.30999947,0.4375,8.127849579,SmoothCondition,LowCongestionCondition,EvenPaceStyle
-5.70001221,107.4108582,106.1010615,12.77533035,-0.2251815,0.3203,61.56863022,2191.0,26.25,0.6327,8.117293358,SmoothCondition,LowCongestionCondition,EvenPaceStyle
-4.70001221,107.6360397,106.0935556,12.748402,0.2251815,0.3476,70.58823395,2214.0,42.06999969,0.6835,8.128040314,SmoothCondition,LowCongestionCondition,EvenPaceStyle
-2.60003662,108.0863953,106.2399222,13.17635007,0.225174,0.3203,40.7843132,2138.0,23.63999939,0.332,8.090210915,SmoothCondition,LowCongestionCondition,EvenPaceStyle
-1.7000122,108.76194,106.3450062,13.23662469,1.1259003,0.3242,78.4313736,2163.0,42.36000061,0.4726,8.099575043,SmoothCondition,LowCongestionCondition,EvenPaceStyle
-1.0,110.5633774,106.4388312,13.49552604,1.8014374,0.3437,45.09804153,2193.0,40.09000015,0.6757,8.117872238,SmoothCondition,LowCongestionCondition,EvenPaceStyle
-0.5,110.1130219,106.5326562,13.65058111,-0.4503555,0.25,75.29412079,2213.0,41.49000168,0.6444,8.131840706,SmoothCondition,LowCongestionCondition,EvenPaceStyle
-0.09997559,110.3381958,106.6527521,13.6854171,0.2251739,0.1328,73.72549438,2229.0,44.95000076,0.5663,8.138317108,SmoothCondition,LowCongestionCondition,EvenPaceStyle
0.0,111.4640961,106.840402,14.18646103,1.1259003,-0.1015,98.03921509,2291.0,50.86999893,0.3984,8.130822182,SmoothCondition,LowCongestionCondition,EvenPaceStyle
0.90002441,117.5439606,107.166913,17.4158773,1.5762635,0.1563,0.0,2287.0,27.72999954,0.2812,8.104244232,SmoothCondition,LowCongestionCondition,EvenPaceStyle
-5.7999878,106.735321,113.1229228,31.75566357,-1.3510743,0.2422,27.05882454,2206.0,16.65999985,0.1758,9.290389061,SmoothCondition,LowCongestionCondition,EvenPaceStyle
-5.5,108.0863953,112.8564598,30.08069029,1.3510743,0.2148,32.94117737,2199.0,20.79000092,0.1602,9.235310555,SmoothCondition,LowCongestionCondition,EvenPaceStyle
-5.3999634,108.9871216,112.6087618,28.22398865,0.9007263,0.2266,39.60784531,2198.0,21.62999916,0.207,9.182747841,SmoothCondition,LowCongestionCondition,EvenPaceStyle
0.0,0.0,0.202661999,1.651297855,0.0,0.1797,29.41176605,800.0,4.78000021,0.1094,16.43746948,SmoothCondition,LowCongestionCondition,EvenPaceStyle
1.0,9.90791893,0.165131982,1.636114292,9.90791893,-0.0586,47.05882263,2082.0,30.04000092,0.2891,16.5704422,SmoothCondition,LowCongestionCondition,EvenPaceStyle
1.10003662,16.21295929,0.43534797,5.926359918,6.30504036,-0.1719,3.137254953,1312.0,12.31999969,0.3477,16.58023262,SmoothCondition,LowCongestionCondition,EvenPaceStyle
1.2000122,17.56403732,0.728081926,10.80874773,1.35107803,-0.2305,48.23529434,1365.0,14.60999966,0.3789,16.59295654,SmoothCondition,LowCongestionCondition,EvenPaceStyle
1.40002441,21.39209938,1.084616915,17.90780675,3.82806206,-0.2422,40.0,1586.0,13.02000046,0.3828,16.60912704,SmoothCondition,LowCongestionCondition,EvenPaceStyle
1.2000122,22.29281998,1.831463909,32.71048741,-0.22517967,-0.2656,3.137254953,1680.0,12.68000031,0.3164,16.66249657,SmoothCondition,LowCongestionCondition,EvenPaceStyle
1.0,30.62447739,3.130001831,61.08907456,5.40431786,-0.3282,64.31372833,2463.0,33.20000076,0.7303,16.91241837,SmoothCondition,LowCongestionCondition,AggressiveStyle
0.0,34.22735977,3.700457827,76.98269417,3.60288238,-0.4258,1.960784316,1549.0,37.04999924,0.7499,17.03192139,SmoothCondition,LowCongestionCondition,AggressiveStyle
-0.20001221,36.92951965,4.315949822,95.08010667,2.70215988,-0.4922,73.33333588,1709.0,23.62000084,0.8124,17.10957336,SmoothCondition,LowCongestionCondition,AggressiveStyle
-0.29998779,40.75757599,4.995242755,116.8034687,3.82805634,-0.5078,41.96078491,1802.0,16.39999962,0.828,17.07727432,SmoothCondition,LowCongestionCondition,AggressiveStyle
-0.5,42.10865784,5.697053719,139.2255164,1.35108185,-0.4571,9.8039217,1799.0,17.77000046,0.8514,16.99762535,SmoothCondition,LowCongestionCondition,AggressiveStyle
-0.59997559,41.65829849,6.391358694,160.1040103,-0.45035935,-0.3828,9.019607544,1752.0,13.72000027,0.8553,16.87568665,SmoothCondition,LowCongestionCondition,AggressiveStyle
-0.59997558,39.18132019,7.044380697,177.2013975,-2.4769783,-0.293,0.0,1717.0,17.36000061,0.8632,16.79821396,SmoothCondition,LowCongestionCondition,AggressiveStyle
-1.10003662,20.71656036,10.92873557,224.6336648,-4.2784195,0.4609,22.74509811,960.0,5.460000038,0.3436,16.27508736,SmoothCondition,LowCongestionCondition,EvenPaceStyle
-0.90002442,17.11367989,11.21396357,223.1749356,-3.60288047,0.5624,0.0,1138.0,10.89000034,0.3124,16.29184914,SmoothCondition,LowCongestionCondition,EvenPaceStyle
-0.59997559,15.08705902,11.46541456,221.2334819,-2.02662087,0.7616,25.49019623,884.0,5.090000153,0.3397,16.29265594,SmoothCondition,LowCongestionCondition,EvenPaceStyle
-0.79998779,9.682740211,11.62679356,219.0327972,-5.404318809,0.9022,23.92156982,879.0,5.170000076,0.2499,16.33137894,SmoothCondition,LowCongestionCondition,AggressiveStyle
-0.90002441,6.079859734,11.83320855,215.4085337,-0.225180149,0.8085,37.64706039,844.0,5.960000038,-0.0898,16.42107964,SmoothCondition,LowCongestionCondition,AggressiveStyle
-0.80004882,6.980579853,11.94955155,213.4205852,0.900720119,0.8944,44.31372452,1196.0,8.779999733,-0.125,16.48916054,SmoothCondition,LowCongestionCondition,EvenPaceStyle
-0.69995118,9.232379913,12.10342455,211.1014433,2.25180006,0.8671,29.41176605,1569.0,11.93000031,-0.1875,16.58091164,SmoothCondition,LowCongestionCondition,EvenPaceStyle
-0.7000122,11.0338192,12.28732154,208.6035125,1.801439287,0.8749,5.09803915,1200.0,8.619999886,-0.1836,16.62474251,SmoothCondition,LowCongestionCondition,EvenPaceStyle
-0.89996338,16.43813896,12.76019952,203.5523326,4.50359917,0.6601,54.11764908,1298.0,14.25,-0.1289,16.70557976,SmoothCondition,LowCongestionCondition,EvenPaceStyle
-1.2000122,18.23958015,13.06419252,201.2075226,1.80144119,0.5468,36.86274719,1421.0,9.579999924,-0.1406,16.70871162,SmoothCondition,LowCongestionCondition,EvenPaceStyle
-0.90002442,20.04101944,13.39820951,199.0263184,1.80143929,0.496,24.70588303,1447.0,12.02999973,-0.1602,16.73628616,SmoothCondition,LowCongestionCondition,EvenPaceStyle
-1.19995118,19.36548042,13.72096752,196.4813343,-0.67553902,0.4335,3.137254953,1371.0,12.56000042,-0.1055,16.80541801,SmoothCondition,LowCongestionCondition,EvenPaceStyle
-1.5,18.23958015,14.02496052,193.5424903,-1.12590027,0.4531,0.0,1200.0,11.73999977,-0.1562,16.88800049,SmoothCondition,LowCongestionCondition,EvenPaceStyle
-1.5,13.73598003,14.51285051,186.672826,-1.80143929,0.4531,7.058823586,910.0,5.980000019,-0.1367,17.02110863,SmoothCondition,LowCongestionCondition,EvenPaceStyle
-1.60003662,12.15971947,14.7155125,183.1550308,-1.57626056,0.5351,24.70588303,882.0,4.800000191,-0.1172,17.02705574,SmoothCondition,LowCongestionCondition,EvenPaceStyle
-1.69995118,7.656119347,14.84311449,180.3128578,-4.503600123,0.5976,22.74509811,879.0,4.829999924,-0.082,17.06778336,SmoothCondition,LowCongestionCondition,EvenPaceStyle
0.40002441,6.980579853,15.04577648,175.2786944,6.980579853,-0.7734,19.2156868,1071.0,8.739999771,0.6133,17.3331871,SmoothCondition,LowCongestionCondition,EvenPaceStyle
0.30004882,5.854679585,14.97822249,176.258438,-1.125900268,-1.16,22.35294151,930.0,5.840000153,0.4414,17.46165276,SmoothCondition,LowCongestionCondition,EvenPaceStyle
0.40002441,3.828059673,14.7718075,178.296491,-2.026619912,-1.1717,25.49019623,1005.0,4.96999979,0.6055,17.47750854,SmoothCondition,LowCongestionCondition,EvenPaceStyle
0.60003662,5.40432024,14.56914555,179.6098631,1.576260567,-1.1912,27.84313774,1331.0,9.779999733,0.6289,17.50321007,SmoothCondition,LowCongestionCondition,EvenPaceStyle
0.7000122,8.556839943,14.35522456,179.3869714,3.152519703,-1.242,32.15686417,1765.0,10.38000011,0.6445,17.50348091,SmoothCondition,LowCongestionCondition,EvenPaceStyle
0.7000122,22.74317932,13.93113557,175.395533,5.40431976,-1.3553,55.68627548,1716.0,22.96999931,0.6719,17.54408455,SmoothCondition,LowCongestionCondition,EvenPaceStyle
0.2999878,28.37267876,13.75474461,169.6199021,2.47697831,-1.3396,20.3921566,2051.0,14.77999973,0.6445,17.62570572,SmoothCondition,LowCongestionCondition,EvenPaceStyle
0.20001221,29.49857903,13.63089559,164.7025769,1.12590027,-1.2615,21.96078491,2129.0,15.52000046,0.6016,17.65090561,SmoothCondition,LowCongestionCondition,AggressiveStyle
-0.10003662,29.94893837,13.45075163,156.7106213,0.45035934,-1.1951,13.72549057,2124.0,14.68000031,0.5625,17.65867805,SmoothCondition,LowCongestionCondition,AggressiveStyle
-0.09997558,29.49857903,13.24058365,147.1107389,-0.45035934,-1.1092,6.274509907,2052.0,16.29999924,0.5547,17.71525574,SmoothCondition,LowCongestionCondition,AggressiveStyle
-0.2000122,26.57123947,12.80148266,128.4870582,-1.35107994,-0.9022,0.0,1784.0,20.95999908,0.4531,17.76628304,SmoothCondition,LowCongestionCondition,AggressiveStyle
-0.20001221,12.38489914,11.65306476,99.01018498,-1.80144024,-0.2577,21.56862831,877.0,4.880000114,0.2695,17.99872971,SmoothCondition,LowCongestionCondition,AggressiveStyle
-0.19995118,8.106479645,11.33405974,94.99846374,-4.278419495,-0.0156,20.7843132,1141.0,7.0,0.4804,18.10031891,SmoothCondition,LowCongestionCondition,AggressiveStyle
-1.0,9.90791893,10.87244072,90.33767674,1.801439285,-0.0547,21.96078491,1515.0,10.40999985,0.332,18.24066162,SmoothCondition,LowCongestionCondition,AggressiveStyle
-1.39996338,12.15971947,10.78987471,89.6986088,2.25180054,0.0508,30.58823586,1867.0,14.34000015,0.3242,18.29970932,SmoothCondition,LowCongestionCondition,AggressiveStyle
-1.69995118,12.83525944,10.75234472,89.45510533,0.67553997,0.328,1.568627477,1038.0,5.980000019,0.1641,18.28940773,SmoothCondition,LowCongestionCondition,AggressiveStyle
-1.79998779,9.007200241,10.74108572,89.48720482,-3.828059199,0.5546,21.17647171,876.0,4.760000229,0.0469,18.3093605,SmoothCondition,LowCongestionCondition,AggressiveStyle
-1.7000122,10.80864048,10.30573775,95.27468217,10.80864048,0.4999,47.45098114,1755.0,18.70999908,0.2305,18.47411346,SmoothCondition,LowCongestionCondition,AggressiveStyle
-1.0,12.61007977,10.31699675,95.31958708,1.80143929,0.3671,24.70588303,988.0,11.19999981,0.3125,18.52411842,SmoothCondition,LowCongestionCondition,AggressiveStyle
-0.60003662,15.31223869,10.29823174,95.10709442,2.70215892,0.3241,81.17647552,1347.0,15.75,0.3945,18.59313202,SmoothCondition,LowCongestionCondition,EvenPaceStyle
-0.30004882,21.39209938,10.35077373,96.1213867,6.07986069,0.1874,47.05882263,1617.0,21.11000061,0.5078,18.67726898,SmoothCondition,LowCongestionCondition,EvenPaceStyle
-0.10003662,24.31943893,10.42208072,97.83185559,2.92733955,0.1093,40.39215851,1843.0,16.80999947,0.543,18.75321007,SmoothCondition,LowCongestionCondition,EvenPaceStyle
0.20001221,26.79641914,10.5459297,101.0049784,2.47698021,-0.004,25.09803963,1993.0,14.59000015,0.5273,18.82422066,SmoothCondition,LowCongestionCondition,EvenPaceStyle
0.09997559,27.92231941,10.70730869,105.092844,1.12590027,-0.1055,17.64705849,2025.0,13.88000011,0.5937,18.88404465,SmoothCondition,LowCongestionCondition,EvenPaceStyle
0.20001221,28.82304001,10.9287357,110.209928,0.9007206,-0.1837,3.921568632,1985.0,19.53000069,0.5508,18.97723579,SmoothCondition,LowCongestionCondition,AggressiveStyle
0.2000122,25.4453373,11.37158965,117.8124509,-1.57626152,-0.1641,5.882352829,1766.0,12.89999962,0.5937,19.10368729,SmoothCondition,LowCongestionCondition,AggressiveStyle
0.09997558,24.54461861,11.65306463,120.4390658,-0.90071869,-0.086,14.50980377,1742.0,11.72999954,0.5625,19.11015511,SmoothCondition,LowCongestionCondition,AggressiveStyle
0.30004882,25.4453373,12.00959959,122.555039,0.90071869,-0.0274,21.17647171,1812.0,11.51000023,0.5664,19.10326767,SmoothCondition,LowCongestionCondition,AggressiveStyle
0.40002441,26.12088013,12.85402457,123.9157228,0.45036125,-0.0079,16.47058868,1866.0,11.82999992,0.4961,19.09232521,SmoothCondition,LowCongestionCondition,AggressiveStyle
0.5,26.3460598,13.29312557,124.0045446,0.22517967,-0.2734,14.50980377,1879.0,12.69999981,0.6172,19.09123993,SmoothCondition,LowCongestionCondition,AggressiveStyle
1.39996338,26.12088013,14.16006858,122.7310936,0.22517968,-0.3203,3.137254953,1788.0,17.94000053,0.7031,19.20093918,SmoothCondition,LowCongestionCondition,EvenPaceStyle
1.5,23.86907959,14.55788657,120.7694293,-2.25180054,-0.0898,0.392156869,1617.0,15.85999966,0.6289,19.31161499,SmoothCondition,LowCongestionCondition,EvenPaceStyle
1.40002442,19.81583786,14.88815054,117.5350146,-4.05324173,0.0664,0.0,1274.0,11.27999973,0.543,19.36791992,SmoothCondition,LowCongestionCondition,EvenPaceStyle
1.89996338,14.41152,15.38729953,109.7788399,-1.12589932,0.2109,13.72549057,927.0,5.329999924,0.3906,19.4123764,SmoothCondition,LowCongestionCondition,EvenPaceStyle
2.19995118,13.73598003,15.61623253,105.7587255,-0.67553997,0.3203,22.74509811,885.0,4.869999886,0.3359,19.43192101,SmoothCondition,LowCongestionCondition,EvenPaceStyle
1.90002441,12.83525944,15.83015352,101.709935,-0.90072059,0.2969,29.01960754,886.0,5.210000038,0.2539,19.57320404,SmoothCondition,LowCongestionCondition,EvenPaceStyle
2.09997558,11.48418045,16.02155652,97.74545388,-1.35107899,0.332,49.80392075,972.0,6.610000134,0.1641,19.58040047,SmoothCondition,LowCongestionCondition,AggressiveStyle
1.59997558,14.18633938,16.25799551,93.39500548,2.70215893,0.3359,28.62745094,1013.0,5.929999828,0.1016,19.54063034,SmoothCondition,LowCongestionCondition,AggressiveStyle
1.2000122,13.73598003,16.7233675,84.39522954,-0.45035935,0.3008,30.98039246,1094.0,7.320000172,0.0313,19.37772369,SmoothCondition,LowCongestionCondition,AggressiveStyle
1.09997558,13.28561974,16.9447945,79.80548877,-0.45036029,0.3203,1.960784316,988.0,6.96999979,0.0937,19.29259682,SmoothCondition,LowCongestionCondition,AggressiveStyle
1.29998779,11.48418045,17.13619751,75.40708433,-1.80143929,0.3594,21.96078491,879.0,4.920000076,0.0898,19.18942833,SmoothCondition,LowCongestionCondition,AggressiveStyle
0.90002442,9.457559586,17.1774805,74.65662083,-2.026620864,0.4336,23.92156982,885.0,4.96999979,0.0039,19.14096451,SmoothCondition,LowCongestionCondition,AggressiveStyle
0.80004882,8.106479645,17.2150105,73.87683652,-1.351079941,0.4179,16.86274529,1113.0,7.789999962,0.0234,19.13616371,SmoothCondition,LowCongestionCondition,AggressiveStyle
1.20001221,3.152519941,17.1962455,74.26450864,-3.602879763,0.5703,22.74509811,851.0,4.800000191,-0.1328,19.12477493,SmoothCondition,LowCongestionCondition,EvenPaceStyle
2.5,8.556839943,17.86427958,404.5974511,8.556839943,-0.3242,34.11764908,1304.0,10.10999966,0.4648,13.86054516,SmoothCondition,LowCongestionCondition,EvenPaceStyle
2.79998779,12.15971947,17.57905158,402.8600391,3.602879527,-0.3555,17.25490189,1733.0,13.90999985,0.4687,13.96992207,SmoothCondition,LowCongestionCondition,EvenPaceStyle
3.2000122,13.96115971,17.24878763,398.5239588,1.80144024,-0.3398,4.313725471,2037.0,15.38000011,0.5,14.08084488,SmoothCondition,LowCongestionCondition,EvenPaceStyle
2.89996338,13.73598003,16.83971067,391.06569,-0.22517968,-0.4687,74.50980377,1627.0,11.94999981,0.5781,14.18257809,SmoothCondition,LowCongestionCondition,EvenPaceStyle
2.7000122,16.21295929,16.43063373,381.2061629,2.47697926,-0.5351,41.17647171,1212.0,13.32999992,0.5976,14.2837534,SmoothCondition,LowCongestionCondition,EvenPaceStyle
2.59997558,19.14029884,15.97652075,365.9109198,2.92733955,-0.5664,20.3921566,1365.0,10.68999958,0.582,14.37113953,SmoothCondition,LowCongestionCondition,EvenPaceStyle
-0.60003662,18.46475983,14.01745484,289.9364438,-1.12590027,-0.5078,18.03921509,1323.0,8.739999771,0.5,14.72076225,SmoothCondition,LowCongestionCondition,EvenPaceStyle
-1.0,17.11367989,13.50704685,270.5613544,-1.35107994,-0.4609,5.09803915,1266.0,11.68000031,0.4726,15.04432964,SmoothCondition,LowCongestionCondition,EvenPaceStyle
-1.80004882,14.8618803,12.98537986,252.2421677,-2.25179959,-0.4297,0.0,1137.0,10.39999962,0.4375,15.14868641,SmoothCondition,LowCongestionCondition,EvenPaceStyle
-1.09997558,15.98777962,9.937943832,150.6974067,3.82806015,-0.7148,71.37255096,1677.0,23.32999992,0.5898,15.29870605,SmoothCondition,LowCongestionCondition,EvenPaceStyle
-0.70001221,29.7237606,8.999693831,110.4204889,2.4769802,-0.457,9.411765099,2227.0,22.62999916,0.4062,15.59599876,SmoothCondition,LowCongestionCondition,AggressiveStyle
-0.39996338,27.2467804,8.748242879,98.69254396,-1.35107994,-0.3437,11.37254906,2058.0,15.38000011,0.332,15.7868166,SmoothCondition,LowCongestionCondition,AggressiveStyle
-0.70001221,24.99497986,8.676935888,95.84035857,-0.67553902,-0.0351,0.0,1825.0,18.54999924,0.2383,15.98960114,SmoothCondition,LowCongestionCondition,AggressiveStyle
-1.39996338,13.28561974,8.680688835,96.25968481,-7.88129806,0.1874,19.2156868,904.0,4.650000095,0.1445,16.07276917,SmoothCondition,LowCongestionCondition,AggressiveStyle
-1.5,7.656119347,8.665676825,96.2769879,-5.629500393,0.207,21.17647171,876.0,6.269999981,0.1484,16.13738251,SmoothCondition,LowCongestionCondition,AggressiveStyle
-1.29998779,5.629499912,8.695700829,96.03566153,-2.026619435,0.1054,20.0,1028.0,7.210000038,0.2148,16.21539307,SmoothCondition,LowCongestionCondition,AggressiveStyle
-1.2000122,6.755399704,8.774513825,95.33931304,1.125899792,0.0507,25.49019623,1164.0,6.980000019,0.2578,16.28952789,SmoothCondition,LowCongestionCondition,AggressiveStyle
-1.5,8.106479645,8.909621819,94.02336264,1.351079941,0.0156,21.96078491,1216.0,7.579999924,0.3164,16.36750412,SmoothCondition,LowCongestionCondition,AggressiveStyle
-2.10003662,8.782018661,9.055988797,92.65640542,0.675539016,-0.0313,20.7843132,1301.0,8.430000305,0.3438,16.44416046,SmoothCondition,LowCongestionCondition,AggressiveStyle
-2.60003662,9.007200241,9.206108801,91.24351197,0.22518158,-0.1368,18.8235302,1392.0,8.930000305,0.3359,16.67099762,SmoothCondition,LowCongestionCondition,AggressiveStyle
-2.19995118,13.06044006,9.60392681,88.50492805,2.25179958,-0.2188,4.705882549,1596.0,16.22999954,0.4101,17.03332138,SmoothCondition,LowCongestionCondition,AggressiveStyle
-1.90002441,14.63669968,9.847871805,87.31039996,1.57625962,-0.2383,69.41176605,1398.0,18.01000023,0.3906,17.10938644,SmoothCondition,LowCongestionCondition,AggressiveStyle
-1.5,19.36548042,10.17062981,87.09605981,4.72878074,-0.1485,67.05882263,1720.0,21.76000023,0.332,17.12973595,SmoothCondition,LowCongestionCondition,AggressiveStyle
-1.40002442,20.49137878,10.51215279,87.02958306,1.12589836,-0.0118,15.68627453,1778.0,13.84000015,0.2969,17.10530472,SmoothCondition,LowCongestionCondition,AggressiveStyle
-1.7999878,23.64389992,10.90621779,87.92145074,3.15252114,-0.0039,29.80392265,1933.0,15.28999996,0.3242,17.05455589,SmoothCondition,LowCongestionCondition,AggressiveStyle
-1.79998779,28.82304001,11.38660179,91.11163387,5.17914009,-0.043,22.35294151,2063.0,15.38000011,0.3672,17.00693893,SmoothCondition,LowCongestionCondition,AggressiveStyle
-1.2999878,29.7237606,11.8819978,94.36369591,0.90072059,-0.0352,11.76470566,2115.0,18.46999931,0.3867,16.98809433,SmoothCondition,LowCongestionCondition,AggressiveStyle
-1.09997559,26.79641914,12.80523579,97.21715655,-1.8014412,0.0546,0.0,1823.0,21.15999985,0.3008,16.98265648,SmoothCondition,LowCongestionCondition,AggressiveStyle
-1.0,25.4453373,13.22932475,96.96303817,-1.35108184,-0.0039,19.6078434,1859.0,18.35000038,0.3633,16.9842186,SmoothCondition,LowCongestionCondition,EvenPaceStyle
-1.29998779,26.3460598,13.66842574,96.71668434,0.9007225,-0.1289,23.52941132,1857.0,18.73999977,0.3828,16.99930573,SmoothCondition,LowCongestionCondition,EvenPaceStyle
-1.90002441,25.89570045,14.10002075,95.89471705,-0.45035935,-0.4648,7.058823586,1862.0,20.29000092,0.5781,17.00687027,SmoothCondition,LowCongestionCondition,EvenPaceStyle
-2.09997558,27.69713783,14.56163971,95.44192863,1.80143738,-0.6405,58.03921509,2180.0,37.95999908,0.6523,17.01268959,SmoothCondition,LowCongestionCondition,EvenPaceStyle
-1.79998779,32.87627792,15.10957768,97.22786864,5.17914009,-0.7733,35.68627548,2048.0,20.75,0.7265,16.99001694,SmoothCondition,LowCongestionCondition,EvenPaceStyle
-1.59997558,38.95613861,16.34431457,104.3689789,3.82806396,-0.7265,26.66666794,1680.0,19.07999992,0.7109,16.9702816,SmoothCondition,LowCongestionCondition,EvenPaceStyle
-1.7999878,39.63167572,17.0048425,108.5890931,0.67553711,-0.664,0.0,1644.0,17.64999962,0.6484,16.89982414,SmoothCondition,LowCongestionCondition,EvenPaceStyle
-1.40002441,33.55181885,19.42177441,108.5377561,-1.12590027,-0.1914,24.31372643,1463.0,15.18999958,0.375,16.73460007,SmoothCondition,LowCongestionCondition,EvenPaceStyle
-1.20001221,35.12807465,20.00724232,105.9770135,1.5762558,-0.1328,73.72549438,1634.0,17.47999954,0.3984,16.7063446,SmoothCondition,LowCongestionCondition,EvenPaceStyle
-1.59997559,38.95613861,20.6565113,104.8495205,3.82806396,-0.1445,64.31372833,1814.0,24.55999947,0.5,16.71477699,SmoothCondition,LowCongestionCondition,EvenPaceStyle
-1.2999878,42.78419876,21.36958128,105.3992657,3.82806015,-0.1757,6.666666985,1855.0,21.42000008,0.3984,16.72860146,SmoothCondition,LowCongestionCondition,EvenPaceStyle
-0.90002442,23.64389992,23.45249625,106.1420251,-6.98057747,0.4296,14.50980377,1004.0,5.789999962,-0.0469,16.49905396,SmoothCondition,LowCongestionCondition,EvenPaceStyle
-0.70001221,9.682740211,23.30237626,108.9105168,-6.980578419,0.7655,23.52941132,876.0,6.269999981,-0.2617,16.43746948,SmoothCondition,LowCongestionCondition,EvenPaceStyle
-0.9000244,25.89570045,9.221120739,47.72799555,-1.80143738,0.2695,0.0,1740.0,18.79000092,-0.0781,16.16628456,SmoothCondition,NormalCongestionCondition,AggressiveStyle
-1.2999878,21.61728096,9.483830786,52.44222532,-1.35107994,0.3164,15.29411793,1595.0,17.17000008,-0.1094,16.22912216,SmoothCondition,NormalCongestionCondition,AggressiveStyle
-1.2000122,22.74317932,9.937943784,57.24361392,2.02661896,0.4609,1.176470637,1524.0,11.02999973,-0.1484,16.23999214,SmoothCondition,NormalCongestionCondition,AggressiveStyle
-1.3999634,21.1669178,10.19690075,58.99791301,-1.57626152,0.4765,9.019607544,1467.0,13.68999958,-0.1562,16.25930405,SmoothCondition,NormalCongestionCondition,AggressiveStyle
-1.7999878,13.96115971,11.13139767,64.39041227,-0.22517967,0.8008,24.31372643,1024.0,6.059999943,-0.332,16.32320595,SmoothCondition,NormalCongestionCondition,EvenPaceStyle
-1.4000244,13.28561974,11.2214697,64.63242618,-1.12590026,0.9414,12.94117641,954.0,6.730000019,-0.3945,16.34122467,SmoothCondition,NormalCongestionCondition,EvenPaceStyle
-1.3999634,12.38489914,11.21021068,64.59792025,-0.9007206,1.1445,24.70588303,874.0,4.369999886,-0.4648,16.31034851,SmoothCondition,NormalCongestionCondition,EvenPaceStyle
-1.5999756,4.503600121,10.8536757,65.00994247,-2.476979732,1.4296,25.09803963,843.0,4.829999924,-0.6641,16.4100399,SmoothCondition,NormalCongestionCondition,EvenPaceStyle
-0.4000244,7.881299973,9.183590726,77.34146258,7.881299973,0.8671,28.23529434,1391.0,11.59000015,-0.4023,16.52702141,SmoothCondition,NormalCongestionCondition,EvenPaceStyle
-0.7000122,11.48418045,9.236132745,77.41606065,3.602880477,0.8203,0.392156869,1826.0,13.71000004,-0.3828,16.5751133,SmoothCondition,NormalCongestionCondition,EvenPaceStyle
-0.9000244,15.31223869,9.491336723,78.01479271,2.02661895,0.5898,58.4313736,1349.0,7.650000095,-0.2969,16.58065033,SmoothCondition,NormalCongestionCondition,EvenPaceStyle
-0.7999878,18.6899395,9.907919705,79.075623,3.15252018,0.707,2.352941275,1464.0,15.02000046,-0.3125,16.64165688,SmoothCondition,NormalCongestionCondition,EvenPaceStyle
-0.3999634,18.6899395,11.19144565,76.69725207,0.22517967,0.4297,27.45098114,1430.0,8.520000458,-0.1875,16.55211449,SmoothCondition,NormalCongestionCondition,EvenPaceStyle
-0.0999756,19.81583786,11.52170961,75.72415424,1.12589836,0.3516,12.54901981,1407.0,8.659999847,-0.1484,16.49046135,SmoothCondition,NormalCongestionCondition,EvenPaceStyle
0.1000366,18.01440048,12.14846062,72.64270343,-1.57625962,0.2773,34.90196228,1372.0,10.75,-0.0625,16.44784355,SmoothCondition,LowCongestionCondition,EvenPaceStyle
-0.1000366,21.39209938,12.8164946,69.35947374,2.70215988,0.1992,18.8235302,1564.0,11.60999966,-0.0703,16.45604324,SmoothCondition,LowCongestionCondition,EvenPaceStyle
0.1999512,22.9683609,13.19930062,68.17312507,1.57626152,0.2695,12.54901981,1552.0,9.899999619,-0.0742,16.45957375,SmoothCondition,LowCongestionCondition,EvenPaceStyle
0.1000366,23.86907959,13.59711861,66.98883858,0.90071869,0.4531,0.0,1306.0,13.07999992,-0.1641,16.45150757,SmoothCondition,LowCongestionCondition,EvenPaceStyle
0.2000122,18.23958015,13.90111161,64.12656926,-5.62949944,0.7225,20.7843132,900.0,11.14999962,-0.293,16.44667816,SmoothCondition,LowCongestionCondition,EvenPaceStyle
-0.2000122,10.35828018,14.07374962,61.03373057,-7.88129997,0.91,23.13725471,838.0,5.019999981,-0.3867,16.47620201,SmoothCondition,LowCongestionCondition,EvenPaceStyle
-0.5,4.053239822,14.03246661,61.76938347,-6.305040358,0.9295,24.70588303,846.0,5.670000076,-0.414,16.5259552,SmoothCondition,LowCongestionCondition,EvenPaceStyle
-0.7000122,2.476979733,13.96491261,63.07398958,-1.576260089,0.8631,32.54901886,1105.0,5.789999962,-0.3789,16.53788948,SmoothCondition,LowCongestionCondition,EvenPaceStyle
-0.9000244,0.0,13.86358161,65.31515309,-2.476979733,0.8201,45.09804153,1248.0,7.679999828,-0.3594,16.54114532,SmoothCondition,LowCongestionCondition,EvenPaceStyle
-0.8000488,8.782018661,13.9123706,64.66323696,8.782018661,0.785,42.35294342,1820.0,12.0,-0.3047,16.56938934,SmoothCondition,LowCongestionCondition,EvenPaceStyle
-0.7000122,12.83525944,14.01370159,63.8042854,4.053240779,0.8553,3.137254953,1214.0,21.70999908,-0.3476,16.59453392,SmoothCondition,LowCongestionCondition,EvenPaceStyle
-0.8999634,14.63669968,14.11503259,63.29572115,1.80144024,0.7498,73.33333588,1322.0,11.73999977,-0.332,16.59240532,SmoothCondition,LowCongestionCondition,EvenPaceStyle
-0.6000366,18.6899395,14.24263459,63.47299168,4.05323982,0.6561,40.7843132,1527.0,15.52999973,-0.3125,16.61664963,SmoothCondition,LowCongestionCondition,EvenPaceStyle
-0.7000122,21.39209938,14.36648359,64.32240361,2.70215988,0.6522,25.49019623,1632.0,12.72000027,-0.3515,16.60493279,SmoothCondition,LowCongestionCondition,EvenPaceStyle
-0.4000244,22.9683609,14.48282661,65.5181926,1.57626152,0.6639,22.35294151,1694.0,10.96000004,-0.3398,16.58953476,SmoothCondition,LowCongestionCondition,EvenPaceStyle
0.0999756,22.29281998,14.58415762,66.49084614,-0.67554092,0.6053,29.41176605,1759.0,10.73999977,-0.3125,16.57837677,SmoothCondition,LowCongestionCondition,EvenPaceStyle
0.2999878,26.57123947,14.73427763,68.95051846,2.70215988,0.3631,40.0,2054.0,19.34000015,-0.3047,16.61322021,SmoothCondition,LowCongestionCondition,EvenPaceStyle
0.0,29.04821777,14.7755606,70.04667032,2.4769783,0.285,34.11764908,2197.0,20.35000038,-0.2383,16.6418972,SmoothCondition,LowCongestionCondition,EvenPaceStyle
0.3000488,31.75038147,14.84311466,72.09588341,2.7021637,0.3084,43.13725662,2379.0,21.65999985,-0.2773,16.66869354,SmoothCondition,LowCongestionCondition,EvenPaceStyle
0.2999878,33.55181885,14.97071663,75.94129059,1.80143738,0.2577,0.0,1491.0,22.71999931,-0.2539,16.69672012,SmoothCondition,LowCongestionCondition,AggressiveStyle
0.0999756,38.50577927,15.92022558,102.5367044,1.57625962,-0.4922,0.784313738,1786.0,27.04999924,0.0859,16.77367592,SmoothCondition,LowCongestionCondition,AggressiveStyle
0.2999878,40.30722046,16.23923063,112.0467364,1.80144119,-0.5781,27.45098114,1788.0,20.53000069,0.168,16.75701523,SmoothCondition,LowCongestionCondition,EvenPaceStyle
0.0,40.08203888,16.56574163,121.2671123,-0.22518158,-0.6523,58.8235321,1867.0,23.01000023,0.2891,16.75126266,SmoothCondition,LowCongestionCondition,EvenPaceStyle
-0.2000122,45.26117706,17.38764864,146.2655726,2.02661514,-0.6914,68.23529816,2156.0,42.97000122,0.332,16.80961227,SmoothCondition,LowCongestionCondition,EvenPaceStyle
-0.5999756,48.86405945,17.90931568,162.7809139,3.60288239,-0.707,60.39215851,2285.0,39.54000092,0.2695,16.82152367,SmoothCondition,LowCongestionCondition,EvenPaceStyle
-0.9000244,53.14247894,18.53606667,183.3263527,4.27841949,-0.7422,41.17647171,2377.0,38.5,0.3555,16.82937813,SmoothCondition,LowCongestionCondition,EvenPaceStyle
-1.0,55.84463882,19.23037166,206.1074691,2.70215988,-0.6992,61.17647171,2492.0,38.09000015,0.4219,16.84616661,SmoothCondition,LowCongestionCondition,EvenPaceStyle
-1.2999878,58.77198029,19.97721867,231.5703062,2.92734147,-0.664,0.784313738,2049.0,19.14999962,0.4101,16.79276848,SmoothCondition,LowCongestionCondition,EvenPaceStyle
-1.0,59.44752121,20.72781869,256.8774885,0.67554092,-0.7539,60.39215851,1896.0,31.11000061,0.4844,16.795084,SmoothCondition,LowCongestionCondition,EvenPaceStyle
-0.8999634,60.57342148,21.51594872,282.2167563,1.12590027,-0.8632,74.90196228,1980.0,34.79999924,0.4883,16.81165123,SmoothCondition,LowCongestionCondition,EvenPaceStyle
-0.5999756,63.27557755,22.36412669,309.6290645,2.70215607,-0.8554,57.64706039,2039.0,32.43000031,0.457,16.81939888,SmoothCondition,LowCongestionCondition,EvenPaceStyle
-0.5,65.07701874,23.27610567,337.2620892,1.80144119,-0.6719,35.29411697,2061.0,24.31999969,0.543,16.78691673,SmoothCondition,LowCongestionCondition,EvenPaceStyle
-0.2000122,65.97773743,24.25939163,362.6836844,0.90071869,-0.6562,29.41176605,2070.0,22.34000015,0.4961,16.73472404,SmoothCondition,LowCongestionCondition,EvenPaceStyle
0.6999512,66.20291901,25.28771361,384.8111662,0.22518158,-0.668,37.64706039,2089.0,24.79999924,0.3789,16.69116402,SmoothCondition,LowCongestionCondition,EvenPaceStyle
1.7000122,67.55399323,26.3948485,403.9484593,1.35107422,-0.6875,35.68627548,2110.0,21.32999992,0.3867,16.61717224,SmoothCondition,LowCongestionCondition,EvenPaceStyle
2.5,68.90507507,27.54326642,421.4281121,1.35108184,-0.5937,37.25490189,2131.0,22.03000069,0.3789,16.54250908,SmoothCondition,LowCongestionCondition,EvenPaceStyle
2.1000366,67.7791748,29.8100783,445.9828884,-0.45036316,-0.4414,18.03921509,2124.0,21.38999939,0.2812,16.39822769,SmoothCondition,LowCongestionCondition,EvenPaceStyle
2.0,68.00435638,30.94348423,454.3402709,0.22518158,-0.418,34.90196228,2135.0,20.45999908,0.2109,16.33978081,SmoothCondition,LowCongestionCondition,EvenPaceStyle
1.0,67.7791748,33.21029611,463.2184625,-0.45036316,-0.3789,14.11764717,2123.0,17.53000069,0.1797,16.28868866,SmoothCondition,LowCongestionCondition,EvenPaceStyle
0.7999878,67.55399323,34.336196,463.2270511,-0.22518157,-0.2578,25.49019623,2124.0,18.26000023,0.0977,16.28528023,SmoothCondition,LowCongestionCondition,EvenPaceStyle
0.1000366,68.00435638,35.33824694,469.5564941,0.45036315,-0.2148,16.86274529,2131.0,16.87999916,0.0195,16.25477791,SmoothCondition,LowCongestionCondition,EvenPaceStyle
-0.7000122,67.7791748,36.27649685,476.8544354,-0.22518158,-0.0625,12.54901981,2089.0,16.76000023,-0.0352,16.18200302,SmoothCondition,LowCongestionCondition,EvenPaceStyle
-1.4000244,66.20291901,37.15845184,482.2839208,-1.57625579,0.0156,11.37254906,2071.0,16.51000023,-0.0625,16.09331512,SmoothCondition,LowCongestionCondition,EvenPaceStyle
-1.6000366,63.7259407,38.80601884,489.5515138,-2.25179673,0.1484,4.313725471,2034.0,15.90999985,-0.1914,15.92257118,SmoothCondition,LowCongestionCondition,EvenPaceStyle
-1.2000122,63.27557755,40.28845371,495.7421577,-1.12589645,0.1914,20.7843132,2008.0,15.5,-0.1797,15.75339794,SmoothCondition,LowCongestionCondition,EvenPaceStyle
-0.3999634,61.69932175,40.98651178,495.912669,-1.5762558,0.3476,21.17647171,1998.0,15.68999958,-0.1055,15.66661549,SmoothCondition,LowCongestionCondition,EvenPaceStyle
-0.2999878,63.27557755,41.73335874,495.1687083,1.5762558,0.4062,10.58823586,1964.0,14.30000019,-0.1289,15.5800333,SmoothCondition,LowCongestionCondition,EvenPaceStyle
-0.1000366,62.14967728,42.4576877,492.700026,-1.12590027,0.375,20.3921566,1965.0,15.56999969,-0.1797,15.56521988,SmoothCondition,LowCongestionCondition,EvenPaceStyle
-0.5999756,62.37486267,43.87632174,486.397698,0.22518539,0.4609,35.68627548,1973.0,16.96999931,-0.0352,15.45244312,SmoothCondition,LowCongestionCondition,EvenPaceStyle
-1.1000366,62.60003281,44.61941561,480.4418857,0.22517014,0.4844,24.31372643,1992.0,16.42000008,-0.043,15.38560581,SmoothCondition,LowCongestionCondition,EvenPaceStyle
-0.7999878,63.7259407,45.37001563,474.6608271,1.12590789,0.4805,39.60784531,2023.0,18.86000061,-0.0117,15.38072395,SmoothCondition,LowCongestionCondition,EvenPaceStyle
-0.7999878,64.85183716,46.7886495,467.0817361,0.22518158,0.4883,31.76470566,2063.0,15.86999989,-0.0156,15.3401165,SmoothCondition,LowCongestionCondition,EvenPaceStyle
-0.9000244,64.401474,48.24106036,453.0065573,-0.45036316,0.5078,16.86274529,2012.0,17.13999939,0.043,15.27797413,SmoothCondition,LowCongestionCondition,EvenPaceStyle
-0.8999634,63.95111847,49.13427433,432.0545407,-0.45035553,0.5195,0.0,1981.0,19.06999969,-0.0586,15.27516365,SmoothCondition,LowCongestionCondition,EvenPaceStyle
1.2000122,57.87125778,52.00531926,317.0887181,-1.57626343,0.5391,24.31372643,1808.0,17.57999992,-0.1094,15.35741329,SmoothCondition,LowCongestionCondition,EvenPaceStyle
1.1000366,57.42089844,52.81596726,285.2522058,-0.45035934,0.5547,29.41176605,1814.0,14.68000031,-0.0586,15.38033104,SmoothCondition,LowCongestionCondition,EvenPaceStyle
1.3999634,56.97053528,53.55155519,257.9020034,-0.45036316,0.5234,27.84313774,1806.0,14.93999958,-0.1445,15.38669968,SmoothCondition,LowCongestionCondition,EvenPaceStyle
1.5,56.52017593,54.24961313,231.8886075,-0.45035935,0.5,11.76470566,1771.0,14.05000019,-0.1719,15.39426422,SmoothCondition,LowCongestionCondition,EvenPaceStyle
1.2999878,55.1690979,54.8575991,210.0949845,-1.35107803,0.4375,19.6078434,1763.0,19.51000023,-0.2461,15.41769695,SmoothCondition,LowCongestionCondition,EvenPaceStyle
1.1000366,55.39427567,55.42430204,190.7912424,0.22517777,0.3867,34.90196228,1773.0,17.21999931,-0.2187,15.45325089,SmoothCondition,LowCongestionCondition,EvenPaceStyle
0.8999634,56.52017593,55.98349896,172.6395603,1.12590026,0.2891,55.29411697,1815.0,25.36000061,-0.2695,15.48741055,SmoothCondition,LowCongestionCondition,EvenPaceStyle
0.3000488,58.77198029,57.16194089,134.7161505,0.67554474,0.3437,18.4313736,1845.0,12.69999981,-0.1758,15.4172163,SmoothCondition,LowCongestionCondition,EvenPaceStyle
-0.0999756,58.09643555,57.68736083,118.5893421,-0.67554474,0.4101,13.72549057,1821.0,15.10999966,-0.2265,15.3810997,SmoothCondition,LowCongestionCondition,EvenPaceStyle
0.1999512,56.74535751,58.14897982,104.4859748,-1.35107804,0.4414,0.0,1752.0,17.75,-0.2461,15.37219238,SmoothCondition,LowCongestionCondition,EvenPaceStyle
0.5999756,54.04319763,59.2148318,71.78763565,0.22517776,0.4219,26.66666794,1717.0,19.04999924,-0.3633,15.35255241,SmoothCondition,LowCongestionCondition,EvenPaceStyle
0.7000122,54.49356079,59.52257779,62.95739697,0.45036316,0.4726,43.92156982,1754.0,15.35999966,-0.2773,15.35877037,SmoothCondition,LowCongestionCondition,EvenPaceStyle
1.1999512,54.49356079,60.35574373,40.80023985,-1.12589645,0.5312,21.56862831,1722.0,18.87999916,-0.2109,15.43793297,SmoothCondition,LowCongestionCondition,EvenPaceStyle
1.5,55.39427567,60.79859765,29.66559923,0.90071488,0.4453,23.92156982,1718.0,18.71999931,-0.1562,15.42813301,SmoothCondition,LowCongestionCondition,EvenPaceStyle
1.4000244,55.1690979,60.96372967,26.08328929,-0.22517777,0.4101,12.54901981,1743.0,20.95999908,-0.1523,15.42805576,SmoothCondition,LowCongestionCondition,EvenPaceStyle
1.2999878,55.39427567,61.07256661,24.11559556,0.22517777,0.3125,44.70588303,1773.0,24.34000015,-0.1406,15.45221519,SmoothCondition,LowCongestionCondition,EvenPaceStyle
1.2000122,56.29499817,61.12510859,23.4337859,0.9007225,0.3047,43.13725662,1799.0,19.10000038,-0.0742,15.44064045,SmoothCondition,LowCongestionCondition,EvenPaceStyle
1.1999512,57.42089844,61.15137959,23.19304695,1.12590027,0.2695,36.47058868,1832.0,16.73999977,-0.0195,15.42215252,SmoothCondition,LowCongestionCondition,EvenPaceStyle
1.2999878,57.87125778,61.13636754,23.27921875,0.45035934,0.4375,25.09803963,1835.0,17.67000008,0.0898,15.45243549,SmoothCondition,LowCongestionCondition,EvenPaceStyle
1.3999634,58.32162094,61.11760254,23.36480297,0.45036316,0.5039,33.33333206,1850.0,18.19000053,0.0937,15.4602232,SmoothCondition,LowCongestionCondition,EvenPaceStyle
1.3000488,58.77198029,61.08757852,23.45212033,0.45035935,0.5195,28.62745094,1865.0,19.64999962,0.0781,15.45723724,SmoothCondition,LowCongestionCondition,EvenPaceStyle
1.0,59.22233582,61.02002449,23.42530639,0.45035553,0.5234,31.37254906,1876.0,17.57999992,0.0391,15.45565319,SmoothCondition,LowCongestionCondition,EvenPaceStyle
0.8000488,59.44752121,60.92619953,23.17929583,0.22518539,0.4922,27.45098114,1859.0,15.60000038,0.0,15.476408,SmoothCondition,LowCongestionCondition,EvenPaceStyle
1.1000366,59.22233582,60.70101954,22.30955814,-0.22518539,0.4179,32.15686417,1877.0,17.30999947,-0.0234,15.47551823,SmoothCondition,LowCongestionCondition,EvenPaceStyle
0.7000122,59.67269897,60.40828565,20.34061891,0.45036315,0.3476,42.35294342,1912.0,27.60000038,0.0078,15.50210762,SmoothCondition,LowCongestionCondition,EvenPaceStyle
0.2000122,59.89787674,60.26942463,19.2886119,0.22517777,0.3281,55.68627548,1962.0,31.89999962,0.0352,15.53816223,SmoothCondition,LowCongestionCondition,EvenPaceStyle
-0.3999634,62.37486267,60.17935276,18.39962453,2.47698593,0.2695,50.19607925,2017.0,29.01000023,-0.0039,15.56876087,SmoothCondition,LowCongestionCondition,EvenPaceStyle
-0.7000122,63.7259407,60.10804583,17.5698368,1.35107803,0.1875,49.41176605,2063.0,29.0,0.0156,15.60038757,SmoothCondition,LowCongestionCondition,EvenPaceStyle
-0.8999634,65.75255585,60.0667628,16.99016903,2.02661515,0.1523,45.49019623,2102.0,28.95000076,0.0703,15.63520622,SmoothCondition,LowCongestionCondition,EvenPaceStyle
-0.8000488,66.87845612,60.05175082,16.76820878,1.12590027,0.1406,32.54901886,2121.0,26.45000076,0.0625,15.70734119,SmoothCondition,LowCongestionCondition,EvenPaceStyle
-0.7000122,68.00435638,60.05925687,16.88612257,1.12590026,0.1094,37.25490189,2141.0,30.09000015,0.043,15.72557926,SmoothCondition,LowCongestionCondition,EvenPaceStyle
-0.8000488,68.45471954,60.06676292,17.01079726,0.45036316,0.1367,36.07843018,2163.0,23.62000084,0.0625,15.69426918,SmoothCondition,LowCongestionCondition,EvenPaceStyle
-1.89996339,57.64608002,65.53488363,73.45494129,1.35108185,1.039,23.52941132,1824.0,24.68000031,-0.0898,14.39376926,SmoothCondition,LowCongestionCondition,EvenPaceStyle
-1.29998781,58.77198029,66.12410469,53.96123338,0.67554474,0.957,48.23529434,1882.0,28.04000092,-0.0078,14.46751118,SmoothCondition,LowCongestionCondition,EvenPaceStyle
-0.90002441,59.67269897,66.38681469,46.23271805,0.90071868,0.8672,44.31372452,1893.0,27.36000061,-0.0547,14.52877808,SmoothCondition,LowCongestionCondition,EvenPaceStyle
-0.1000366,59.89787674,66.53693473,42.85346036,0.22517777,0.8047,14.11764717,1870.0,22.20999908,-0.1133,14.5710907,SmoothCondition,LowCongestionCondition,EvenPaceStyle
0.40002441,58.32162094,66.57821776,42.05793378,-1.5762558,0.7539,20.7843132,1832.0,25.20999908,-0.0859,14.61781502,SmoothCondition,LowCongestionCondition,EvenPaceStyle
1.20001221,57.87125778,66.5519467,42.48035596,-0.45036316,0.6797,60.0,1863.0,29.44000053,-0.0195,14.66048813,SmoothCondition,LowCongestionCondition,EvenPaceStyle
1.29998779,59.44752121,66.54068775,42.63518053,1.57626343,0.6172,52.54901886,1880.0,26.79999924,0.0234,14.69101143,SmoothCondition,LowCongestionCondition,EvenPaceStyle
1.49999999,59.89787674,66.49565182,43.11783278,0.45035553,0.5508,50.19607925,1905.0,29.82999992,0.0586,14.72177887,SmoothCondition,LowCongestionCondition,EvenPaceStyle
2.49999999,60.34823608,66.44686279,43.58018905,0.45035934,0.4961,18.03921509,1887.0,23.87999916,0.0078,14.74620533,SmoothCondition,LowCongestionCondition,EvenPaceStyle
3.10003661,59.67269897,66.09783376,45.79436776,0.45036315,0.1914,43.52941132,1886.0,28.01000023,0.0352,14.91795158,SmoothCondition,LowCongestionCondition,EvenPaceStyle
3.5,50.66549683,64.50656172,48.36404657,-1.57626342,0.1406,30.58823586,1627.0,17.81999969,-0.2344,14.93049526,SmoothCondition,LowCongestionCondition,EvenPaceStyle
2.3999634,51.56622314,64.10123781,48.84050888,0.90072631,0.125,47.84313965,1684.0,20.15999985,-0.3008,15.0030899,SmoothCondition,LowCongestionCondition,EvenPaceStyle
1.7000122,53.36766052,63.70717284,47.81027275,1.80143738,0.1836,15.68627453,1712.0,22.02000046,-0.3359,15.05264473,SmoothCondition,LowCongestionCondition,EvenPaceStyle
1.1000366,54.26837921,63.3206138,45.96166318,0.90071869,0.1328,31.76470566,1747.0,20.39999962,-0.3281,15.07030106,SmoothCondition,LowCongestionCondition,EvenPaceStyle
0.0,55.39427567,62.96407878,43.82391785,1.12589646,0.1562,42.35294342,1800.0,23.04000092,-0.2969,15.13277912,SmoothCondition,LowCongestionCondition,EvenPaceStyle
-1.2000122,56.97053528,62.67509766,42.16621597,1.57625961,0.2344,0.0,1797.0,25.39999962,-0.3516,15.17221642,SmoothCondition,LowCongestionCondition,EvenPaceStyle
-2.2999878,56.74535751,62.17594853,39.9650986,-0.67554093,0.3086,30.19607925,1798.0,22.20999908,-0.2656,15.21334648,SmoothCondition,LowCongestionCondition,EvenPaceStyle
-2.5999756,57.19572067,62.02582855,40.08770907,0.45036316,0.3515,34.90196228,1847.0,24.62999916,-0.3086,15.27707386,SmoothCondition,LowCongestionCondition,EvenPaceStyle
-3.5,60.34823608,61.83817851,40.35355671,0.90071487,0.4609,5.882352829,1901.0,25.47999954,-0.5078,15.33843136,SmoothCondition,LowCongestionCondition,EvenPaceStyle
-3.20001221,58.99715805,61.40658379,39.55808984,0.22517776,0.6953,16.47058868,1859.0,24.42000008,-0.4414,15.35299778,SmoothCondition,LowCongestionCondition,EvenPaceStyle
-3.10003661,58.77198029,61.29399389,39.37503276,-0.22517776,0.6719,0.0,1817.0,18.29999924,-0.3984,15.36175728,SmoothCondition,LowCongestionCondition,EvenPaceStyle
-3.2000122,57.64608002,61.10259107,38.52252901,-1.12590027,0.5937,21.56862831,1812.0,22.70000076,-0.3633,15.38817978,SmoothCondition,LowCongestionCondition,EvenPaceStyle
-2.70001219,57.64608002,60.5171231,32.04040521,0.45035935,0.6406,10.58823586,1813.0,16.76000023,-0.1797,15.40233517,SmoothCondition,LowCongestionCondition,EvenPaceStyle
-2.5,56.97053528,60.18685907,27.65642563,-0.67554474,0.664,18.4313736,1796.0,19.06999969,-0.1367,15.41566277,SmoothCondition,LowCongestionCondition,EvenPaceStyle
-2.09997559,56.74535751,59.86785406,23.57652368,-0.22517777,0.6094,26.27450943,1798.0,20.45000076,-0.1562,15.45432281,SmoothCondition,LowCongestionCondition,EvenPaceStyle
-1.79998779,58.54679871,59.37245795,18.04389129,1.8014412,0.6289,9.8039217,1859.0,26.42000008,-0.1797,15.52202415,SmoothCondition,LowCongestionCondition,EvenPaceStyle
-1.39996338,58.77198029,59.18480803,16.08870198,0.22518158,0.6562,12.54901981,1873.0,24.79999924,-0.207,15.53650856,SmoothCondition,LowCongestionCondition,EvenPaceStyle
-1.0,58.99715805,59.01967608,14.46015126,0.22517776,0.6055,6.274509907,1832.0,20.29000092,-0.1953,15.50931454,SmoothCondition,LowCongestionCondition,EvenPaceStyle
-1.20001221,57.42089844,58.68941212,11.93046513,-0.45035934,0.6484,11.37254906,1786.0,18.93000031,-0.2148,15.4556303,SmoothCondition,LowCongestionCondition,EvenPaceStyle
-1.70001221,56.52017593,58.52052714,10.90624738,-0.90072251,0.6797,21.56862831,1761.0,21.32999992,-0.1992,15.44133568,SmoothCondition,LowCongestionCondition,EvenPaceStyle
-2.20001221,55.84463882,58.16023922,8.609866821,-0.45035935,0.7226,8.627450943,1768.0,18.69000053,-0.2148,15.41612911,SmoothCondition,LowCongestionCondition,EvenPaceStyle
-2.60003662,53.59283829,57.93881226,7.625325318,-2.25180053,0.7344,21.96078491,1753.0,21.27000046,-0.168,15.41390705,SmoothCondition,LowCongestionCondition,EvenPaceStyle
-2.70001221,55.61945724,57.75866833,6.462010245,2.02661895,0.543,20.3921566,1760.0,19.57999992,-0.1836,15.39175415,SmoothCondition,LowCongestionCondition,EvenPaceStyle
-2.90002442,56.0698204,57.60479533,5.521785134,0.45036316,0.5391,17.25490189,1722.0,17.02000046,-0.207,15.37797165,SmoothCondition,LowCongestionCondition,EvenPaceStyle
-2.89996338,55.84463882,57.48094635,5.013650655,-0.22518158,0.5703,0.0,1743.0,18.25,-0.3242,15.3558197,SmoothCondition,LowCongestionCondition,EvenPaceStyle
-2.40002441,52.6921196,57.23324846,4.940255908,-2.25180054,0.5117,28.23529434,1704.0,21.11000061,-0.3789,15.32236671,SmoothCondition,LowCongestionCondition,EvenPaceStyle
-2.89996338,55.1690979,57.1169054,5.156243323,1.35107803,0.5352,20.3921566,1753.0,22.96999931,-0.375,15.37656307,SmoothCondition,LowCongestionCondition,EvenPaceStyle
-2.7000122,56.29499817,57.10939941,5.165295921,1.12590027,0.5703,0.0,1756.0,18.56999969,-0.3906,15.38340473,SmoothCondition,LowCongestionCondition,EvenPaceStyle
-1.79998779,51.11585999,56.98179741,5.906692444,-2.92733764,0.8164,28.23529434,1593.0,17.95999908,-0.4219,15.37904167,SmoothCondition,LowCongestionCondition,EvenPaceStyle
-2.40002441,49.98995972,56.8541954,6.71122781,-1.12590027,0.7656,24.70588303,1585.0,18.88999939,-0.3555,15.37261772,SmoothCondition,LowCongestionCondition,EvenPaceStyle
-2.60003662,50.66549683,56.73034643,7.318626375,0.67553711,0.7695,31.37254906,1605.0,20.20999908,-0.3359,15.38309574,SmoothCondition,LowCongestionCondition,EvenPaceStyle
-2.59997559,51.79140091,56.61400344,7.647656417,1.12590408,0.8008,11.76470566,1630.0,21.15999985,-0.3437,15.39907551,SmoothCondition,LowCongestionCondition,EvenPaceStyle
-2.20001221,52.01657867,56.48640143,7.83077099,0.22517776,0.8047,0.0,1637.0,18.32999992,-0.3086,15.41142178,SmoothCondition,LowCongestionCondition,EvenPaceStyle
-1.5,50.44031906,56.32877547,8.227825085,-1.57625961,0.8594,27.05882454,1632.0,19.44000053,-0.2578,15.42558002,SmoothCondition,LowCongestionCondition,EvenPaceStyle
-1.20001221,49.76477432,56.06231238,9.365946959,-0.67554474,0.8164,23.13725471,1575.0,18.07999992,-0.293,15.45307827,SmoothCondition,LowCongestionCondition,EvenPaceStyle
-0.2999878,46.16189957,55.27042942,12.48300787,-1.12590027,1.039,32.54901886,1459.0,17.03000069,-0.2578,15.39158344,SmoothCondition,LowCongestionCondition,EvenPaceStyle
-0.70001221,45.26117706,54.81256345,14.78087961,-0.90072251,0.9609,26.27450943,1417.0,16.15999985,-0.2383,15.38382912,SmoothCondition,LowCongestionCondition,EvenPaceStyle
-1.29998779,45.9367218,54.19331862,18.37735429,0.9007225,0.9297,26.27450943,1454.0,17.77000046,-0.2305,15.36069012,SmoothCondition,LowCongestionCondition,EvenPaceStyle
-1.2999878,46.38707733,54.09574057,19.33595657,0.45035553,0.875,31.37254906,1471.0,17.57999992,-0.1953,15.37352848,SmoothCondition,LowCongestionCondition,EvenPaceStyle
-0.89996338,46.61225891,54.02818661,20.08107714,0.22518158,0.7695,26.27450943,1486.0,17.77000046,-0.1992,15.36791325,SmoothCondition,LowCongestionCondition,EvenPaceStyle
-0.70001221,46.83743668,53.9493735,20.84841494,0.22517777,0.6992,30.19607925,1500.0,18.26000023,-0.2422,15.36708736,SmoothCondition,LowCongestionCondition,EvenPaceStyle
-1.5,47.5129776,53.85179545,21.53515246,0.67554092,0.6797,30.58823586,1506.0,19.34000015,-0.2695,15.38517094,SmoothCondition,LowCongestionCondition,EvenPaceStyle
-1.29998779,47.96333694,53.62661546,22.57161856,-0.22518158,0.668,44.70588303,1497.0,18.42000008,-0.3125,15.36154366,SmoothCondition,LowCongestionCondition,EvenPaceStyle
-0.70001221,48.41369629,53.48400148,22.82199825,0.45035935,0.6719,0.0,1533.0,17.13999939,-0.2851,15.34067726,SmoothCondition,LowCongestionCondition,EvenPaceStyle
0.7999878,38.50577927,51.89648234,31.27009638,-1.57625961,1.0312,17.25490189,1291.0,13.38000011,-0.4609,15.34882069,SmoothCondition,LowCongestionCondition,EvenPaceStyle
1.0,32.87627792,51.43861637,35.97785164,-5.62950135,1.0624,4.705882549,1179.0,12.5,-0.4844,15.37347603,SmoothCondition,LowCongestionCondition,EvenPaceStyle
1.20001221,26.79641914,50.90193739,45.00878168,-6.07985878,1.0937,14.90196133,1144.0,12.02999973,-0.4765,15.39544392,SmoothCondition,LowCongestionCondition,EvenPaceStyle
0.2000122,23.64389992,48.11345832,90.23725425,-0.22517967,1.3241,49.01960754,1000.0,11.19999981,-0.4805,15.41762638,SmoothCondition,LowCongestionCondition,EvenPaceStyle
0.30004882,24.09425926,47.5542613,98.15740626,0.45035934,1.328,29.41176605,1042.0,11.13000011,-0.5078,15.36260891,SmoothCondition,LowCongestionCondition,EvenPaceStyle
0.0,24.31943893,47.01007636,105.5035507,0.22517967,1.3398,0.392156869,1082.0,11.56000042,-0.5195,15.30462265,SmoothCondition,LowCongestionCondition,EvenPaceStyle
0.19995118,24.09425926,46.46589139,112.496614,-0.22517967,1.3319,32.15686417,1090.0,11.06000042,-0.4414,15.24850941,SmoothCondition,LowCongestionCondition,EvenPaceStyle
-0.20001221,24.31943893,45.92545942,118.7215959,0.22517967,1.3202,29.80392265,1073.0,11.47000027,-0.4258,15.19867706,SmoothCondition,LowCongestionCondition,EvenPaceStyle
0.2999878,25.4453373,45.37376839,122.8211792,1.12589837,1.2968,25.49019623,1102.0,10.93000031,-0.4141,15.13614845,SmoothCondition,LowCongestionCondition,EvenPaceStyle
0.40002441,25.22015953,44.81457138,126.3448028,-0.22517777,1.3359,49.41176605,1137.0,12.0,-0.418,15.08032608,SmoothCondition,LowCongestionCondition,EvenPaceStyle
-0.09997558,27.2467804,44.28539842,127.8817532,2.02662087,1.207,70.98039246,1193.0,13.47999954,-0.3984,15.05237389,SmoothCondition,LowCongestionCondition,EvenPaceStyle
-0.2000122,29.94893837,43.82002643,128.0167404,2.70215797,1.0546,65.88235474,1304.0,16.29999924,-0.2031,15.02753162,SmoothCondition,LowCongestionCondition,EvenPaceStyle
-0.5,33.32663727,43.41845541,126.5837225,3.3776989,0.871,49.01960754,1454.0,18.37999916,-0.207,15.00807762,SmoothCondition,LowCongestionCondition,EvenPaceStyle
-0.69995118,36.70433807,42.75042149,122.0998203,0.67553711,0.7617,9.019607544,1563.0,17.79000092,-0.1758,14.97659779,SmoothCondition,LowCongestionCondition,EvenPaceStyle
-0.59997559,35.8036232,42.41640457,119.8982176,-0.90071487,0.6953,0.0,1524.0,15.05000019,-0.1875,14.93947792,SmoothCondition,LowCongestionCondition,EvenPaceStyle
-1.5,24.09425926,39.86061153,116.5851778,-1.57625962,0.7695,21.17647171,1026.0,10.38000011,-0.3008,14.71436024,SmoothCondition,LowCongestionCondition,EvenPaceStyle
-1.7000122,21.1669178,39.3164265,118.9051218,-2.92734146,0.7851,23.13725471,903.0,9.149999619,-0.375,14.65954018,SmoothCondition,LowCongestionCondition,EvenPaceStyle
-1.80004882,18.01440048,38.69718154,121.9468381,-3.15251732,0.8945,0.0,932.0,10.35999966,-0.4531,14.62310886,SmoothCondition,LowCongestionCondition,EvenPaceStyle
-2.09997559,14.63669968,38.00287657,126.0197207,-3.3777008,0.9765,6.274509907,1029.0,10.22999954,-0.4922,14.595994,SmoothCondition,LowCongestionCondition,EvenPaceStyle
-2.0,11.70935917,37.27479463,132.0719596,-2.92734051,1.1171,24.31372643,812.0,9.390000343,-0.5469,14.57841492,SmoothCondition,LowCongestionCondition,EvenPaceStyle
-1.90002442,8.106479645,36.50918266,141.1302911,-3.602879525,1.1796,25.09803963,885.0,8.710000038,-0.5625,14.57788754,SmoothCondition,LowCongestionCondition,EvenPaceStyle
-0.30004882,9.232379913,30.75958675,228.239347,9.232379913,1.0546,32.54901886,1497.0,19.06999969,-0.6484,14.60010052,SmoothCondition,LowCongestionCondition,EvenPaceStyle
-0.29998779,13.51079941,30.15535384,226.788799,4.278419497,0.8593,32.15686417,1827.0,20.36000061,-0.5703,14.60360336,SmoothCondition,LowCongestionCondition,EvenPaceStyle
-0.39996338,15.08705902,29.58114488,223.9332344,1.57625961,0.6835,66.27451324,1110.0,14.40999985,-0.4609,14.58725452,SmoothCondition,LowCongestionCondition,EvenPaceStyle
-0.60003662,20.49137878,29.11577292,219.1021257,5.40431976,0.5742,32.54901886,1558.0,20.36000061,-0.418,14.56567669,SmoothCondition,LowCongestionCondition,EvenPaceStyle
-0.5,24.09425926,28.72921391,213.7805557,3.60288048,0.4726,20.7843132,1776.0,23.82999992,-0.3984,14.54707527,SmoothCondition,LowCongestionCondition,EvenPaceStyle
-0.39996338,31.3000164,27.32559192,188.1431268,0.90071678,0.2031,11.76470566,2250.0,22.92000008,-0.0898,14.46255016,SmoothCondition,LowCongestionCondition,AggressiveStyle
-1.0,21.1669178,25.35901999,146.5233889,-2.92734146,0.1523,28.23529434,1467.0,15.98999977,-0.0273,14.46706009,SmoothCondition,LowCongestionCondition,AggressiveStyle
-0.79998779,22.29281998,24.46580608,128.6039381,1.8014412,0.0742,30.58823586,1636.0,20.04000092,-0.0273,14.42608929,SmoothCondition,LowCongestionCondition,AggressiveStyle
-0.39996338,26.3460598,23.78276015,112.8288066,2.47698021,0.2461,26.66666794,1943.0,27.13999939,-0.0781,14.41179943,SmoothCondition,LowCongestionCondition,EvenPaceStyle
-0.29998779,28.59786034,23.5500742,107.1913286,2.25180054,0.293,25.88235283,2076.0,29.87000084,-0.0352,14.40826035,SmoothCondition,LowCongestionCondition,EvenPaceStyle
-0.2999878,30.17411804,23.35491823,102.1994502,1.5762577,0.4882,13.72549057,2194.0,31.96999931,0.0195,14.40118122,SmoothCondition,LowCongestionCondition,EvenPaceStyle
-0.09997559,47.28779984,27.93733113,259.5355774,0.0,0.1523,22.35294151,1987.0,24.82999992,-0.1797,16.46523094,SmoothCondition,LowCongestionCondition,EvenPaceStyle
-0.09997558,49.31441879,28.39144414,266.487331,2.02661895,0.1953,21.17647171,2004.0,25.81999969,-0.2226,16.48406601,SmoothCondition,LowCongestionCondition,EvenPaceStyle
-0.5,47.73815918,28.74047314,272.6643142,-1.57625961,0.1289,23.13725471,2026.0,24.77000046,-0.3008,16.49751472,SmoothCondition,LowCongestionCondition,EvenPaceStyle
-0.89996338,49.31441879,29.31468213,286.0017625,0.45035934,0.2344,39.2156868,2100.0,32.09999847,-0.375,16.55261993,SmoothCondition,LowCongestionCondition,EvenPaceStyle
-0.80004882,47.73815918,29.53610915,291.2574431,-1.57625961,0.2266,34.90196228,2150.0,34.15000153,-0.3867,16.60658073,SmoothCondition,LowCongestionCondition,EvenPaceStyle
-0.60003662,50.44031906,29.73877118,297.326182,2.70215988,0.1562,30.58823586,2206.0,35.84000015,-0.4531,16.66764259,SmoothCondition,LowCongestionCondition,EvenPaceStyle
-0.7000122,51.11585999,30.21540221,313.5549072,-1.80144119,0.2695,1.176470637,2135.0,22.79000092,-0.4531,16.74969673,SmoothCondition,LowCongestionCondition,EvenPaceStyle
1.0,47.5129776,30.32799218,317.3226218,-1.80144119,0.2852,14.11764717,2048.0,24.29000092,-0.3594,16.78848839,SmoothCondition,LowCongestionCondition,EvenPaceStyle
2.0,48.18851852,30.38428713,319.171027,0.67554092,0.2344,26.27450943,2052.0,28.20000076,-0.4101,16.81176376,SmoothCondition,LowCongestionCondition,EvenPaceStyle
1.19995118,48.41369629,30.47435912,321.9706869,0.22517777,0.2578,19.6078434,2090.0,30.35000038,-0.4687,16.86198807,SmoothCondition,LowCongestionCondition,EvenPaceStyle
0.2000122,49.08923721,30.60946712,325.9536022,0.67554092,0.3359,16.47058868,2114.0,24.25,-0.4766,16.88368797,SmoothCondition,LowCongestionCondition,EvenPaceStyle
-0.60003662,49.76477432,30.92096601,334.777522,0.67553711,0.3906,11.76470566,2136.0,24.01000023,-0.5312,16.90698242,SmoothCondition,LowCongestionCondition,EvenPaceStyle
-3.59997559,40.75757599,33.32288574,336.6734068,-4.50360107,0.7109,12.94117641,1726.0,20.05999947,-0.4141,17.03090286,SmoothCondition,LowCongestionCondition,EvenPaceStyle
-2.70001221,39.63167572,34.3924907,312.498447,1.5762558,0.7031,25.09803963,1701.0,21.20000076,-0.4766,17.11886787,SmoothCondition,LowCongestionCondition,EvenPaceStyle
-2.7999878,39.40649796,34.84285068,304.5092391,-0.22517776,0.707,24.70588303,1725.0,22.60000038,-0.4805,17.1466713,SmoothCondition,LowCongestionCondition,EvenPaceStyle
-2.2999878,40.75757599,35.33824662,295.2446453,1.35107803,0.8515,7.058823586,1753.0,22.88999939,-0.418,17.22114754,SmoothCondition,LowCongestionCondition,EvenPaceStyle
-1.79998779,40.98275757,35.91245558,281.3832072,0.22518158,0.8828,0.0,1744.0,20.26000023,-0.4453,17.2668705,SmoothCondition,LowCongestionCondition,EvenPaceStyle
-0.89996338,30.17411804,37.41365549,230.0881869,-4.72877884,1.2928,34.90196228,1181.0,12.52999973,-0.5664,17.2850132,SmoothCondition,LowCongestionCondition,EvenPaceStyle
-0.79998779,26.12088013,37.84900349,208.3318053,-4.05323791,1.5193,19.2156868,1178.0,12.14999962,-0.668,17.30880356,SmoothCondition,LowCongestionCondition,EvenPaceStyle
-1.20001221,18.91511917,38.16425548,190.0264134,-7.20576096,1.7185,24.31372643,937.0,9.359999657,-0.664,17.37033272,SmoothCondition,LowCongestionCondition,EvenPaceStyle
-0.5,7.656119347,38.50577846,167.1837921,-5.179140093,1.7927,24.70588303,871.0,8.600000381,-0.7187,17.54446983,SmoothCondition,LowCongestionCondition,EvenPaceStyle
-1.0,0.0,38.33314045,178.4153784,-3.602880001,1.7419,23.92156982,916.0,9.079999924,-0.6562,17.8721962,SmoothCondition,LowCongestionCondition,AggressiveStyle
-0.2999878,11.25899982,36.7981635,254.3694424,4.953959937,0.9842,68.23529816,2041.0,22.45999908,-0.4648,18.49210548,SmoothCondition,LowCongestionCondition,EvenPaceStyle
-0.29998779,16.21295929,36.54295949,261.0141668,4.95395947,0.9647,46.27450943,1331.0,17.09000015,-0.3867,18.56745148,SmoothCondition,LowCongestionCondition,AggressiveStyle
0.79998779,24.54461861,36.1188705,267.0406355,3.15251923,0.8826,36.86274719,1869.0,26.34000015,-0.2773,18.74921799,SmoothCondition,LowCongestionCondition,EvenPaceStyle
1.10003662,27.47196007,35.91620858,268.0569906,2.92734146,0.6248,34.11764908,2117.0,37.58000183,-0.2187,18.86959076,SmoothCondition,LowCongestionCondition,EvenPaceStyle
0.90002442,31.52519989,35.74357064,267.7499472,4.05323982,0.5819,68.23529816,2574.0,33.88000107,-0.1601,18.96814537,SmoothCondition,LowCongestionCondition,AggressiveStyle
1.2999878,36.70433807,35.65725167,267.1190586,5.17913818,0.285,49.41176605,1682.0,26.56999969,-0.1016,19.04301071,SmoothCondition,LowCongestionCondition,AggressiveStyle
1.60003662,38.95613861,35.58594461,266.3251933,2.25180054,0.0976,85.09803772,1844.0,27.31999969,-0.0039,19.10489845,SmoothCondition,LowCongestionCondition,AggressiveStyle
2.09997558,43.45973969,35.57093257,266.0708029,4.50360108,-0.0274,22.35294151,1919.0,25.5,0.1016,19.14957237,SmoothCondition,LowCongestionCondition,AggressiveStyle
2.19995118,45.0359993,35.62722758,266.9579439,1.57625961,-0.1875,19.2156868,1909.0,20.40999985,0.1992,19.16086388,SmoothCondition,LowCongestionCondition,AggressiveStyle
2.40002441,44.81082153,35.69102865,267.8971381,-0.22517777,-0.2695,0.0,1885.0,20.80999947,0.1953,19.20138741,SmoothCondition,LowCongestionCondition,AggressiveStyle
0.5,37.379879,35.45083668,265.6624065,0.67554093,-0.1601,20.7843132,1661.0,20.23999977,0.2812,19.51084518,SmoothCondition,LowCongestionCondition,AggressiveStyle
0.2999878,38.05541992,35.29696368,263.3785004,0.67554092,-0.1679,26.27450943,1690.0,20.53000069,0.2656,19.55423355,SmoothCondition,LowCongestionCondition,EvenPaceStyle
0.0,38.28059769,35.14684365,261.0695133,0.22517777,0.0313,16.86274529,1700.0,16.51000023,0.1602,19.57884598,SmoothCondition,LowCongestionCondition,EvenPaceStyle
-0.5,37.83023834,34.95544064,257.7522644,-0.45035935,0.2305,0.784313738,1650.0,16.32999992,0.0898,19.60542488,SmoothCondition,LowCongestionCondition,EvenPaceStyle
0.60003662,21.61728096,32.43342475,226.3619595,-4.27841949,1.6405,18.8235302,946.0,9.609999657,-0.5,19.81234932,SmoothCondition,LowCongestionCondition,EvenPaceStyle
1.0,15.53741932,31.87047476,226.0482693,-6.07986164,1.8279,22.35294151,896.0,8.909999847,-0.6133,19.88383484,SmoothCondition,LowCongestionCondition,EvenPaceStyle
0.5,3.377699852,30.47435882,238.3779127,-5.179140091,1.8006,22.35294151,848.0,8.520000458,-0.5976,20.17099953,SmoothCondition,LowCongestionCondition,EvenPaceStyle
0.0,0.0,4.987736738,65.18014808,0.0,0.7656,25.09803963,808.0,6.389999866,-0.2461,21.94188309,SmoothCondition,LowCongestionCondition,EvenPaceStyle
0.5,7.430940151,0.123849003,0.920314525,7.430940151,0.4609,41.17647171,1162.0,8.329999924,-0.0117,22.06198502,SmoothCondition,LowCongestionCondition,EvenPaceStyle
0.39996338,8.106479645,0.258956997,1.981531529,0.675539494,0.4375,27.45098114,1502.0,18.12999916,-0.0664,22.14011192,SmoothCondition,LowCongestionCondition,EvenPaceStyle
0.29998779,14.41152,1.137158974,12.55519977,0.90072059,0.3477,36.47058868,1235.0,13.85999966,-0.0156,22.19256783,SmoothCondition,LowCongestionCondition,EvenPaceStyle
0.2000122,17.11367989,1.422386972,16.77680636,2.70215989,0.3281,28.62745094,1404.0,10.32999992,0.0,22.18424225,SmoothCondition,LowCongestionCondition,EvenPaceStyle
-0.20001221,24.31943893,2.507003887,36.55555057,3.3777008,0.3047,20.3921566,1725.0,11.71000004,-0.0195,22.21356964,SmoothCondition,LowCongestionCondition,EvenPaceStyle
-0.09997559,24.76979828,2.919833859,44.6762494,0.45035935,0.3086,0.0,1794.0,11.97999954,-0.0391,22.23408508,SmoothCondition,LowCongestionCondition,EvenPaceStyle
-0.2999878,22.9683609,3.719222871,58.80952533,-2.02661896,0.3789,5.490196228,1650.0,16.93000031,0.0117,22.36598969,SmoothCondition,LowCongestionCondition,EvenPaceStyle
-1.0,19.81583786,4.773815799,72.36661177,-1.57626152,0.457,26.27450943,1554.0,12.34000015,0.0859,22.39991188,SmoothCondition,LowCongestionCondition,EvenPaceStyle
-1.10003662,21.1669178,5.126597762,76.40859769,1.35107994,0.5234,24.31372643,1620.0,13.21000004,0.0586,22.3684845,SmoothCondition,LowCongestionCondition,EvenPaceStyle
-1.40002441,24.99497986,5.937245758,87.35181916,1.35107994,0.5195,21.96078491,1866.0,13.07999992,0.0078,22.16607475,SmoothCondition,LowCongestionCondition,EvenPaceStyle
-1.59997558,28.82304001,7.299584746,106.828651,2.02662087,0.5586,28.23529434,2108.0,18.95000076,0.0273,21.95675659,SmoothCondition,LowCongestionCondition,EvenPaceStyle
-0.90002442,30.62447739,7.809992703,114.8817985,1.80143738,0.5664,0.0,2217.0,17.47999954,0.0117,21.8759079,SmoothCondition,LowCongestionCondition,EvenPaceStyle
-0.60003662,28.14749908,8.785772681,127.505022,-2.25180054,0.7304,5.09803915,1958.0,20.53000069,-0.043,21.71905327,SmoothCondition,LowCongestionCondition,EvenPaceStyle
-0.29998779,26.12088013,9.221120683,131.0973012,-2.02661895,0.7617,0.0,1827.0,19.12000084,-0.1133,21.65929413,SmoothCondition,LowCongestionCondition,EvenPaceStyle
1.40002442,16.88849831,10.59471866,132.68208,-2.70216179,1.0,9.411765099,1164.0,11.64000034,-0.2812,21.52028465,SmoothCondition,LowCongestionCondition,EvenPaceStyle
1.59997558,14.41152,10.83491066,130.9678152,-2.47697831,1.0585,24.31372643,877.0,6.809999943,-0.2969,21.43723869,SmoothCondition,LowCongestionCondition,EvenPaceStyle
1.5,11.93453979,11.03381965,128.9583239,-2.47698021,1.1093,25.09803963,875.0,8.06000042,-0.3359,21.39945984,SmoothCondition,LowCongestionCondition,EvenPaceStyle
1.7999878,6.755399704,11.29277662,125.1593681,-2.026618957,0.9648,35.68627548,1061.0,11.14999962,-0.3555,21.52230835,SmoothCondition,LowCongestionCondition,AggressiveStyle
2.0,8.556839943,11.43539062,123.1040837,1.801440239,0.9375,9.411765099,1353.0,15.15999985,-0.3867,21.59396744,SmoothCondition,LowCongestionCondition,AggressiveStyle
2.20001221,9.457559586,11.59301662,120.9287091,0.900719643,1.0195,2.352941275,1290.0,10.28999996,-0.4687,21.65695953,SmoothCondition,LowCongestionCondition,AggressiveStyle
2.7000122,7.656119347,11.72061861,118.8969157,-1.801440239,0.9726,40.39215851,1037.0,7.75,-0.4375,21.75933075,SmoothCondition,LowCongestionCondition,AggressiveStyle
2.90002441,7.205760002,11.84071461,116.8993846,-0.450359345,1.0429,15.29411793,1175.0,13.14000034,-0.4531,21.86954308,SmoothCondition,LowCongestionCondition,AggressiveStyle
3.0,8.782018661,11.98708158,114.6598541,1.576258659,1.0351,23.52941132,1317.0,9.630000114,-0.3984,21.98377609,SmoothCondition,LowCongestionCondition,AggressiveStyle
2.90002442,9.232379913,12.14095458,112.3289667,0.450361252,1.0624,19.6078434,1381.0,12.5,-0.418,22.10259438,SmoothCondition,LowCongestionCondition,AggressiveStyle
3.0,9.232379913,12.46746558,107.4210957,-1.125900267,1.1406,27.84313774,1309.0,9.56000042,-0.4648,22.29058838,SmoothCondition,LowCongestionCondition,AggressiveStyle
2.7000122,9.007200241,12.61758559,104.9665801,-0.225179672,1.0351,24.31372643,1509.0,15.69999981,-0.3867,22.37358093,SmoothCondition,LowCongestionCondition,EvenPaceStyle
2.29998779,11.93453979,12.81649458,102.2358885,2.927339549,0.9375,14.90196133,1870.0,14.36999989,-0.3945,22.43449974,SmoothCondition,LowCongestionCondition,EvenPaceStyle
1.20001221,13.51079941,13.27436057,96.48485082,-0.4503603,0.9765,11.37254906,1952.0,12.47999954,-0.3516,22.53452492,SmoothCondition,LowCongestionCondition,EvenPaceStyle
0.0,13.28561974,13.72096756,90.30978751,-0.22517967,0.914,4.705882549,1902.0,14.64999962,-0.3164,22.67896461,SmoothCondition,LowCongestionCondition,EvenPaceStyle
-0.20001221,12.61007977,13.93113555,87.09485337,-0.67553997,0.9023,1.960784316,1744.0,17.60000038,-0.3359,22.78192902,SmoothCondition,LowCongestionCondition,EvenPaceStyle
-0.2999878,10.13309956,14.10002054,84.0209078,-2.47698021,0.7851,32.54901886,1433.0,9.369999886,-0.3047,22.84685135,SmoothCondition,LowCongestionCondition,EvenPaceStyle
-0.5,9.682740211,14.26139955,80.95547043,-0.450359349,0.6211,33.72549057,1552.0,17.12000084,-0.1953,22.94475937,SmoothCondition,LowCongestionCondition,EvenPaceStyle
-0.59997558,12.61007977,14.47156754,77.50952305,2.927339559,0.5625,3.137254953,1943.0,19.23999977,-0.1719,23.04559135,SmoothCondition,LowCongestionCondition,EvenPaceStyle
-1.09997558,14.63669968,14.71551254,73.8998697,2.02661991,0.5664,18.8235302,1165.0,8.090000153,-0.1953,23.05926704,SmoothCondition,LowCongestionCondition,EvenPaceStyle
-1.2000122,13.51079941,14.94069253,70.20262669,-1.12590027,0.7695,23.13725471,867.0,7.170000076,-0.2891,23.03626442,SmoothCondition,LowCongestionCondition,EvenPaceStyle
-1.7999878,5.40432024,15.18839053,64.62427583,-4.053239346,0.6953,25.09803963,860.0,6.300000191,-0.2187,23.12483406,SmoothCondition,LowCongestionCondition,EvenPaceStyle
-1.40002442,4.728779793,15.26720352,62.56230228,-0.675540447,0.7031,41.96078491,824.0,7.670000076,-0.2227,23.20749474,SmoothCondition,LowCongestionCondition,EvenPaceStyle
-1.5,6.305039883,15.37228752,59.96179914,1.57626009,0.5898,32.15686417,1049.0,11.77999973,-0.2187,23.33026695,SmoothCondition,LowCongestionCondition,AggressiveStyle
-1.10003662,15.08705902,15.96150848,50.45007869,0.90071964,0.5117,12.94117641,2142.0,15.43000031,-0.3008,23.7377739,SmoothCondition,LowCongestionCondition,AggressiveStyle
-1.40002442,14.8618803,16.01029749,50.19329705,-0.22517872,0.5898,11.37254906,2119.0,15.31000042,-0.3164,23.79193687,SmoothCondition,LowCongestionCondition,AggressiveStyle
-1.39996338,14.41152,16.0365685,50.06505659,-0.4503603,0.621,9.411765099,2045.0,13.77999973,-0.332,23.88171768,SmoothCondition,LowCongestionCondition,AggressiveStyle
-1.40002441,13.28561974,16.0328155,50.08518141,-1.12590026,0.5468,9.019607544,1814.0,12.5,-0.3555,23.9649334,SmoothCondition,LowCongestionCondition,AggressiveStyle
-1.09997559,9.232379913,15.84516549,51.19240632,-1.801439287,0.8241,10.1960783,1156.0,9.800000191,-0.168,24.18047714,SmoothCondition,LowCongestionCondition,AggressiveStyle
-0.80004882,5.629499912,15.60872653,52.63714159,-3.602880001,0.6718,33.72549057,993.0,9.75,-0.1367,24.31472969,SmoothCondition,LowCongestionCondition,AggressiveStyle
-0.59997558,6.755399704,15.37228755,53.42673786,1.125899792,0.578,20.0,1242.0,14.30000019,-0.0391,24.44356155,SmoothCondition,LowCongestionCondition,AggressiveStyle
-0.40002442,8.782018661,15.11333055,52.73786672,2.026618957,0.7108,10.58823586,1397.0,10.73999977,-0.1133,24.54406357,SmoothCondition,LowCongestionCondition,AggressiveStyle
-0.2999878,9.457559586,14.85812657,51.63333505,0.675540925,0.7069,24.70588303,1337.0,11.81000042,-0.1524,24.66490936,SmoothCondition,LowCongestionCondition,AggressiveStyle
-0.2000122,7.656119347,14.56914556,50.68592,-1.801440239,0.6249,32.54901886,1299.0,15.15999985,-0.1016,24.79892349,SmoothCondition,LowCongestionCondition,AggressiveStyle
-0.2999878,8.556839943,14.32895354,50.04421607,0.900720596,0.5311,7.058823586,1733.0,15.81999969,-0.0469,24.91424751,SmoothCondition,LowCongestionCondition,AggressiveStyle
-0.40002441,12.83525944,14.17508056,49.04291548,4.278419497,0.2655,71.76470947,1039.0,10.21000004,0.0195,24.97192001,SmoothCondition,LowCongestionCondition,AggressiveStyle
-1.0,20.26619911,14.09251459,48.29842516,4.27841949,0.1093,43.52941132,1548.0,16.76000023,0.039,25.08485222,SmoothCondition,LowCongestionCondition,AggressiveStyle
-1.59997559,22.9683609,14.12253864,48.78451635,2.70216179,0.1445,26.27450943,1680.0,11.82999992,-0.0039,25.09241104,SmoothCondition,LowCongestionCondition,EvenPaceStyle
-2.29998779,25.22015953,14.13755062,49.09390864,0.9007206,0.1913,23.52941132,1843.0,14.48999977,0.0117,25.19393158,SmoothCondition,LowCongestionCondition,EvenPaceStyle
-2.5,26.3460598,14.14130361,49.18622499,1.12590027,0.203,18.03921509,1894.0,13.93000031,0.0156,25.23006058,SmoothCondition,LowCongestionCondition,EvenPaceStyle
-2.39996338,27.2467804,14.14880963,49.38280453,0.9007206,0.2069,17.25490189,1938.0,14.72999954,0.0429,25.23583221,SmoothCondition,LowCongestionCondition,EvenPaceStyle
-2.40002441,27.69713783,14.1300446,48.84387287,0.45035743,0.2343,13.33333397,1927.0,14.59000015,0.0469,25.20541191,SmoothCondition,LowCongestionCondition,EvenPaceStyle
-2.19995118,27.2467804,14.07374965,47.14543724,-0.45035743,0.3085,9.411765099,1883.0,14.10000038,0.0625,25.13871002,SmoothCondition,LowCongestionCondition,EvenPaceStyle
-2.09997558,26.12088013,14.00244265,45.08280486,-1.12590027,0.3866,3.529411793,1793.0,16.65999985,0.1406,25.06228638,SmoothCondition,LowCongestionCondition,EvenPaceStyle
-1.59997559,23.64389992,13.90861766,42.81714785,-1.35107994,0.4062,5.882352829,1596.0,14.36999989,0.1328,24.83931732,SmoothCondition,LowCongestionCondition,EvenPaceStyle
-1.59997558,21.61728096,13.86733469,42.06416375,-2.02661896,0.2461,9.8039217,1563.0,11.88000011,-0.0273,24.71861267,SmoothCondition,LowCongestionCondition,EvenPaceStyle
-1.29998779,20.71656036,13.84856969,41.78091173,-0.9007206,0.3476,17.64705849,1523.0,12.46000004,-0.0352,24.61825752,SmoothCondition,LowCongestionCondition,EvenPaceStyle
-0.7999878,22.51799965,13.96115971,43.12591093,1.80143929,0.2812,24.31372643,1637.0,12.35999966,0.0273,24.38872528,SmoothCondition,LowCongestionCondition,EvenPaceStyle
-0.59997559,22.74317932,14.1000207,44.41004824,0.22517967,0.4258,2.352941275,1563.0,14.19999981,-0.0469,24.29469681,SmoothCondition,LowCongestionCondition,EvenPaceStyle
-0.10003662,19.36548042,14.4302847,45.05667856,-1.80143738,0.582,24.31372643,1436.0,13.71000004,-0.0352,24.15425873,SmoothCondition,LowCongestionCondition,EvenPaceStyle
0.19995118,19.81583786,14.64795867,44.50171934,0.45035744,0.7187,30.58823586,1508.0,13.02000046,-0.1719,24.10600281,SmoothCondition,LowCongestionCondition,EvenPaceStyle
-0.2000122,21.84246063,14.86938568,44.70031825,2.02662277,0.7734,22.74509811,1608.0,13.06000042,-0.1875,24.04492378,SmoothCondition,LowCongestionCondition,EvenPaceStyle
-0.10003662,22.51799965,15.08705968,45.14727615,0.67553902,0.9023,21.56862831,1669.0,13.67000008,-0.1562,23.96562576,SmoothCondition,LowCongestionCondition,EvenPaceStyle
-0.7000122,22.9683609,15.60872668,45.04842808,-0.22517777,0.9882,5.09803915,1555.0,11.94999981,-0.0273,23.89053726,SmoothCondition,LowCongestionCondition,EvenPaceStyle
-1.5,21.39209938,15.8188947,44.78051658,-1.57626152,1.039,16.86274529,1530.0,11.59000015,-0.0664,23.86261177,SmoothCondition,LowCongestionCondition,EvenPaceStyle
-2.70001221,21.61728096,16.2092067,44.48120807,0.22518158,1.0937,14.11764717,1497.0,12.43000031,-0.0703,23.89865112,SmoothCondition,LowCongestionCondition,EvenPaceStyle
-3.19995118,20.71656036,16.40060971,43.96327618,-0.9007206,1.0,14.50980377,1449.0,12.35999966,-0.1055,23.93870354,SmoothCondition,LowCongestionCondition,EvenPaceStyle
-3.59997559,20.26619911,16.58825969,43.25425121,-0.45036125,0.9531,18.4313736,1499.0,11.73999977,-0.1289,23.97986794,SmoothCondition,LowCongestionCondition,EvenPaceStyle
-3.5,20.49137878,16.73087367,43.12470723,0.22517967,0.8437,23.13725471,1518.0,13.88000011,-0.2031,24.03911209,SmoothCondition,LowCongestionCondition,EvenPaceStyle
-3.69995118,20.26619911,16.83595766,43.19529455,-0.22517967,0.7578,29.80392265,1613.0,16.07999992,-0.1562,24.10935593,SmoothCondition,LowCongestionCondition,EvenPaceStyle
-4.0,22.74317932,16.98983066,43.57526025,2.47698021,0.6601,27.45098114,1724.0,12.81999969,-0.1094,24.13015747,SmoothCondition,LowCongestionCondition,EvenPaceStyle
-3.10003662,25.22015953,17.37638964,45.15959418,0.45036125,0.6367,5.490196228,1732.0,13.47000027,-0.0937,24.15210724,SmoothCondition,LowCongestionCondition,EvenPaceStyle
-1.89996338,22.51799965,17.77796063,44.98643436,-1.80143928,0.7695,6.274509907,1504.0,12.10000038,-0.1406,24.15629768,SmoothCondition,LowCongestionCondition,EvenPaceStyle
-1.5,20.94173813,17.96561059,44.00955544,-1.57626152,0.7851,0.0,1338.0,12.60999966,-0.1289,24.31196785,SmoothCondition,LowCongestionCondition,EvenPaceStyle
-1.10003662,15.53741932,18.0706946,43.42434487,-2.47698116,0.8476,7.843137264,945.0,11.27000046,-0.2578,24.40041733,SmoothCondition,LowCongestionCondition,EvenPaceStyle
-0.90002441,12.38489914,18.05192959,43.61950586,-3.15252018,0.9335,23.92156982,873.0,7.769999981,-0.1797,24.53650856,SmoothCondition,LowCongestionCondition,EvenPaceStyle
0.09997558,6.980579853,18.07820059,42.985122,-2.476979733,1.0,20.3921566,923.0,7.960000038,-0.2344,24.64732361,SmoothCondition,LowCongestionCondition,EvenPaceStyle
0.20001221,5.854679585,18.09696558,42.49675425,-1.125900268,0.9648,29.41176605,894.0,8.760000229,-0.3047,24.79027367,SmoothCondition,LowCongestionCondition,EvenPaceStyle
0.2999878,3.828059673,17.99938757,44.78952651,-2.026619912,0.9843,32.94117737,832.0,7.849999905,-0.3789,25.25976372,SmoothCondition,LowCongestionCondition,EvenPaceStyle
0.5,0.0,17.62033459,52.75769263,-3.828059673,0.8906,33.72549057,830.0,7.409999847,-0.3633,25.35354233,SmoothCondition,LowCongestionCondition,EvenPaceStyle
1.09997559,6.079859734,17.2225166,59.87865274,6.079859734,0.8164,32.94117737,1143.0,8.789999962,-0.293,25.29112434,SmoothCondition,LowCongestionCondition,EvenPaceStyle
1.19995118,7.881299973,17.1136796,61.21163404,1.801440239,0.8203,19.2156868,1162.0,8.640000343,-0.2773,25.25112724,SmoothCondition,LowCongestionCondition,EvenPaceStyle
1.70001221,8.106479645,16.97481861,63.13690179,0.225179672,0.9062,21.56862831,1159.0,8.18999958,-0.2891,25.30931282,SmoothCondition,LowCongestionCondition,EvenPaceStyle
-3.5999756,110.1130219,89.52781277,155.5253421,2.0266266,0.352,77.2549057,2210.0,40.74000168,-0.082,12.3266449,SmoothCondition,LowCongestionCondition,EvenPaceStyle
-3.7000122,110.7885513,90.31218961,151.2773349,0.6755294,0.289,75.6862793,2247.0,38.70999908,-0.0195,12.31474209,SmoothCondition,LowCongestionCondition,EvenPaceStyle
-3.7999878,111.9144516,91.10407257,147.1700099,1.1259003,0.227,75.29412079,2263.0,40.40999985,0.0469,12.31130123,SmoothCondition,LowCongestionCondition,EvenPaceStyle
-3.5,112.8151779,91.8696846,144.6161437,0.9007263,0.191,70.58823395,2277.0,41.02999878,0.1641,12.30774498,SmoothCondition,LowCongestionCondition,EvenPaceStyle
-3.4000244,114.1662521,92.6352965,142.9739521,1.3510742,0.172,71.37255096,2304.0,41.27999878,0.2031,12.30466557,SmoothCondition,LowCongestionCondition,EvenPaceStyle
-3.3999634,112.5899963,94.02015343,140.3138196,-1.1259003,0.18,62.74509811,2325.0,40.15999985,0.3203,12.29332638,SmoothCondition,LowCongestionCondition,EvenPaceStyle
-3.5,114.8417969,94.75198835,138.0821127,2.2518006,0.223,63.13725662,2342.0,39.04999924,0.3086,12.28510571,SmoothCondition,LowCongestionCondition,EvenPaceStyle
-3.7999878,115.29216,95.48382339,135.431435,0.4503631,0.254,63.92156982,2348.0,39.31999969,0.3047,12.27686787,SmoothCondition,LowCongestionCondition,EvenPaceStyle
-3.6000366,116.8684235,96.20439949,134.5623897,1.5762635,0.277,67.45098114,2360.0,39.52999878,0.25,12.26912594,SmoothCondition,LowCongestionCondition,EvenPaceStyle
-3.2999878,118.8950424,96.93998756,134.9442073,2.0266189,0.258,61.96078491,2369.0,39.29000092,0.1016,12.26040649,SmoothCondition,LowCongestionCondition,EvenPaceStyle
-2.9000244,118.2194901,98.41116333,131.0329038,-0.4503631,0.316,60.0,2376.0,32.34000015,-0.0117,12.22177219,SmoothCondition,LowCongestionCondition,EvenPaceStyle
-2.5999756,118.4446716,99.79602,126.667928,0.2251815,0.359,67.84313965,2388.0,40.5,-0.0273,12.19758415,SmoothCondition,LowCongestionCondition,EvenPaceStyle
-2.2999878,119.120224,100.4678071,125.0757192,0.6755524,0.426,72.15686035,2394.0,46.49000168,0.0078,12.20018578,SmoothCondition,LowCongestionCondition,EvenPaceStyle
-1.7000122,120.0209351,101.1208291,124.5922043,0.9007111,0.297,61.56863022,2395.0,43.43000031,-0.0625,12.19846439,SmoothCondition,LowCongestionCondition,EvenPaceStyle
-1.2999878,119.120224,101.7513332,123.0136184,-0.9007111,0.359,55.68627548,2394.0,41.25,0.0898,12.19333363,SmoothCondition,LowCongestionCondition,EvenPaceStyle
-1.0,119.5705795,102.3818372,121.2040188,0.4503555,0.348,60.7843132,2397.0,36.22999954,0.0039,12.17886448,SmoothCondition,LowCongestionCondition,EvenPaceStyle
-0.8999634,118.2194901,103.5189959,118.8275798,-1.5762634,0.383,68.62744904,2405.0,39.52999878,-0.0352,12.15788364,SmoothCondition,LowCongestionCondition,EvenPaceStyle
-0.5999756,119.5705795,104.5360587,117.9875392,1.3510894,0.391,41.96078491,2390.0,25.35000038,-0.1758,12.09771252,SmoothCondition,LowCongestionCondition,EvenPaceStyle
-0.2000122,119.120224,105.3917427,120.5702895,-0.4503555,0.371,56.86274719,2371.0,34.16999817,-0.3203,12.04957485,SmoothCondition,LowCongestionCondition,EvenPaceStyle
-0.1999512,118.8950424,105.7707958,122.0676236,-0.2251816,0.379,58.03921509,2367.0,34.41999817,-0.332,11.9918108,SmoothCondition,LowCongestionCondition,EvenPaceStyle
0.0,118.6698532,106.1198247,123.6674839,-0.2251892,0.41,59.2156868,2366.0,34.70999908,-0.3125,11.93451595,SmoothCondition,LowCongestionCondition,EvenPaceStyle
0.0999756,117.9943161,106.7803527,126.1700101,-0.4503555,0.375,60.0,2369.0,33.65999985,-0.4453,11.82754707,SmoothCondition,LowCongestionCondition,EvenPaceStyle
-0.2000122,119.120224,108.2327637,132.8718442,0.2251816,0.406,60.0,2390.0,34.16999817,-0.3516,11.57685566,SmoothCondition,LowCongestionCondition,EvenPaceStyle
-0.7000122,119.3453979,108.5217445,134.2229332,0.2251739,0.418,59.2156868,2401.0,34.15000153,-0.3828,11.52989006,SmoothCondition,LowCongestionCondition,EvenPaceStyle
-1.1000366,119.7957535,108.8219846,135.5155045,0.4503556,0.406,60.7843132,2408.0,35.61999893,-0.3789,11.48613167,SmoothCondition,LowCongestionCondition,EvenPaceStyle
-1.5999756,120.2461166,109.1372367,136.6753827,0.4503631,0.469,61.96078491,2418.0,33.06000137,-0.2695,11.44209385,SmoothCondition,LowCongestionCondition,EvenPaceStyle
-2.0,120.4712906,109.4750066,137.3844045,0.225174,0.449,57.64706039,2433.0,34.18999863,-0.4258,11.40607929,SmoothCondition,LowCongestionCondition,EvenPaceStyle
-2.7999878,121.8223801,110.2668897,137.1305744,0.4503632,0.52,61.17647171,2456.0,34.84999847,-0.3555,11.37800217,SmoothCondition,LowCongestionCondition,EvenPaceStyle
-3.1000366,122.2727356,110.6834727,136.5375278,0.4503555,0.457,57.64706039,2463.0,35.56999969,-0.5546,11.34980392,SmoothCondition,LowCongestionCondition,EvenPaceStyle
-3.5,122.9482727,111.1826215,133.5332555,0.6755371,0.488,32.54901886,2453.0,21.01000023,-0.6288,11.2150898,SmoothCondition,LowCongestionCondition,EvenPaceStyle
-4.0,122.047554,112.2447203,121.8946572,-0.4503555,0.48,36.86274719,2441.0,24.70000076,-0.5663,11.06580544,SmoothCondition,LowCongestionCondition,EvenPaceStyle
-4.2000122,121.3720169,112.8114232,112.4926041,-0.6755371,0.512,42.74509811,2438.0,25.52000046,-0.5859,11.02602196,SmoothCondition,LowCongestionCondition,EvenPaceStyle
-4.7000122,121.146843,113.4006444,100.9448755,-0.2251739,0.461,41.96078491,2432.0,25.90999985,-0.6445,10.98245049,SmoothCondition,LowCongestionCondition,EvenPaceStyle
-5.2000122,120.9216461,115.1645543,61.93074562,-0.2251969,0.57,25.49019623,2409.0,19.03000069,-0.5781,10.82460403,SmoothCondition,LowCongestionCondition,EvenPaceStyle
-5.1000366,119.3453979,116.1178164,42.2074723,-0.9007187,0.707,22.35294151,2346.0,23.01000023,-0.5351,10.57269859,SmoothCondition,LowCongestionCondition,EvenPaceStyle
-4.5,111.0137405,117.1573975,21.32762965,-2.0266114,1.01,8.235294342,2212.0,25.67000008,-0.4882,10.41432095,SmoothCondition,LowCongestionCondition,EvenPaceStyle
-2.7000122,112.1396408,117.4426256,15.69897243,2.7021637,1.02,51.37255096,2216.0,37.75,-0.4609,10.34786797,SmoothCondition,LowCongestionCondition,EvenPaceStyle
-2.1999512,110.3381958,117.5026735,14.60761999,-1.801445,0.996,53.33333588,2214.0,29.34000015,-0.4999,10.31537628,SmoothCondition,LowCongestionCondition,EvenPaceStyle
-1.6999512,111.2389145,117.5552155,13.76698851,0.9007187,0.953,54.50980377,2222.0,28.35000038,-0.5468,10.28113556,SmoothCondition,LowCongestionCondition,EvenPaceStyle
-1.0,110.7885513,117.5664743,13.60417314,-0.4503632,1.03,60.39215851,2224.0,29.95000076,-0.3828,10.2578764,SmoothCondition,LowCongestionCondition,EvenPaceStyle
-0.9000244,111.0137405,117.5439565,13.89689019,0.6755447,0.98,60.39215851,2237.0,32.72000122,-0.3203,10.25257969,SmoothCondition,LowCongestionCondition,EvenPaceStyle
-0.2999878,111.4640961,117.5214385,14.14388904,0.4503556,0.945,60.0,2244.0,33.13999939,-0.3437,10.2464571,SmoothCondition,LowCongestionCondition,EvenPaceStyle
0.0,112.1396408,117.4876616,14.4428385,0.6755447,0.992,28.62745094,2239.0,28.62000084,-0.2695,10.23230457,SmoothCondition,LowCongestionCondition,EvenPaceStyle
0.1000366,111.9144516,117.4576375,14.72725158,-0.2251892,1.05,34.11764908,2226.0,18.5,-0.1367,10.18806458,SmoothCondition,LowCongestionCondition,EvenPaceStyle
-0.5,111.2389145,117.4351195,14.98061024,-0.6755371,1.0,52.54901886,2221.0,23.60000038,-0.1875,10.16924572,SmoothCondition,LowCongestionCondition,EvenPaceStyle
-0.7000122,111.0137405,117.3713186,15.56136537,-0.225174,0.973,53.72549057,2226.0,30.40999985,-0.1602,10.16592216,SmoothCondition,LowCongestionCondition,EvenPaceStyle
-0.5,111.2389145,117.0785842,17.32060838,-0.2251816,0.66,54.11764908,2229.0,28.22999954,-0.5546,10.079813,SmoothCondition,LowCongestionCondition,EvenPaceStyle
-0.2999878,111.0137405,116.9509823,17.88456189,-0.225174,0.559,60.39215851,2234.0,28.20999908,-0.5351,10.04911995,SmoothCondition,LowCongestionCondition,EvenPaceStyle
-0.5,111.2389145,116.8346394,18.39653589,0.225174,0.492,59.60784531,2244.0,31.61000061,-0.4726,10.0299387,SmoothCondition,LowCongestionCondition,EvenPaceStyle
-0.4000244,111.0137405,116.7145435,18.92364896,-0.225174,0.426,57.25490189,2242.0,31.65999985,-0.4609,10.01436996,SmoothCondition,LowCongestionCondition,EvenPaceStyle
-2.2000122,42.78419876,58.24280555,117.1976692,1.80144119,1.2,81.17647552,1404.0,16.52000046,-0.3672,14.00890255,SmoothCondition,LowCongestionCondition,AggressiveStyle
-2.0,43.91009903,58.16774559,119.0362633,1.12590027,1.13,78.8235321,1465.0,17.79999924,-0.332,13.99936962,SmoothCondition,LowCongestionCondition,AggressiveStyle
-1.0,48.86405945,58.05515556,121.0455976,-0.45035934,1.18,27.05882454,1494.0,11.82999992,-0.3437,13.86606216,SmoothCondition,LowCongestionCondition,EvenPaceStyle
-0.7000122,47.28779984,57.96508357,122.5148691,-1.57625961,1.04,22.35294151,1462.0,11.30000019,-0.3945,13.76574707,SmoothCondition,LowCongestionCondition,EvenPaceStyle
-1.0999756,45.71154022,57.8337286,124.7182174,-1.57625962,0.961,49.01960754,1471.0,9.819999695,-0.3828,13.64060688,SmoothCondition,LowCongestionCondition,EvenPaceStyle
-1.0,46.38707733,57.71738555,126.5871651,0.67553711,0.851,65.88235474,1472.0,16.18000031,-0.3633,13.61596298,SmoothCondition,LowCongestionCondition,EvenPaceStyle
-1.2999878,47.06261826,57.63481954,127.9535353,0.67554093,0.734,75.29412079,1514.0,18.70999908,-0.332,13.60909748,SmoothCondition,LowCongestionCondition,EvenPaceStyle
-2.5,52.91730118,57.5747715,128.4899309,0.90072251,0.16,76.47058868,1804.0,27.96999931,-0.1328,13.65271473,SmoothCondition,LowCongestionCondition,EvenPaceStyle
-2.4000244,55.84463882,57.69486752,127.1726051,2.92733764,-0.0547,67.84313965,1874.0,30.30999947,-0.0742,13.67798138,SmoothCondition,LowCongestionCondition,EvenPaceStyle
-2.3999634,60.79859924,58.20152251,120.6072486,3.3777008,-0.301,56.07843399,1954.0,32.75,0.0391,13.72660542,SmoothCondition,LowCongestionCondition,EvenPaceStyle
-1.6000366,63.7259407,58.52428048,117.7715517,2.92734146,-0.441,50.98039246,2027.0,29.62999916,0.0313,13.73718548,SmoothCondition,LowCongestionCondition,EvenPaceStyle
-1.0,64.401474,58.81326141,116.0454687,0.6755333,-0.52,40.39215851,2071.0,27.12000084,0.0742,13.7342205,SmoothCondition,LowCongestionCondition,EvenPaceStyle
0.0999756,68.22953796,59.34243444,116.6195193,1.35108184,-0.492,49.41176605,2159.0,29.48999977,0.0742,13.73116016,SmoothCondition,LowCongestionCondition,EvenPaceStyle
0.7999878,71.83242035,59.62766247,118.8185003,3.60288239,-0.418,27.84313774,2207.0,25.43000031,0.0352,13.71320724,SmoothCondition,LowCongestionCondition,EvenPaceStyle
0.8999634,71.38205719,59.87536049,120.9342302,-0.45036316,-0.34,13.33333397,2215.0,18.05999947,-0.082,13.64031601,SmoothCondition,LowCongestionCondition,EvenPaceStyle
0.9000244,70.93170166,60.10429351,122.8311385,-0.45035553,-0.23,27.05882454,2185.0,15.97999954,-0.0625,13.54874992,SmoothCondition,LowCongestionCondition,EvenPaceStyle
0.7999878,71.38205719,60.31070849,124.9227619,0.45035553,-0.297,39.60784531,2202.0,19.14999962,-0.0352,13.49240112,SmoothCondition,LowCongestionCondition,EvenPaceStyle
0.8999634,73.63385773,60.55090052,127.8525961,2.25180054,-0.316,41.17647171,2233.0,23.63999939,-0.0547,13.46636295,SmoothCondition,LowCongestionCondition,EvenPaceStyle
0.6000366,74.759758,60.80235151,131.197117,1.12590027,-0.383,40.39215851,2280.0,24.46999931,-0.0664,13.44354153,SmoothCondition,LowCongestionCondition,EvenPaceStyle
-0.2000122,73.40867615,61.0275315,133.8252354,-1.35108185,-0.437,40.7843132,2324.0,24.27000046,-0.1016,13.41656971,SmoothCondition,LowCongestionCondition,EvenPaceStyle
-1.0,75.21012115,61.27522958,137.1642718,1.801445,-0.441,39.60784531,2376.0,22.89999962,-0.0508,13.38046074,SmoothCondition,LowCongestionCondition,EvenPaceStyle
-1.8999634,76.11083984,61.5004097,140.8133881,0.90071869,-0.457,40.0,2414.0,23.70999908,-0.0664,13.34631157,SmoothCondition,LowCongestionCondition,EvenPaceStyle
-2.7999878,77.46192169,61.72558975,144.9781598,1.35108185,-0.445,48.62745285,2462.0,25.43000031,-0.0742,13.32040691,SmoothCondition,LowCongestionCondition,EvenPaceStyle
-3.9000244,80.83961487,62.18345566,155.2254726,2.02661896,-0.262,0.0,2574.0,31.96999931,-0.1602,13.3303957,SmoothCondition,LowCongestionCondition,EvenPaceStyle
-4.5,81.28997803,62.39737663,160.6997898,0.45036316,-0.32,58.03921509,1698.0,11.68000031,-0.25,13.14295292,SmoothCondition,LowCongestionCondition,EvenPaceStyle
-5.5,83.31659698,62.79519475,171.9991013,1.57625579,-0.277,56.07843399,2069.0,37.43999863,-0.2109,13.15342712,SmoothCondition,LowCongestionCondition,EvenPaceStyle
-5.2999878,86.46912384,63.02788086,179.8443316,3.15252686,-0.242,58.8235321,2119.0,34.77000046,-0.1562,13.15285492,SmoothCondition,LowCongestionCondition,EvenPaceStyle
-4.5,95.47631836,64.27387708,226.1787691,3.60287476,-0.187,58.8235321,2293.0,34.65000153,-0.2148,13.1422348,SmoothCondition,LowCongestionCondition,EvenPaceStyle
-4.0999756,96.15185547,64.66418889,242.0347973,0.67553711,-0.211,54.50980377,2328.0,31.42000008,-0.2031,13.12120628,SmoothCondition,LowCongestionCondition,EvenPaceStyle
-3.2999878,97.7281189,65.06575991,259.0363728,1.57626343,-0.215,51.37255096,2357.0,29.45999908,-0.1094,13.09180641,SmoothCondition,LowCongestionCondition,EvenPaceStyle
-2.5999756,99.30437469,66.36429761,311.8645974,0.90071868,-0.242,47.45098114,2427.0,29.10000038,-0.168,12.99442101,SmoothCondition,LowCongestionCondition,EvenPaceStyle
-2.4000244,99.75473785,66.82216365,329.954676,0.45036316,-0.16,54.11764908,2450.0,32.34000015,-0.1602,12.97323608,SmoothCondition,LowCongestionCondition,EvenPaceStyle
-2.2999878,101.5561752,67.30630061,349.6167098,1.80143735,-0.109,32.15686417,2466.0,22.23999977,-0.1445,12.90166473,SmoothCondition,LowCongestionCondition,EvenPaceStyle
-2.5,102.6820755,68.37965851,389.9734949,0.4503555,-0.043,40.0,2478.0,22.03000069,-0.2851,12.77960777,SmoothCondition,LowCongestionCondition,EvenPaceStyle
-3.0,102.006546,68.96137365,408.7673217,-0.6755295,0.082,19.6078434,2476.0,19.25,-0.2812,12.68941402,SmoothCondition,LowCongestionCondition,EvenPaceStyle
-3.5,101.7813492,69.58061854,426.3156804,-0.2251968,0.195,21.17647171,2463.0,18.70999908,-0.2851,12.5967474,SmoothCondition,LowCongestionCondition,EvenPaceStyle
-3.8000488,101.3309937,70.25615845,441.6306162,-0.4503555,0.262,0.392156869,2435.0,26.12999916,-0.2656,12.55661583,SmoothCondition,LowCongestionCondition,EvenPaceStyle
-3.7999878,100.2050934,70.95796941,453.8259979,-1.1259003,0.434,0.0,2400.0,26.78000069,-0.207,12.5225029,SmoothCondition,LowCongestionCondition,EvenPaceStyle
-5.1000366,84.44249725,78.12995218,355.1466891,-1.35107422,1.06,12.94117641,2091.0,28.09000015,-0.5273,12.2637558,SmoothCondition,LowCongestionCondition,EvenPaceStyle
-4.7999878,87.59502411,79.50730324,318.69219,2.25180817,1.05,77.2549057,2167.0,43.88000107,-0.4336,12.28754234,SmoothCondition,LowCongestionCondition,EvenPaceStyle
-5.0999756,89.84681702,80.18284321,304.5890377,2.25179291,1.03,85.49019623,2224.0,47.16999817,-0.3984,12.30753136,SmoothCondition,LowCongestionCondition,EvenPaceStyle
-4.2000122,92.54897308,80.9109251,290.0169828,2.70215606,1.01,74.11764526,2285.0,47.36000061,-0.2695,12.32639408,SmoothCondition,LowCongestionCondition,EvenPaceStyle
-3.9000244,95.70149994,81.7178201,273.9014197,3.15252686,1.04,76.86274719,2353.0,44.08000183,-0.1602,12.33972359,SmoothCondition,LowCongestionCondition,EvenPaceStyle
-3.7000122,97.7281189,82.58476308,255.5078955,2.02661896,1.07,72.15686035,2401.0,44.04999924,-0.0508,12.35163498,SmoothCondition,LowCongestionCondition,EvenPaceStyle
-3.2999878,100.6554489,83.48923594,238.0026914,2.92733,0.996,78.8235321,2446.0,47.91999817,-0.0391,12.36667824,SmoothCondition,LowCongestionCondition,EvenPaceStyle
-3.5999756,101.5561752,84.39746189,220.2064771,0.9007263,0.883,82.35294342,2512.0,50.18000031,-0.0195,12.38310719,SmoothCondition,LowCongestionCondition,EvenPaceStyle
-3.5,105.1590576,86.14635983,195.2446139,1.3510818,0.793,0.0,1859.0,18.05999947,-0.0078,12.31169796,SmoothCondition,LowCongestionCondition,EvenPaceStyle
-3.7000122,104.933876,87.01330274,181.7480889,-0.2251816,0.629,69.01960754,2122.0,42.38000107,-0.1367,12.31602383,SmoothCondition,LowCongestionCondition,EvenPaceStyle
-3.5999756,108.0863953,88.70590572,161.6454269,1.3510743,0.457,81.17647552,2193.0,48.04000092,-0.0664,12.3270483,SmoothCondition,LowCongestionCondition,EvenPaceStyle
-1.20001221,116.1928711,110.8898874,33.49420731,0.225174,0.254,53.72549057,2330.0,30.04000092,-0.1953,8.628350258,SmoothCondition,LowCongestionCondition,EvenPaceStyle
-0.7000122,117.0935974,110.9199113,33.81712133,0.9007263,0.348,54.11764908,2332.0,28.28000069,0.0391,8.623124123,SmoothCondition,LowCongestionCondition,EvenPaceStyle
-0.60003662,117.5439606,110.9536884,34.20141422,0.4503632,0.316,60.7843132,2335.0,29.65999985,-0.0156,8.612658501,SmoothCondition,LowCongestionCondition,EvenPaceStyle
0.5,117.0935974,111.0287487,34.97318012,0.4503555,0.426,60.0,2339.0,33.34999847,-0.0156,8.600240707,SmoothCondition,LowCongestionCondition,EvenPaceStyle
1.10003662,116.4180527,111.0437607,35.12375094,-0.6755447,0.34,60.39215851,2341.0,33.66999817,-0.0898,8.597840309,SmoothCondition,LowCongestionCondition,EvenPaceStyle
2.5,116.6432419,111.1000556,35.6800123,0.2251892,0.289,57.25490189,2357.0,43.79000092,-0.0586,8.589053154,SmoothCondition,LowCongestionCondition,EvenPaceStyle
2.7000122,117.0935974,111.1075615,35.76801652,0.4503555,0.34,0.0,2354.0,37.75,-0.0703,8.634311676,SmoothCondition,LowCongestionCondition,EvenPaceStyle
3.5,114.8417969,111.0737844,35.44070346,-2.2518005,0.301,60.7843132,2294.0,38.54999924,-0.1523,8.607773781,SmoothCondition,LowCongestionCondition,EvenPaceStyle
3.20001221,114.3914413,111.0024773,34.76787268,-0.4503556,0.434,58.03921509,2300.0,39.06999969,0.1015,8.600569725,SmoothCondition,LowCongestionCondition,EvenPaceStyle
2.89996338,115.29216,110.9837124,34.58230985,0.9007187,0.344,46.66666794,2298.0,33.65999985,-0.0781,8.590037346,SmoothCondition,LowCongestionCondition,EvenPaceStyle
2.90002441,113.9410706,110.9461824,34.2691933,-1.3510894,0.34,46.27450943,2297.0,26.80999947,-0.0938,8.570682526,SmoothCondition,LowCongestionCondition,EvenPaceStyle
2.70001221,114.3914413,110.9236645,34.07994877,0.4503707,0.312,38.82352829,2277.0,19.03000069,-0.1445,8.534200668,SmoothCondition,LowCongestionCondition,EvenPaceStyle
1.69995118,112.8151779,110.8448517,33.54268112,-0.4503632,0.391,40.7843132,2252.0,26.01000023,-0.1367,8.491599083,SmoothCondition,LowCongestionCondition,EvenPaceStyle
1.29998779,113.0403519,110.8185806,33.38255587,0.225174,0.387,61.96078491,2256.0,29.23999977,-0.1289,8.486945152,SmoothCondition,LowCongestionCondition,EvenPaceStyle
1.30004882,112.1396408,110.8373456,33.41113189,-0.9007111,0.312,58.8235321,2252.0,27.85000038,-0.4062,8.472172737,SmoothCondition,LowCongestionCondition,EvenPaceStyle
1.40002441,112.5899963,110.8748756,33.45754077,0.4503555,0.27,25.49019623,2244.0,16.31999969,-0.5117,8.431485176,SmoothCondition,LowCongestionCondition,EvenPaceStyle
1.0,111.6892776,110.9274176,33.37331735,-0.9007187,0.34,18.03921509,2218.0,15.61999989,-0.4375,8.404302597,SmoothCondition,LowCongestionCondition,EvenPaceStyle
-0.40002441,110.7885513,111.1188204,32.32546578,-0.9007263,0.473,25.09803963,2198.0,17.5,-0.3516,8.355295181,SmoothCondition,LowCongestionCondition,EvenPaceStyle
-1.0,110.1130219,111.2389165,31.18506703,-0.6755294,0.586,28.62745094,2203.0,18.88999939,-0.2812,8.349755287,SmoothCondition,LowCongestionCondition,EvenPaceStyle
-1.89996338,110.7885513,111.4078016,29.26102826,0.6755294,0.668,29.01960754,2201.0,17.0,-0.3008,8.338979721,SmoothCondition,LowCongestionCondition,EvenPaceStyle
-3.0,110.1130219,111.5954516,26.58249012,-0.6755294,0.699,17.64705849,2189.0,15.60000038,-0.4101,8.305373192,SmoothCondition,LowCongestionCondition,EvenPaceStyle
-4.5,109.2122955,111.7906076,23.27393627,-0.9007264,0.672,8.235294342,2171.0,22.31999969,-0.457,8.292946815,SmoothCondition,LowCongestionCondition,EvenPaceStyle
-5.60003662,107.8612213,111.9594926,20.15487118,-1.3510742,0.738,0.0,2124.0,23.60000038,-0.4883,8.283846855,SmoothCondition,LowCongestionCondition,EvenPaceStyle
-7.5,101.7813492,112.1396367,16.79658336,-0.6755524,0.914,31.76470566,2042.0,20.37999916,-0.7031,8.239611626,SmoothCondition,LowCongestionCondition,EvenPaceStyle
-7.40002442,102.6820755,112.1133657,17.25911216,0.9007263,0.953,27.45098114,2048.0,17.30999947,-0.6132,8.217226028,SmoothCondition,LowCongestionCondition,EvenPaceStyle
-7.09997558,103.1324463,112.0983538,17.51934307,0.4503708,0.941,27.05882454,2059.0,15.85999966,-0.6171,8.188883781,SmoothCondition,LowCongestionCondition,EvenPaceStyle
-6.7000122,102.9072571,111.9782578,19.28563279,0.2251816,0.934,35.29411697,2077.0,18.65999985,-0.5429,8.131563187,SmoothCondition,LowCongestionCondition,EvenPaceStyle
-6.80004882,103.5828018,111.8656679,20.42179022,0.6755447,0.977,1.568627477,2062.0,21.51000023,-0.5585,8.103847504,SmoothCondition,LowCongestionCondition,EvenPaceStyle
-7.09997559,102.9072571,111.753078,21.68686227,-0.6755447,1.1,0.0,2043.0,22.31999969,-0.4843,8.077706337,SmoothCondition,LowCongestionCondition,EvenPaceStyle
-6.20001221,95.25113678,109.6326328,48.7249964,1.35108185,1.26,26.66666794,1864.0,22.02000046,-0.3281,7.909819126,SmoothCondition,LowCongestionCondition,EvenPaceStyle
-5.70001221,95.92667389,109.3286399,51.46660493,0.67553711,1.21,40.39215851,1865.0,18.46999931,-0.3086,7.887298584,SmoothCondition,LowCongestionCondition,EvenPaceStyle
-4.7000122,97.50293732,108.8369971,54.07955719,-3.37770078,0.992,52.94117737,1880.0,26.87999916,-0.3828,7.866967678,SmoothCondition,LowCongestionCondition,EvenPaceStyle
-3.90002442,93.90005493,108.5029802,57.30611035,-3.60288239,1.05,57.64706039,1892.0,20.94000053,-0.3515,7.850513458,SmoothCondition,LowCongestionCondition,EvenPaceStyle
-3.29998779,94.12523651,108.1689632,60.15276841,0.22518158,1.11,9.411765099,1876.0,19.29000092,-0.2422,7.831029415,SmoothCondition,LowCongestionCondition,EvenPaceStyle
-2.59997559,93.22451782,107.8086753,63.05143441,-0.90071869,1.14,0.0,1846.0,19.03000069,-0.2383,7.811833382,SmoothCondition,LowCongestionCondition,EvenPaceStyle
-0.89996338,49.76477432,100.5728916,203.3758243,-8.55684662,2.23,7.843137264,1138.0,6.590000153,-1.1131,7.628498077,SmoothCondition,LowCongestionCondition,EvenPaceStyle
-0.39996338,43.45973969,99.35316658,252.7723026,-6.30503463,2.36,19.6078434,913.0,6.829999924,-1.2342,7.601597786,SmoothCondition,LowCongestionCondition,EvenPaceStyle
1.89996338,32.42591858,95.16481864,446.97984,0.90071869,2.19,34.11764908,1375.0,12.55000019,-1.2264,7.597210407,SmoothCondition,LowCongestionCondition,EvenPaceStyle
2.2000122,33.77699661,93.81373863,502.4333347,1.35107803,2.26,53.72549057,1472.0,11.03999996,-1.1795,7.596477032,SmoothCondition,LowCongestionCondition,EvenPaceStyle
-1.10003662,54.04319763,44.4993196,180.0357831,-0.67554093,0.426,19.6078434,2336.0,17.45999908,0.1875,8.877248764,SmoothCondition,LowCongestionCondition,EvenPaceStyle
-1.09997559,55.39427567,44.70948755,181.9528712,1.35107804,0.496,19.2156868,2356.0,18.11000061,0.1797,8.888550758,SmoothCondition,LowCongestionCondition,EvenPaceStyle
-1.2000122,54.71873856,44.99471552,182.7127173,-0.67553711,0.609,14.11764717,2334.0,18.52000046,0.1211,8.900154114,SmoothCondition,LowCongestionCondition,EvenPaceStyle
-0.7999878,54.04319763,45.38127446,180.5572392,-0.67554093,0.805,0.0,2284.0,24.48999977,0.0156,8.942941666,SmoothCondition,LowCongestionCondition,EvenPaceStyle
-2.59997558,38.05541992,46.85620351,156.5807205,-4.95395661,1.42,22.35294151,1486.0,13.03999996,-0.4101,9.368800163,SmoothCondition,LowCongestionCondition,EvenPaceStyle
-2.60003662,30.39929962,46.43962057,159.7590006,-7.6561203,1.43,21.17647171,904.0,5.039999962,-0.4844,9.356044769,SmoothCondition,LowCongestionCondition,EvenPaceStyle
-2.0,25.67051888,45.91795363,164.9136996,-4.72878074,1.57,3.137254953,974.0,9.609999657,-0.5312,9.382101059,SmoothCondition,LowCongestionCondition,EvenPaceStyle
-2.29998779,24.54461861,44.81081866,174.6521944,0.22517968,1.38,32.15686417,1701.0,14.69999981,-0.4453,9.471040726,SmoothCondition,LowCongestionCondition,AggressiveStyle
-2.59997559,25.67051888,44.24036269,176.6726445,1.12590027,1.3,28.23529434,1884.0,15.73999977,-0.4922,9.508903503,SmoothCondition,LowCongestionCondition,AggressiveStyle
-3.0,27.69713783,43.68491871,176.2232244,2.02661895,1.28,21.17647171,1993.0,15.23999977,-0.4844,9.544639587,SmoothCondition,LowCongestionCondition,AggressiveStyle
-2.60003662,29.49857903,43.18201671,175.0447242,1.8014412,1.25,21.56862831,2086.0,15.43000031,-0.4765,9.579561234,SmoothCondition,LowCongestionCondition,AggressiveStyle
-2.09997559,31.07483864,42.72415071,173.3147031,1.57625961,1.23,14.11764717,2175.0,16.42000008,-0.5429,9.615084648,SmoothCondition,LowCongestionCondition,AggressiveStyle
-1.70001221,30.84966087,42.26253174,171.2445641,-0.22517777,1.32,12.54901981,2213.0,16.21999931,-0.5586,9.650679588,SmoothCondition,LowCongestionCondition,AggressiveStyle
-1.59997559,30.62447739,41.82343078,169.677621,-0.22518348,1.35,0.0,2196.0,16.20000076,-0.5703,9.709440231,SmoothCondition,LowCongestionCondition,EvenPaceStyle
-1.09997559,24.09425926,40.40854974,169.3399652,-3.60287857,1.67,6.274509907,1636.0,17.10000038,-0.6562,9.779175758,SmoothCondition,LowCongestionCondition,EvenPaceStyle
-0.7000122,18.01440048,39.83434078,175.0401387,-6.07985878,1.89,21.96078491,898.0,5.980000019,-0.7187,9.776209831,SmoothCondition,LowCongestionCondition,EvenPaceStyle
-0.29998779,7.430940151,39.13252984,190.7390551,-10.58346033,1.91,22.74509811,871.0,6.510000229,-0.6992,9.809576988,SmoothCondition,LowCongestionCondition,AggressiveStyle
0.80004882,15.98777962,24.03796431,486.7222364,4.7287798,0.137,65.09803772,1854.0,19.18000031,0.1328,9.900256157,SmoothCondition,LowCongestionCondition,EvenPaceStyle
1.0,18.91511917,23.46750831,472.478941,2.92733955,0.0664,49.80392075,1429.0,18.63999939,0.1914,9.925226212,SmoothCondition,LowCongestionCondition,EvenPaceStyle
0.90002441,23.41871834,22.97586527,457.533336,4.50359917,-0.0039,33.33333206,1934.0,23.22999954,0.2109,9.9400177,SmoothCondition,LowCongestionCondition,EvenPaceStyle
0.80004882,13.96115971,18.65240938,311.1342011,-1.35107898,0.422,24.31372643,1022.0,6.010000229,0.0234,10.10261822,SmoothCondition,LowCongestionCondition,AggressiveStyle
1.09997559,14.63669968,17.99563441,289.7399101,0.67553997,0.359,41.17647171,1183.0,9.170000076,0.0547,10.13966179,SmoothCondition,LowCongestionCondition,AggressiveStyle
1.59997559,16.66331863,17.38389538,268.1829839,2.02661895,0.41,29.41176605,1252.0,11.39999962,0.043,10.18075275,SmoothCondition,LowCongestionCondition,AggressiveStyle
1.7000122,17.33885956,16.7984274,246.9730819,0.67554093,0.434,0.0,1166.0,11.65999985,0.0351,10.22375488,SmoothCondition,LowCongestionCondition,AggressiveStyle
1.5,16.21295929,16.22797141,227.4652971,-1.12590027,0.375,28.62745094,1224.0,7.260000229,0.0547,10.26624298,SmoothCondition,LowCongestionCondition,AggressiveStyle
1.30004882,17.11367989,15.68753946,208.3737057,0.9007206,0.254,56.07843399,1452.0,8.670000076,0.1172,10.2996521,SmoothCondition,LowCongestionCondition,EvenPaceStyle
1.40002441,20.26619911,15.22967346,191.1049502,3.15251922,0.184,67.45098114,1832.0,17.81999969,0.1328,10.3447237,SmoothCondition,LowCongestionCondition,EvenPaceStyle
0.5,29.04821777,14.56914544,162.3148095,4.95395851,0.359,50.19607925,2282.0,38.52000046,0.0,10.49256039,SmoothCondition,LowCongestionCondition,EvenPaceStyle
0.39996338,34.45253754,14.42653146,155.2856945,5.40431977,0.254,77.2549057,2130.0,23.25,0.0703,10.51806068,SmoothCondition,LowCongestionCondition,EvenPaceStyle
0.2000122,39.18132019,14.44529646,156.2086448,4.72878265,0.262,76.86274719,1752.0,27.98999977,0.0234,10.54639626,SmoothCondition,LowCongestionCondition,AggressiveStyle
-0.69995118,44.58563995,14.68173547,167.2350157,5.40431976,0.258,38.03921509,1968.0,35.31000137,-0.0078,10.58075905,SmoothCondition,LowCongestionCondition,AggressiveStyle
-1.2000122,48.18851852,15.05703546,184.0740012,3.60287857,0.332,23.52941132,2090.0,28.93000031,0.0273,10.61118412,SmoothCondition,LowCongestionCondition,AggressiveStyle
-1.2999878,49.53959656,15.47737142,202.5935599,1.35107804,0.34,9.019607544,2134.0,19.21999931,0.043,10.63379955,SmoothCondition,LowCongestionCondition,AggressiveStyle
-1.2000122,49.98995972,15.90146044,221.2056394,0.45036316,0.305,7.058823586,2131.0,22.27000046,0.0742,10.66605663,SmoothCondition,LowCongestionCondition,AggressiveStyle
-1.59997559,49.31441879,16.29552544,238.3526572,-0.67554093,0.172,16.07843208,2117.0,16.76000023,0.1133,10.68318844,SmoothCondition,LowCongestionCondition,AggressiveStyle
-1.7000122,49.08923721,16.65206043,254.2476357,-0.22518158,0.0859,17.25490189,2104.0,15.27999973,0.1719,10.68857574,SmoothCondition,LowCongestionCondition,AggressiveStyle
-2.0,49.76477432,16.98983035,269.9183725,0.67553711,-0.0195,18.03921509,2126.0,15.64999962,0.2148,10.6917572,SmoothCondition,LowCongestionCondition,AggressiveStyle
-2.29998779,49.53959656,17.29757631,284.4169719,-0.22517776,-0.0039,2.352941275,2145.0,15.47999954,0.2227,10.69596672,SmoothCondition,LowCongestionCondition,AggressiveStyle
-2.10003662,48.63887787,17.9168213,312.667751,-1.35108185,0.242,0.0,2018.0,21.27000046,0.1797,10.73502445,SmoothCondition,LowCongestionCondition,EvenPaceStyle
-1.40002441,32.65110016,20.91922107,329.8103989,1.35108376,0.855,65.88235474,1416.0,13.13000011,0.0898,10.83617783,SmoothCondition,LowCongestionCondition,EvenPaceStyle
-1.39996338,34.67771912,21.49718305,325.2619253,2.02661896,0.89,60.0,1531.0,19.51000023,0.0625,10.88038063,SmoothCondition,LowCongestionCondition,EvenPaceStyle
-1.2999878,37.60506058,22.12393406,321.4274478,2.92734146,0.988,33.33333206,1685.0,23.39999962,0.0313,10.95922279,SmoothCondition,LowCongestionCondition,EvenPaceStyle
-1.09997559,40.53239822,22.79947403,318.4108688,2.92733764,1.16,0.0,1764.0,19.89999962,0.0352,11.02881718,SmoothCondition,LowCongestionCondition,EvenPaceStyle
-1.39996338,40.30722046,23.47126104,314.3367553,-0.22517776,1.19,6.274509907,1698.0,17.88999939,-0.0234,11.06841564,SmoothCondition,LowCongestionCondition,EvenPaceStyle
-1.29998779,41.20793915,24.15806003,309.8518076,0.90071869,1.16,24.70588303,1640.0,11.72999954,-0.0195,11.07904911,SmoothCondition,LowCongestionCondition,EvenPaceStyle
-1.39996338,41.65829849,24.852365,304.6606706,0.45035934,1.3,6.666666985,1688.0,11.39000034,-0.0352,11.09044933,SmoothCondition,LowCongestionCondition,EvenPaceStyle
-1.29998779,40.75757599,25.53165793,298.0106597,-0.9007225,1.41,0.0,1673.0,15.32999992,-0.043,11.1180954,SmoothCondition,LowCongestionCondition,EvenPaceStyle
0.60003662,24.76979828,27.6333378,253.5148305,-4.27841949,1.7,15.68627453,999.0,5.71999979,-0.2109,11.43402767,SmoothCondition,LowCongestionCondition,EvenPaceStyle
1.0,21.1669178,27.98611976,241.1545919,-3.60288048,1.65,21.17647171,1005.0,9.0,-0.2539,11.5066576,SmoothCondition,LowCongestionCondition,EvenPaceStyle
2.89996338,12.83525944,28.73296671,209.617348,-1.57626056,1.42,13.72549057,989.0,5.960000038,-0.3711,11.77801228,SmoothCondition,LowCongestionCondition,EvenPaceStyle
3.39996338,12.61007977,28.94313471,199.9853797,-0.22517967,1.46,11.37254906,908.0,5.480000019,-0.3789,11.8243866,SmoothCondition,LowCongestionCondition,EvenPaceStyle
3.90002441,12.83525944,29.1570557,190.1381402,0.22517967,1.4,20.0,955.0,7.099999905,-0.3594,11.87961388,SmoothCondition,LowCongestionCondition,EvenPaceStyle
3.10003662,14.41152,29.61867469,169.0581399,1.12590026,1.41,43.52941132,1322.0,10.55000019,-0.2969,12.00405312,SmoothCondition,LowCongestionCondition,EvenPaceStyle
2.69995118,15.08705902,29.76879468,163.2232227,0.67553902,1.53,37.25490189,1485.0,10.85999966,-0.25,12.06311798,SmoothCondition,LowCongestionCondition,EvenPaceStyle
2.7999878,17.56403732,29.87387864,159.929681,2.4769783,1.64,25.49019623,1588.0,9.850000381,-0.2422,12.12544727,SmoothCondition,LowCongestionCondition,EvenPaceStyle
2.0,20.04101944,29.94143263,158.2955718,2.47698212,1.62,21.56862831,1669.0,10.10999966,-0.2851,12.20894241,SmoothCondition,LowCongestionCondition,EvenPaceStyle
1.0,19.36548042,29.94893866,158.1306192,-0.67553902,1.48,30.98039246,1779.0,13.84000015,-0.2812,12.31688213,SmoothCondition,LowCongestionCondition,EvenPaceStyle
0.10003662,22.9683609,29.9414327,158.2336922,3.60288048,1.43,29.01960754,1967.0,15.28999996,-0.2695,12.40437412,SmoothCondition,LowCongestionCondition,EvenPaceStyle
-0.59997559,27.92231941,29.95644471,158.1580629,4.95395851,1.5,0.0,1949.0,20.23999977,-0.3164,12.5038147,SmoothCondition,LowCongestionCondition,EvenPaceStyle
-1.90002442,23.41871834,29.8963967,158.6331527,-1.80144119,1.18,16.07843208,1681.0,11.59000015,-0.207,12.70406342,SmoothCondition,LowCongestionCondition,EvenPaceStyle
-2.2999878,24.09425926,29.95269168,157.7722248,0.67554092,1.07,15.68627453,1726.0,10.81000042,-0.1289,12.7569437,SmoothCondition,LowCongestionCondition,EvenPaceStyle
-3.20001221,24.31943893,30.06528171,155.6958551,0.22517967,0.902,15.29411793,1763.0,10.90999985,-0.0352,12.80909443,SmoothCondition,LowCongestionCondition,EvenPaceStyle
-3.89996338,24.76979828,30.2229077,152.456857,0.45035935,0.824,18.03921509,1807.0,11.43999958,0.0,12.86359787,SmoothCondition,LowCongestionCondition,EvenPaceStyle
-3.60003662,25.67051888,30.41806369,148.2872747,0.9007206,0.684,21.17647171,1890.0,13.14000034,0.0312,12.93809986,SmoothCondition,LowCongestionCondition,EvenPaceStyle
-3.2999878,26.79641914,30.62072568,144.246606,1.12590026,0.57,24.31372643,2009.0,16.86000061,0.0664,13.01885223,SmoothCondition,LowCongestionCondition,EvenPaceStyle
-2.79998779,28.59786034,30.81963471,140.9738752,1.8014412,0.473,32.54901886,2182.0,19.62999916,0.0937,13.10208988,SmoothCondition,LowCongestionCondition,EvenPaceStyle
-2.60003662,31.3000164,31.05232066,137.8425346,2.70215606,0.422,30.19607925,2346.0,20.88999939,0.1523,13.17683697,SmoothCondition,LowCongestionCondition,EvenPaceStyle
-2.2000122,33.1014595,31.33379566,134.1008165,1.8014431,0.406,20.0,2440.0,20.5,0.1602,13.24437618,SmoothCondition,LowCongestionCondition,EvenPaceStyle
-2.0,34.22735977,31.61902366,130.7326762,1.12590027,0.488,2.745098114,2446.0,20.04000092,0.1172,13.3335638,SmoothCondition,LowCongestionCondition,EvenPaceStyle
-1.89996338,34.00217819,31.84795664,128.5911199,-0.22518158,0.609,7.058823586,2409.0,19.68000031,0.0664,13.40745258,SmoothCondition,LowCongestionCondition,EvenPaceStyle
-1.70001221,33.32663727,32.00182961,127.585121,-0.67554092,0.699,4.313725471,2312.0,26.65999985,-0.0469,13.47011089,SmoothCondition,LowCongestionCondition,EvenPaceStyle
-1.5,31.97555923,32.05061863,127.4348505,-1.35107804,0.734,2.352941275,2213.0,25.12000084,-0.1484,13.56148052,SmoothCondition,LowCongestionCondition,EvenPaceStyle
-1.89996338,30.39929962,31.98306467,127.3786442,-1.57625961,0.715,0.0,2098.0,22.45999908,-0.25,13.66194725,SmoothCondition,LowCongestionCondition,EvenPaceStyle
-1.7000122,13.73598003,29.05197179,104.6305851,-3.60287953,1.31,22.74509811,971.0,6.010000229,-0.6055,14.33791256,SmoothCondition,LowCongestionCondition,EvenPaceStyle
-0.6000366,23.64389992,27.34435721,792.5358707,4.95396042,-1.17,44.31372452,1965.0,29.10000038,0.66,14.81027889,SmoothCondition,LowCongestionCondition,EvenPaceStyle
0.4000244,34.45253754,25.2764541,707.5375312,2.92733765,-1.42,67.45098114,1596.0,22.23999977,0.828,14.9932127,SmoothCondition,LowCongestionCondition,AggressiveStyle
0.1000366,37.379879,24.82609418,683.8689934,2.92734146,-1.44,43.92156982,1713.0,25.17000008,0.863,15.07226276,SmoothCondition,LowCongestionCondition,AggressiveStyle
0.0,41.20793915,23.61762823,612.6149335,-0.67553711,-1.43,0.0,1713.0,11.56999969,0.852,15.13841629,SmoothCondition,LowCongestionCondition,AggressiveStyle
0.1000366,39.85686111,23.18978634,587.1285428,-1.35107804,-1.48,29.41176605,1724.0,17.19000053,0.879,15.18271828,SmoothCondition,LowCongestionCondition,AggressiveStyle
0.2999878,40.75757599,22.75068531,559.478243,0.90071488,-1.5,41.17647171,1792.0,16.63999939,0.883,15.22515678,SmoothCondition,LowCongestionCondition,AggressiveStyle
0.2000122,43.00937653,22.36412627,534.280824,2.25180054,-1.55,38.4313736,1858.0,19.10000038,0.922,15.27167511,SmoothCondition,LowCongestionCondition,EvenPaceStyle
-0.0999756,43.23456192,21.9963323,510.2771043,0.22518539,-1.56,46.66666794,1931.0,21.96999931,0.941,15.28404427,SmoothCondition,LowCongestionCondition,EvenPaceStyle
-0.3000488,45.0359993,21.66982136,488.3632947,1.80143738,-1.5,45.88235474,2011.0,21.59000015,0.895,15.31748486,SmoothCondition,LowCongestionCondition,EvenPaceStyle
0.1000366,50.66549683,20.94173928,436.9622127,1.80143738,-1.39,0.0,1410.0,20.56999969,0.816,15.33739853,SmoothCondition,LowCongestionCondition,EvenPaceStyle
-0.2000122,52.91730118,20.71280626,420.7938482,1.57626343,-1.12,23.13725471,1689.0,13.09000015,0.711,15.29203129,SmoothCondition,LowCongestionCondition,EvenPaceStyle
-0.6999512,53.36766052,20.67152329,417.9462481,0.45035934,-1.04,20.3921566,1695.0,11.94999981,0.664,15.2077837,SmoothCondition,LowCongestionCondition,EvenPaceStyle
-0.9000244,54.26837921,20.67902928,418.4556567,0.90071869,-0.926,17.25490189,1686.0,15.56999969,0.574,15.17049885,SmoothCondition,LowCongestionCondition,EvenPaceStyle
-1.2000122,54.04319763,20.73157133,421.8498699,-0.22518158,-0.887,0.0,1642.0,16.70999908,0.551,15.21324635,SmoothCondition,LowCongestionCondition,EvenPaceStyle
-2.0,51.11585999,20.90420946,431.8386219,-1.80144119,-0.73,20.7843132,1582.0,12.64999962,0.418,15.14518261,SmoothCondition,LowCongestionCondition,EvenPaceStyle
-1.5,51.56622314,21.11437753,442.2053457,0.45036315,-0.68,37.64706039,1606.0,13.25,0.367,15.06139374,SmoothCondition,LowCongestionCondition,EvenPaceStyle
-1.8000488,51.56622314,21.80117655,469.0230367,0.90072631,-0.68,35.68627548,1648.0,13.97999954,0.375,14.89271927,SmoothCondition,LowCongestionCondition,EvenPaceStyle
-1.4000244,52.01657867,22.30783151,484.2354901,0.45035553,-0.766,37.25490189,1675.0,14.92000008,0.406,14.82831287,SmoothCondition,LowCongestionCondition,EvenPaceStyle
-1.1000366,52.6921196,22.93458252,498.5998359,0.67554093,-0.789,39.2156868,1712.0,16.95000076,0.371,14.77434063,SmoothCondition,LowCongestionCondition,EvenPaceStyle
-0.5,55.39427567,24.50708945,522.5611677,1.12589646,-0.727,40.0,1786.0,13.21000004,0.383,14.64895058,SmoothCondition,LowCongestionCondition,EvenPaceStyle
0.3999634,55.61945724,25.39279741,529.943964,0.22518157,-0.605,21.56862831,1781.0,11.60999966,0.324,14.55524635,SmoothCondition,LowCongestionCondition,EvenPaceStyle
0.7999878,56.97053528,26.31978833,536.1743136,1.35107804,-0.535,4.705882549,1769.0,17.96999931,0.273,14.50732994,SmoothCondition,LowCongestionCondition,EvenPaceStyle
0.1000366,56.74535751,27.26554429,539.2135804,-0.22517777,-0.461,0.0,1736.0,18.19000053,0.246,14.47678471,SmoothCondition,LowCongestionCondition,EvenPaceStyle
-0.3999634,53.59283829,29.09700823,536.6332445,-2.70215988,-0.457,14.90196133,1687.0,13.59000015,0.211,14.39936352,SmoothCondition,LowCongestionCondition,EvenPaceStyle
-0.8999634,52.91730118,29.97896325,531.1095121,-0.67553711,-0.406,17.64705849,1702.0,11.42000008,0.137,14.30555439,SmoothCondition,LowCongestionCondition,EvenPaceStyle
-1.0999756,54.26837921,30.88343624,525.0443122,1.35107803,-0.414,20.0,1719.0,11.97000027,0.129,14.22097111,SmoothCondition,LowCongestionCondition,EvenPaceStyle
-2.9000244,53.81801987,34.49757522,483.9981708,-0.45035934,-0.48,3.921568632,1750.0,16.97999954,0.0898,13.9660759,SmoothCondition,LowCongestionCondition,EvenPaceStyle
-3.1000366,54.94392014,35.41330722,470.060144,1.12590027,-0.402,0.0,1720.0,17.55999947,0.0937,13.93367672,SmoothCondition,LowCongestionCondition,EvenPaceStyle
-3.7999878,38.50577927,40.33349002,340.8478126,-6.98057937,0.543,14.90196133,1061.0,7.0,-0.344,13.71951675,SmoothCondition,LowCongestionCondition,EvenPaceStyle
-3.3999634,33.32663727,40.88893398,313.793482,-5.179142,0.754,20.0,910.0,6.46999979,-0.457,13.65505219,SmoothCondition,LowCongestionCondition,EvenPaceStyle
-3.5,28.37267876,41.36181196,287.8839041,-4.95395851,0.953,23.52941132,905.0,6.510000229,-0.582,13.62078857,SmoothCondition,LowCongestionCondition,EvenPaceStyle
-2.7000122,11.70935917,41.87221993,253.0685146,-7.20576,0.941,24.31372643,876.0,6.739999771,-0.586,13.65280628,SmoothCondition,LowCongestionCondition,EvenPaceStyle
-1.7000122,9.90791893,42.03735191,240.6413557,-1.80144024,0.82,27.05882454,1332.0,15.18999958,-0.523,13.69995594,SmoothCondition,LowCongestionCondition,EvenPaceStyle
-0.5999756,8.106479645,42.17245991,230.1849131,-1.801439285,0.73,33.33333206,1896.0,18.22999954,-0.48,13.74227524,SmoothCondition,LowCongestionCondition,EvenPaceStyle
-0.2000122,10.80864048,42.25127292,224.7720434,2.702160835,0.656,5.09803915,1415.0,10.75,-0.414,13.76061821,SmoothCondition,LowCongestionCondition,EvenPaceStyle
0.3999634,14.8618803,42.34509792,218.9992188,4.05323982,0.629,79.21569061,1339.0,16.76000023,-0.25,13.78945446,SmoothCondition,LowCongestionCondition,EvenPaceStyle
0.9000244,18.01440048,42.43141694,214.2654088,3.15252018,0.562,45.09804153,1622.0,15.35999966,-0.23,13.80987358,SmoothCondition,LowCongestionCondition,EvenPaceStyle
1.0999756,22.51799965,42.56277194,207.874945,4.50359917,0.512,28.23529434,1768.0,11.88000011,-0.207,13.80888557,SmoothCondition,LowCongestionCondition,EvenPaceStyle
1.7000122,23.64389992,42.64533795,204.2749884,1.12590027,0.527,18.4313736,1857.0,12.14999962,-0.176,13.80715847,SmoothCondition,LowCongestionCondition,EvenPaceStyle
1.9000244,25.89570045,42.68286796,202.9090765,2.25180053,0.555,13.72549057,1846.0,12.02999973,-0.152,13.80429649,SmoothCondition,LowCongestionCondition,EvenPaceStyle
1.6000366,26.3460598,42.66034999,203.6258353,0.45035935,0.582,10.58823586,1802.0,12.47999954,-0.156,13.80542755,SmoothCondition,LowCongestionCondition,EvenPaceStyle
1.0,25.67051888,42.57778401,206.0560574,-0.67554092,0.535,13.72549057,1743.0,11.60999966,-0.164,13.80286217,SmoothCondition,LowCongestionCondition,EvenPaceStyle
0.2999878,24.54461861,42.46144099,209.4835709,-1.12590027,0.516,12.94117641,1731.0,11.15999985,-0.16,13.795784,SmoothCondition,LowCongestionCondition,EvenPaceStyle
-0.3999634,24.09425926,42.08989399,218.4437999,-1.35107804,0.41,15.68627453,1770.0,11.35000038,-0.0391,13.79157829,SmoothCondition,LowCongestionCondition,EvenPaceStyle
-0.5,24.31943893,41.82343097,223.670088,0.22517967,0.254,18.4313736,1815.0,13.14000034,0.0976,13.79202747,SmoothCondition,LowCongestionCondition,EvenPaceStyle
-0.2000122,25.89570045,41.26798704,233.1134409,2.02662086,-0.234,35.29411697,2039.0,17.64999962,0.348,13.78916645,SmoothCondition,LowCongestionCondition,EvenPaceStyle
-0.1000366,27.92231941,41.06907802,236.0582151,2.02661896,-0.453,32.94117737,2179.0,19.36000061,0.473,13.78825188,SmoothCondition,LowCongestionCondition,EvenPaceStyle
0.5,31.97555923,40.7050371,239.3554397,2.02662086,-0.73,25.09803963,1390.0,21.28000069,0.629,13.80081749,SmoothCondition,LowCongestionCondition,EvenPaceStyle
0.7999878,32.200737,40.52114002,240.4384149,0.22517777,-0.863,63.52941132,1495.0,16.25,0.687,13.80911255,SmoothCondition,LowCongestionCondition,EvenPaceStyle
1.0,34.45253754,40.34474899,240.6854853,2.25180054,-0.812,51.76470566,1580.0,18.54999924,0.656,13.81625175,SmoothCondition,LowCongestionCondition,EvenPaceStyle
-0.7000122,45.26117706,54.18581244,38.11712908,0.22517776,-0.641,18.4313736,1435.0,9.850000381,0.246,11.03006554,SmoothCondition,LowCongestionCondition,EvenPaceStyle
-1.0,45.48635864,53.91934948,38.4273101,0.22518158,-0.57,42.35294342,1439.0,11.13000011,0.223,10.98993587,SmoothCondition,LowCongestionCondition,EvenPaceStyle
-0.7999878,46.16189957,53.33012848,37.18585663,0.67554093,-0.449,31.76470566,1483.0,12.55000019,0.242,10.94643784,SmoothCondition,LowCongestionCondition,EvenPaceStyle
-0.5999756,47.06261826,53.04490045,35.77502519,0.90071869,-0.426,0.0,1480.0,14.14999962,0.301,10.9355917,SmoothCondition,LowCongestionCondition,EvenPaceStyle
-0.4000244,46.61225891,52.77093143,34.70325093,-0.45035935,-0.387,23.13725471,1446.0,10.15999985,0.309,10.90068722,SmoothCondition,LowCongestionCondition,EvenPaceStyle
0.0,46.83743668,51.9677894,31.60977823,0.90071488,-0.523,46.66666794,1501.0,12.14999962,0.363,10.83319759,SmoothCondition,LowCongestionCondition,EvenPaceStyle
-0.0999756,48.86405945,51.50617046,28.33842344,1.12590027,-0.539,49.80392075,1617.0,16.32999992,0.414,10.81801128,SmoothCondition,LowCongestionCondition,EvenPaceStyle
-1.5,51.34103775,51.19091841,25.60510953,0.90071869,-0.531,49.01960754,1649.0,15.32999992,0.398,10.7638483,SmoothCondition,LowCongestionCondition,EvenPaceStyle
-2.2000122,52.46693802,51.06706944,24.33217374,1.12590027,-0.586,50.58823776,1689.0,21.20000076,0.402,10.76543331,SmoothCondition,LowCongestionCondition,EvenPaceStyle
-3.4000244,53.36766052,50.96949151,23.28493751,0.9007225,-0.598,38.4313736,1731.0,18.5,0.344,10.75998306,SmoothCondition,LowCongestionCondition,EvenPaceStyle
-3.6999512,54.49356079,50.91319656,22.68484496,1.12590027,-0.676,34.90196228,1783.0,14.56000042,0.305,10.72978687,SmoothCondition,LowCongestionCondition,EvenPaceStyle
-2.7999878,57.19572067,50.91319656,22.68484496,-0.22517777,-0.75,31.76470566,1823.0,14.27000046,0.449,10.66721249,SmoothCondition,LowCongestionCondition,EvenPaceStyle
-2.4000244,57.87125778,50.95823256,23.1963742,0.67553711,-0.754,33.72549057,1832.0,14.42000008,0.445,10.65993977,SmoothCondition,LowCongestionCondition,EvenPaceStyle
-2.0999756,58.99715805,51.01077455,23.88419992,1.12590027,-0.738,10.1960783,1815.0,13.27999973,0.492,10.64637661,SmoothCondition,LowCongestionCondition,EvenPaceStyle
-0.2999878,57.42089844,51.09709352,24.95645995,-1.80143738,-0.664,29.80392265,1814.0,12.60000038,0.473,10.62162876,SmoothCondition,LowCongestionCondition,EvenPaceStyle
0.9000244,57.64608002,51.13837655,25.40062516,0.22518158,-0.687,0.0,1770.0,16.04000092,0.418,10.6282196,SmoothCondition,LowCongestionCondition,EvenPaceStyle
2.0999756,54.94392014,51.12336464,25.27904625,-0.6755371,-0.5,14.11764717,1650.0,18.69000053,0.246,10.69118595,SmoothCondition,LowCongestionCondition,EvenPaceStyle
2.7999878,52.91730118,51.03704573,24.5018841,-2.02661896,-0.461,23.92156982,1627.0,12.40999985,0.281,10.69884491,SmoothCondition,LowCongestionCondition,EvenPaceStyle
2.0,51.56622314,50.51537889,19.32615839,-0.22517777,-0.293,18.4313736,1614.0,11.39000034,0.227,10.71594524,SmoothCondition,LowCongestionCondition,EvenPaceStyle
1.7000122,49.76477432,50.36901182,18.22063811,-1.80144882,-0.312,20.0,1571.0,10.89000034,0.184,10.68762779,SmoothCondition,LowCongestionCondition,EvenPaceStyle
0.7999878,49.53959656,50.24516284,17.47805342,-0.22517776,-0.223,0.0,1565.0,10.69999981,0.16,10.65834904,SmoothCondition,LowCongestionCondition,EvenPaceStyle
-0.7999878,47.28779984,50.09879583,17.36980902,-0.90071868,-0.0586,16.07843208,1476.0,15.78999996,0.184,10.64738083,SmoothCondition,LowCongestionCondition,EvenPaceStyle
-0.7000122,47.06261826,50.0950428,17.39211123,-0.22518158,0.0156,14.50980377,1487.0,10.10999966,0.148,10.61829758,SmoothCondition,LowCongestionCondition,EvenPaceStyle
-0.1000366,47.96333694,50.23765659,16.36292354,-0.45035935,0.0352,4.313725471,1504.0,15.98999977,0.0156,10.6082449,SmoothCondition,LowCongestionCondition,EvenPaceStyle
-0.7999878,47.96333694,50.29395161,15.73403969,0.22517776,-0.082,35.29411697,1540.0,13.14000034,0.191,10.49650097,SmoothCondition,LowCongestionCondition,EvenPaceStyle
-2.5,48.86405945,50.26768061,15.76762881,0.90072251,-0.102,36.07843018,1557.0,11.65999985,0.254,10.43555164,SmoothCondition,LowCongestionCondition,EvenPaceStyle
-3.6999512,49.08923721,50.31646957,15.5236526,-0.67553711,-0.164,50.58823776,1593.0,18.48999977,0.383,10.29458523,SmoothCondition,LowCongestionCondition,EvenPaceStyle
-3.7999878,48.18851852,50.34274057,15.36713716,-0.90071869,-0.203,50.98039246,1612.0,16.96999931,0.437,10.26436901,SmoothCondition,LowCongestionCondition,EvenPaceStyle
-3.5,46.61225891,50.33148155,15.44470029,-1.57625961,-0.254,49.80392075,1604.0,16.72999954,0.441,10.23260975,SmoothCondition,LowCongestionCondition,EvenPaceStyle
-3.2999878,49.08923721,50.35024656,15.37544494,2.4769783,-0.242,25.88235283,1616.0,16.65999985,0.453,10.19943428,SmoothCondition,LowCongestionCondition,EvenPaceStyle
-2.6000366,50.89067459,50.38027051,15.35252684,1.80143738,-0.312,24.70588303,1604.0,11.10000038,0.449,10.14212894,SmoothCondition,LowCongestionCondition,EvenPaceStyle
-1.4000244,50.21513748,50.37651749,15.35291358,-0.67553711,-0.371,23.52941132,1568.0,10.14000034,0.445,10.08624268,SmoothCondition,LowCongestionCondition,EvenPaceStyle
-0.0999756,49.76477432,50.36150544,15.35761187,-0.45036316,-0.387,25.88235283,1546.0,10.52999973,0.461,10.04402065,SmoothCondition,LowCongestionCondition,EvenPaceStyle
-0.2999878,48.63887787,50.32772846,15.40518105,-1.12589645,-0.437,32.15686417,1531.0,10.98999977,0.43,10.00272942,SmoothCondition,LowCongestionCondition,EvenPaceStyle
0.1999512,49.08923721,50.35024649,15.26200079,0.45035934,-0.512,36.07843018,1575.0,13.27999973,0.539,9.930357933,SmoothCondition,LowCongestionCondition,EvenPaceStyle
0.3999634,50.44031906,50.44031849,14.77522303,1.35108185,-0.594,32.15686417,1613.0,12.21000004,0.527,9.909146309,SmoothCondition,LowCongestionCondition,EvenPaceStyle
-0.5999756,52.01657867,50.6504865,13.91556933,0.67554092,-0.641,25.49019623,1647.0,10.44999981,0.602,9.854963303,SmoothCondition,LowCongestionCondition,EvenPaceStyle
-1.3999634,52.46693802,50.76682949,13.50572421,0.45035935,-0.621,19.6078434,1667.0,10.67000008,0.648,9.817221642,SmoothCondition,LowCongestionCondition,EvenPaceStyle
-2.1999512,52.6921196,50.87566649,13.19709087,0.22518158,-0.637,22.74509811,1671.0,10.43000031,0.598,9.778737068,SmoothCondition,LowCongestionCondition,EvenPaceStyle
-0.8000488,46.16189957,51.26973139,11.95028223,-1.35107803,-0.195,14.11764717,1424.0,15.32999992,0.227,9.622796059,SmoothCondition,LowCongestionCondition,EvenPaceStyle
-0.4000244,44.81082153,51.14212945,12.61650727,-1.35107804,-0.164,38.03921509,1388.0,11.02999973,0.262,9.614247322,SmoothCondition,LowCongestionCondition,EvenPaceStyle
0.29998779,3.152519941,5.982281806,41.77724161,-2.702159644,-0.16,25.09803963,814.0,4.880000114,0.125,16.62765121,SmoothCondition,HighCongestionCondition,AggressiveStyle
2.10003662,14.41152,1.51245892,13.19059995,-0.90071869,-0.406,7.843137264,1854.0,13.38000011,0.352,17.18533516,SmoothCondition,HighCongestionCondition,AggressiveStyle
1.90002442,13.28561974,1.587518938,14.63844362,-1.12590026,-0.324,4.313725471,1746.0,16.52000046,0.312,17.25636673,SmoothCondition,HighCongestionCondition,AggressiveStyle
1.5,11.70935917,1.685096931,16.05660806,-1.57626057,-0.207,0.0,1245.0,9.369999886,0.258,17.31024742,SmoothCondition,HighCongestionCondition,AggressiveStyle
-0.79998779,9.682740211,1.793933936,17.09217142,-2.026618959,-0.191,18.8235302,850.0,4.679999828,0.254,17.35931587,SmoothCondition,HighCongestionCondition,AggressiveStyle
-1.0,6.079859734,1.846475935,17.37893263,-3.602880477,-0.297,20.0,875.0,5.019999981,0.32,17.41122818,SmoothCondition,HighCongestionCondition,AggressiveStyle
-1.09997559,5.854679585,1.944053928,17.58376204,-0.225180149,-0.367,37.25490189,1184.0,9.529999733,0.355,17.47236633,SmoothCondition,HighCongestionCondition,AggressiveStyle
-1.29998779,6.305039883,2.049137926,17.83081787,0.450360298,-0.398,28.23529434,1553.0,9.729999542,0.363,17.58505058,SmoothCondition,HighCongestionCondition,AggressiveStyle
-1.59997559,9.682740211,2.21051693,18.72082341,3.377700328,-0.41,17.64705849,1708.0,10.44999981,0.34,17.6188488,SmoothCondition,HighCongestionCondition,AggressiveStyle
-1.70001221,11.70935917,2.405672916,20.12856014,2.026618959,-0.426,16.47058868,1759.0,10.81999969,0.348,17.67171097,SmoothCondition,HighCongestionCondition,AggressiveStyle
-1.7000122,11.93453979,2.604581912,21.52920683,0.22518062,-0.379,12.94117641,1715.0,11.13000011,0.336,17.68233681,SmoothCondition,HighCongestionCondition,AggressiveStyle
-1.5,12.15971947,2.807243903,22.91992706,0.22517968,-0.305,4.705882549,1452.0,12.89000034,0.297,17.69945145,SmoothCondition,HighCongestionCondition,AggressiveStyle
-1.09997558,10.35828018,2.979881906,23.72245753,-1.80143929,-0.246,0.0,1104.0,6.329999924,0.27,17.68821716,SmoothCondition,HighCongestionCondition,AggressiveStyle
-1.10003662,7.881299973,3.111236906,23.96159236,-2.476980207,-0.242,17.64705849,913.0,6.28000021,0.25,17.68720245,SmoothCondition,HighCongestionCondition,AggressiveStyle
-1.0,6.305039883,3.216320904,23.95918598,-1.57626009,-0.168,21.17647171,889.0,5.110000134,0.207,17.6834259,SmoothCondition,HighCongestionCondition,AggressiveStyle
-0.90002442,5.629499912,3.400217907,23.75396983,0.225179672,0.0898,24.31372643,847.0,4.880000114,0.0976,17.73817444,SmoothCondition,HighCongestionCondition,AggressiveStyle
-2.60003662,5.854679585,0.127601993,0.619415644,5.854679585,-0.398,44.31372452,1767.0,24.92000008,0.262,18.08268166,SmoothCondition,HighCongestionCondition,EvenPaceStyle
-2.90002442,16.66331863,0.581714956,7.542807629,4.27841949,-0.531,57.64706039,1414.0,15.52999973,0.34,18.34721184,SmoothCondition,HighCongestionCondition,EvenPaceStyle
-3.20001221,20.49137878,0.923237936,14.13701177,3.82806015,-0.559,0.0,1391.0,12.78999996,0.363,18.45760918,SmoothCondition,HighCongestionCondition,EvenPaceStyle
-3.2999878,18.91511917,1.572506912,25.360734,-1.12590027,-0.477,0.392156869,1277.0,12.17000008,0.359,18.59032249,SmoothCondition,HighCongestionCondition,EvenPaceStyle
-3.40002442,16.88849831,2.398166871,35.91675489,1.35107899,-0.473,4.313725471,1139.0,10.77000046,0.344,18.68449974,SmoothCondition,HighCongestionCondition,EvenPaceStyle
-1.0,10.80864048,3.051188858,41.14308558,-2.25179958,-0.352,23.92156982,871.0,4.920000076,0.289,18.82904434,SmoothCondition,HighCongestionCondition,EvenPaceStyle
-0.70001221,10.13309956,3.220073851,41.80634621,-0.67554092,-0.324,24.70588303,872.0,4.710000038,0.266,18.84001541,SmoothCondition,HighCongestionCondition,EvenPaceStyle
-0.5,7.205760002,3.340169851,41.8851841,-2.927339558,-0.293,24.31372643,856.0,4.920000076,0.25,18.94782448,SmoothCondition,HighCongestionCondition,EvenPaceStyle
-0.30004882,4.728779793,3.418982848,41.72245213,-2.476980209,-0.281,26.27450943,852.0,5.170000076,0.254,19.06616211,SmoothCondition,HighCongestionCondition,EvenPaceStyle
-0.69995118,53.36766052,93.59981696,328.0880024,-5.17913819,1.72,0.0,1151.0,11.77999973,-0.687,8.069867134,SmoothCondition,LowCongestionCondition,EvenPaceStyle
-0.59997559,45.0359993,91.13409609,368.2943273,-4.72877502,1.98,14.90196133,1017.0,13.21000004,-0.859,8.071386337,SmoothCondition,LowCongestionCondition,EvenPaceStyle
-0.2000122,40.53239822,89.81304016,395.994834,-4.50360108,2.02,20.7843132,911.0,5.75,-0.844,8.050310135,SmoothCondition,LowCongestionCondition,EvenPaceStyle
-0.2999878,35.35326004,88.4281833,430.4190309,-5.17913818,1.98,22.74509811,898.0,6.420000076,-0.84,8.053807259,SmoothCondition,LowCongestionCondition,EvenPaceStyle
-0.29998779,29.27339935,86.95325439,472.9253382,-6.07986069,1.84,19.6078434,1907.0,5.460000038,-0.777,8.053112984,SmoothCondition,LowCongestionCondition,EvenPaceStyle
-0.20001221,26.12088013,85.45205454,518.8644316,-3.15251922,1.77,28.62745094,1904.0,15.14000034,-0.75,8.082575798,SmoothCondition,LowCongestionCondition,EvenPaceStyle
-0.29998779,25.67051888,83.97712565,563.2509054,-0.45036125,1.66,25.09803963,2015.0,16.07999992,-0.781,8.110298157,SmoothCondition,LowCongestionCondition,EvenPaceStyle
-0.5,27.47196007,82.54347973,600.5129621,1.80144119,1.69,11.76470566,1999.0,14.63000011,-0.773,8.122174263,SmoothCondition,LowCongestionCondition,EvenPaceStyle
-0.39996338,27.2467804,79.72497689,660.6555727,-2.25179863,1.66,13.72549057,1996.0,13.88000011,-0.832,8.116106987,SmoothCondition,LowCongestionCondition,EvenPaceStyle
-0.09997559,28.37267876,78.32510796,685.3017003,1.12589836,1.72,0.0,1880.0,18.90999985,-0.906,8.120829582,SmoothCondition,LowCongestionCondition,EvenPaceStyle
0.0,26.12088013,75.47282814,725.185867,-2.25179863,1.66,17.25490189,1763.0,16.20000076,-0.871,8.145872116,SmoothCondition,LowCongestionCondition,AggressiveStyle
0.09997558,25.67051888,74.01666425,741.147331,-0.45036125,1.57,20.0,1797.0,12.60999966,-0.828,8.153223038,SmoothCondition,LowCongestionCondition,AggressiveStyle
0.40002442,24.99497986,72.56050034,754.796824,-0.67553902,1.53,23.13725471,1880.0,13.03999996,-0.769,8.154099464,SmoothCondition,LowCongestionCondition,AggressiveStyle
0.5,25.67051888,69.71197338,770.0050633,-0.22518157,1.53,1.176470637,1775.0,16.61000061,-0.809,8.165846825,SmoothCondition,LowCongestionCondition,AggressiveStyle
0.19995118,25.4453373,68.32711637,775.7186464,-0.22518158,1.49,0.0,1419.0,17.36000061,-0.836,8.177998543,SmoothCondition,LowCongestionCondition,AggressiveStyle
0.09997559,21.61728096,66.97978936,791.1093087,-3.82805634,1.26,66.66666412,1499.0,13.43000031,-0.68,8.187914848,SmoothCondition,LowCongestionCondition,AggressiveStyle
-0.29998779,20.71656036,64.3039005,822.6844582,2.02662086,0.785,63.92156982,2308.0,33.34999847,-0.461,8.219385147,SmoothCondition,LowCongestionCondition,EvenPaceStyle
-0.59997558,26.57123947,63.11044658,825.9184754,5.85467911,0.652,5.882352829,2307.0,36.54000092,-0.398,8.236438751,SmoothCondition,LowCongestionCondition,EvenPaceStyle
-0.79998779,32.200737,62.0258296,821.1290091,5.62949753,0.57,11.37254906,2228.0,27.75,-0.434,8.252477646,SmoothCondition,LowCongestionCondition,EvenPaceStyle
-0.7999878,31.52519989,60.90743564,812.9164653,-0.67553711,0.527,14.50980377,2210.0,19.42000008,-0.418,8.265458107,SmoothCondition,LowCongestionCondition,EvenPaceStyle
-0.5,32.200737,58.56931674,779.2153775,0.9007206,0.488,22.74509811,2236.0,16.11000061,-0.48,8.312457085,SmoothCondition,LowCongestionCondition,EvenPaceStyle
-0.2999878,31.07483864,57.37210976,757.2508876,-1.12589836,0.691,16.47058868,2175.0,17.12000084,-0.43,8.335659981,SmoothCondition,LowCongestionCondition,EvenPaceStyle
-0.29998779,31.97555923,56.1899148,731.6183459,0.90072059,0.664,0.0,2105.0,23.12999916,-0.477,8.371726036,SmoothCondition,LowCongestionCondition,EvenPaceStyle
0.59997559,27.69713783,53.79174789,681.6473419,-3.15252304,0.684,10.58823586,1796.0,20.09000015,-0.359,8.474194527,SmoothCondition,LowCongestionCondition,EvenPaceStyle
0.89996338,26.12088013,52.57577601,658.3593583,-1.5762577,0.613,2.352941275,1646.0,12.23999977,-0.289,8.57870388,SmoothCondition,LowCongestionCondition,EvenPaceStyle
0.7999878,22.74317932,50.12506711,614.8805905,-1.12590027,0.586,13.33333397,1550.0,10.09000015,-0.25,8.670176506,SmoothCondition,LowCongestionCondition,EvenPaceStyle
0.60003662,22.0676384,48.9541311,596.6470456,-0.67554092,0.562,26.66666794,1596.0,10.98999977,-0.242,8.720367432,SmoothCondition,LowCongestionCondition,EvenPaceStyle
0.2999878,21.84246063,47.84699621,581.6591938,-0.22517777,0.488,36.47058868,1734.0,15.85999966,-0.195,8.776744843,SmoothCondition,LowCongestionCondition,EvenPaceStyle
0.2000122,24.09425926,45.87667116,557.9998821,1.80143928,0.254,23.13725471,2012.0,16.07999992,-0.0078,8.835266113,SmoothCondition,LowCongestionCondition,EvenPaceStyle
-0.19995118,32.65110016,42.5965491,490.2038542,2.02662277,0.383,32.94117737,2196.0,32.04999924,0.0156,9.056023598,SmoothCondition,LowCongestionCondition,EvenPaceStyle
-0.40002442,35.57844162,41.81592515,463.5447429,2.92734146,0.262,52.54901886,1654.0,20.19000053,0.0586,9.089784622,SmoothCondition,LowCongestionCondition,EvenPaceStyle
-0.7000122,36.02880096,41.00903022,432.653241,0.45035934,0.176,64.31372833,1761.0,22.70000076,0.141,9.125606537,SmoothCondition,LowCongestionCondition,EvenPaceStyle
-0.70001221,38.95613861,40.25467726,400.5026568,2.92733765,0.141,36.86274719,1873.0,26.80999947,0.113,9.175726891,SmoothCondition,LowCongestionCondition,EvenPaceStyle
-0.7000122,44.36046219,38.97490444,340.5508236,1.80144501,0.258,13.72549057,1928.0,15.89000034,0.102,9.276979446,SmoothCondition,LowCongestionCondition,EvenPaceStyle
-0.70001221,45.26117706,38.41946036,314.3105338,0.90071487,0.168,14.90196133,1926.0,13.14000034,0.082,9.295998573,SmoothCondition,LowCongestionCondition,EvenPaceStyle
-0.10003662,46.61225891,36.91075433,242.6125458,0.67553711,0.0195,21.17647171,2004.0,15.97999954,0.211,9.326555252,SmoothCondition,LowCongestionCondition,EvenPaceStyle
0.29998779,46.16189957,35.9725043,196.750799,-0.45035934,0.0937,0.0,1879.0,19.68000031,0.25,9.330574989,SmoothCondition,LowCongestionCondition,EvenPaceStyle
0.70001221,42.78419876,35.00047716,151.7440133,-1.80144119,0.168,4.705882549,1743.0,20.02000046,0.18,9.330780029,SmoothCondition,LowCongestionCondition,EvenPaceStyle
0.5,39.85686111,34.08849818,115.3984892,-1.12589646,0.227,21.56862831,1671.0,15.05000019,0.0937,9.337703705,SmoothCondition,LowCongestionCondition,EvenPaceStyle
0.20001221,38.28059769,32.94383316,76.10425038,-0.9007225,0.41,9.411765099,1583.0,11.22999954,-0.0469,9.319148064,SmoothCondition,LowCongestionCondition,EvenPaceStyle
-0.09997559,36.92951965,32.46344922,64.60664513,-0.45035935,0.555,0.0,1496.0,13.39999962,-0.156,9.322620392,SmoothCondition,LowCongestionCondition,EvenPaceStyle
0.39996338,28.37267876,32.21575117,60.41901476,-2.02662086,1.02,14.50980377,1097.0,10.69999981,-0.277,9.458983421,SmoothCondition,LowCongestionCondition,EvenPaceStyle
0.19995118,26.57123947,32.23076318,60.23269146,-1.80143929,1.03,0.0,1017.0,5.940000057,-0.305,9.444206238,SmoothCondition,LowCongestionCondition,EvenPaceStyle
-0.09997559,22.29281998,32.06563117,62.31203993,-2.4769783,1.16,14.50980377,1080.0,5.110000134,-0.395,9.427249908,SmoothCondition,LowCongestionCondition,EvenPaceStyle
-0.10003662,18.46475983,31.91926416,65.03198875,-3.82806015,1.15,45.49019623,1428.0,8.909999847,-0.293,9.441896439,SmoothCondition,LowCongestionCondition,EvenPaceStyle
0.0,16.21295929,31.71660217,68.95818251,-2.25180054,1.0,48.62745285,1671.0,15.56999969,-0.262,9.486093521,SmoothCondition,LowCongestionCondition,EvenPaceStyle
-0.10003662,19.36548042,31.56648219,71.33133885,3.15252113,0.859,40.7843132,1926.0,16.85000038,-0.238,9.513701439,SmoothCondition,LowCongestionCondition,EvenPaceStyle
-0.2000122,24.76979828,31.54396416,71.61116778,5.40431786,0.777,33.33333206,2132.0,19.89999962,-0.18,9.567362785,SmoothCondition,LowCongestionCondition,EvenPaceStyle
-0.4000244,21.39209938,32.290811,152.9348901,1.80143928,-0.0703,0.0,1500.0,14.65999985,0.1641,14.23332596,SmoothCondition,LowCongestionCondition,EvenPaceStyle
-0.5,16.21295929,30.12532991,110.9036947,-4.05323982,-0.0195,41.5686264,1114.0,11.73999977,-0.0508,14.29574108,SmoothCondition,LowCongestionCondition,EvenPaceStyle
-0.7000122,15.76259995,29.38974196,98.82603519,-0.45035934,-0.168,8.627450943,1208.0,11.65999985,0.0156,14.30362606,SmoothCondition,LowCongestionCondition,EvenPaceStyle
-0.4000244,17.33885956,28.04616801,76.95013542,1.57625961,-0.25,44.70588303,1687.0,17.89999962,0.2305,14.31424713,SmoothCondition,LowCongestionCondition,EvenPaceStyle
-0.0999756,21.84246063,27.53576005,67.22947441,4.50360107,-0.2773,30.58823586,1781.0,21.68000031,0.2109,14.31792641,SmoothCondition,LowCongestionCondition,EvenPaceStyle
0.2999878,24.31943893,27.10791804,58.67304579,2.4769783,-0.2344,5.09803915,1713.0,15.84000015,0.1641,14.30463982,SmoothCondition,LowCongestionCondition,EvenPaceStyle
0.2000122,24.09425926,26.71760607,51.61499626,-0.22517967,-0.2148,0.0,1556.0,16.18000031,0.0976,14.34797001,SmoothCondition,LowCongestionCondition,EvenPaceStyle
1.2999878,19.36548042,25.56543522,37.17089892,-0.22517968,-0.2227,3.921568632,1137.0,12.34000015,0.0859,14.39533615,SmoothCondition,LowCongestionCondition,EvenPaceStyle
1.0999756,17.11367989,25.21640622,35.61366461,-2.25180053,-0.2266,47.45098114,1160.0,11.36999989,0.0937,14.40923691,SmoothCondition,LowCongestionCondition,EvenPaceStyle
1.0,14.63669968,24.84861225,35.13639796,-2.47698021,-0.2969,45.88235474,1240.0,12.72000027,0.1484,14.43358898,SmoothCondition,LowCongestionCondition,EvenPaceStyle
0.4000244,16.66331863,24.47706525,32.75832849,2.02661895,-0.3555,53.72549057,1443.0,14.34000015,0.2344,14.47620106,SmoothCondition,LowCongestionCondition,EvenPaceStyle
0.0999756,19.14029884,24.15430724,29.79944535,2.47698021,-0.3672,54.11764908,1662.0,17.5,0.2812,14.51918221,SmoothCondition,LowCongestionCondition,EvenPaceStyle
0.0,21.61728096,23.99292831,29.01661066,2.47698212,-0.4609,42.35294342,1832.0,21.69000053,0.289,14.58397198,SmoothCondition,LowCongestionCondition,EvenPaceStyle
0.2000122,25.89570045,23.97416334,28.92214573,4.27841949,-0.457,30.98039246,1953.0,26.11000061,0.3554,14.65870857,SmoothCondition,LowCongestionCondition,EvenPaceStyle
0.0999756,27.2467804,24.03045835,29.10026153,1.35107995,-0.4492,18.4313736,1949.0,21.18000031,0.332,14.72048473,SmoothCondition,LowCongestionCondition,EvenPaceStyle
-0.2000122,27.92231941,24.28190937,28.92850573,0.67553901,-0.4726,4.705882549,1660.0,18.02000046,0.3672,14.82923031,SmoothCondition,LowCongestionCondition,EvenPaceStyle
0.1000366,24.76979828,24.32694537,28.84737598,-3.15252113,-0.4023,16.47058868,1621.0,14.81999969,0.3789,14.88026905,SmoothCondition,LowCongestionCondition,EvenPaceStyle
0.0,23.19353867,24.28566236,28.83681944,-1.57625961,-0.4297,29.41176605,1661.0,17.53000069,0.4297,14.94182873,SmoothCondition,LowCongestionCondition,EvenPaceStyle
0.0999756,22.9683609,24.18433142,28.47134946,-0.22517777,-0.4648,30.19607925,1752.0,21.38999939,0.3359,15.07914448,SmoothCondition,LowCongestionCondition,EvenPaceStyle
0.0999756,24.99497986,23.9141154,25.97833109,0.9007206,-0.5117,26.27450943,1857.0,22.44000053,0.1641,15.24066257,SmoothCondition,LowCongestionCondition,EvenPaceStyle
0.0,25.89570045,23.7564894,23.80175299,0.90072059,-0.4883,25.49019623,1909.0,22.89999962,0.2226,15.3223238,SmoothCondition,LowCongestionCondition,EvenPaceStyle
-0.5,27.02159882,23.6476524,22.34415521,1.12589837,-0.6718,25.09803963,1964.0,21.85000038,0.2422,15.36456871,SmoothCondition,LowCongestionCondition,EvenPaceStyle
-1.6000366,26.12088013,23.55382748,21.38453732,-1.80143928,-0.9257,18.8235302,1825.0,19.36000061,0.3906,15.50127983,SmoothCondition,LowCongestionCondition,EvenPaceStyle
-1.2000122,25.67051888,23.57634548,21.46205736,-0.45036125,-0.8163,10.58823586,1726.0,17.02000046,0.3555,15.59427643,SmoothCondition,LowCongestionCondition,EvenPaceStyle
-1.0,24.99497986,23.62138147,21.46618264,-0.67553902,-0.6874,22.35294151,1680.0,20.30999947,0.2851,15.67214775,SmoothCondition,LowCongestionCondition,EvenPaceStyle
-0.7000122,23.19353867,23.76774845,20.76098216,-0.67554092,-0.6015,25.49019623,1723.0,17.94000053,0.0742,15.75950336,SmoothCondition,LowCongestionCondition,EvenPaceStyle
-0.5,24.31943893,23.79026642,20.75479433,1.12590026,-0.539,14.90196133,1722.0,15.93999958,-0.0391,15.79768372,SmoothCondition,LowCongestionCondition,EvenPaceStyle
-0.6000366,21.84246063,23.73772443,20.79169218,-2.4769783,-0.4335,0.392156869,1580.0,15.21000004,-0.0625,15.83976555,SmoothCondition,LowCongestionCondition,EvenPaceStyle
-0.4000244,20.04101944,23.60636943,20.7089726,-1.80144119,-0.3007,0.0,1411.0,13.56999969,-0.0195,15.87716675,SmoothCondition,LowCongestionCondition,EvenPaceStyle
0.2000122,18.46475983,23.44874344,20.8160568,-1.57625961,-0.2578,9.411765099,1321.0,14.59000015,0.0898,15.92673588,SmoothCondition,LowCongestionCondition,EvenPaceStyle
0.0,18.01440048,23.24983447,20.56022057,-0.45035935,-0.3515,25.09803963,1298.0,14.51000023,0.1016,16.00048637,SmoothCondition,LowCongestionCondition,EvenPaceStyle
0.1000366,17.11367989,23.0359135,20.39121497,-0.90072059,-0.414,19.2156868,1321.0,14.82999992,0.043,16.07262421,SmoothCondition,LowCongestionCondition,EvenPaceStyle
0.4000244,20.26619911,22.64935452,19.18113156,3.15251922,-0.3086,22.35294151,1397.0,15.06999969,0.0664,16.19462967,SmoothCondition,LowCongestionCondition,EvenPaceStyle
0.2999878,20.49137878,22.46921056,17.95868745,0.22517967,-0.0859,22.74509811,1426.0,15.28999996,0.1133,16.26116943,SmoothCondition,LowCongestionCondition,EvenPaceStyle
0.2000122,20.04101944,22.28906654,16.83524766,-0.45035934,-0.0195,23.92156982,1434.0,15.73999977,0.1055,16.31144333,SmoothCondition,LowCongestionCondition,EvenPaceStyle
0.6000366,20.26619911,22.08640455,15.12121224,0.22517967,-0.0547,22.35294151,1472.0,14.07999992,0.0,16.34731293,SmoothCondition,LowCongestionCondition,EvenPaceStyle
0.5,20.04101944,21.91376654,13.99055365,-0.22517967,0.1953,1.176470637,1356.0,12.46000004,0.0078,16.38095093,SmoothCondition,LowCongestionCondition,EvenPaceStyle
0.2000122,7.881299973,21.18568459,16.96381759,-5.179140087,0.6679,23.52941132,878.0,8.670000076,0.0,16.52787781,SmoothCondition,LowCongestionCondition,EvenPaceStyle
0.0,7.205760002,20.67902964,22.84893994,-0.675539971,0.5507,41.5686264,1662.0,16.87999916,0.0977,16.74835968,SmoothCondition,LowCongestionCondition,EvenPaceStyle
-0.0999756,10.5834589,20.51014462,24.54737741,3.377698898,0.3593,15.68627453,1011.0,9.869999886,0.1953,16.82127571,SmoothCondition,LowCongestionCondition,EvenPaceStyle
-0.1000366,15.08705902,20.3487656,26.05768685,2.92733955,0.2812,47.84313965,1577.0,19.42000008,0.2539,16.98235321,SmoothCondition,LowCongestionCondition,EvenPaceStyle
-0.1999512,19.81583786,20.38629561,25.92963244,4.72877884,0.2304,27.45098114,1704.0,18.86000061,0.3633,17.05023003,SmoothCondition,LowCongestionCondition,EvenPaceStyle
-0.7000122,22.74317932,20.44259059,26.00289837,2.92734146,0.1015,25.88235283,1785.0,18.01000023,0.3398,17.11459541,SmoothCondition,LowCongestionCondition,EvenPaceStyle
-0.6999512,24.31943893,20.52140357,26.23902512,1.57625961,-0.0352,23.13725471,1869.0,17.38999939,0.3437,17.1753273,SmoothCondition,LowCongestionCondition,EvenPaceStyle
-0.8000488,26.12088013,20.60021658,26.75128507,1.8014412,-0.004,14.90196133,1840.0,16.20000076,0.3555,17.23402405,SmoothCondition,LowCongestionCondition,EvenPaceStyle
-1.0,26.57123947,20.6940416,27.34464591,0.45035934,-0.0157,10.58823586,1779.0,17.13999939,0.2851,17.30461502,SmoothCondition,LowCongestionCondition,EvenPaceStyle
-1.2000122,25.67051888,20.7841136,27.7530442,-0.90072059,0.0234,10.1960783,1687.0,17.36000061,0.2617,17.40692711,SmoothCondition,LowCongestionCondition,EvenPaceStyle
-1.0999756,22.51799965,21.03181159,27.17190144,-1.80143928,0.2109,9.8039217,1478.0,14.01000023,0.2305,17.56733704,SmoothCondition,LowCongestionCondition,EvenPaceStyle
-0.7999878,20.94173813,21.11813056,26.69387541,-1.57626152,0.1171,18.4313736,1471.0,16.20000076,0.1758,17.58505821,SmoothCondition,LowCongestionCondition,EvenPaceStyle
-0.8000488,20.49137878,21.17067254,26.45564302,-0.45035935,0.1367,15.68627453,1465.0,15.60000038,0.1953,17.56638908,SmoothCondition,LowCongestionCondition,EvenPaceStyle
-0.1000366,21.1669178,21.1106245,26.27711198,-0.22518158,-0.0977,34.90196228,1562.0,17.02000046,0.2851,17.5255127,SmoothCondition,LowCongestionCondition,EvenPaceStyle
0.1000366,21.61728096,21.06934153,26.12884702,0.45036316,-0.2305,28.23529434,1665.0,19.12000084,0.3711,17.48987007,SmoothCondition,LowCongestionCondition,EvenPaceStyle
0.3999634,23.41871834,21.08060052,26.17478317,1.80143738,-0.4765,20.0,1729.0,19.89999962,0.4023,17.45813942,SmoothCondition,LowCongestionCondition,EvenPaceStyle
-1.1999512,62.60003281,16.23172449,558.0487134,0.90071106,-1.324,14.11764717,2575.0,26.20000076,0.6679,24.43641853,SmoothCondition,LowCongestionCondition,EvenPaceStyle
-0.7000122,58.09643555,18.20580235,607.8481009,-2.25180053,-1.2576,50.98039246,2593.0,42.63000107,0.5,24.32849121,SmoothCondition,LowCongestionCondition,EvenPaceStyle
-1.5999756,59.22233582,19.19284128,629.7540336,1.12590027,-0.996,2.352941275,1954.0,43.36999893,0.5507,24.30052567,SmoothCondition,LowCongestionCondition,EvenPaceStyle
-1.6000366,61.69932175,20.22116331,653.0589311,2.47698593,-1.0389,55.29411697,1991.0,17.47999954,0.5664,24.09579468,SmoothCondition,LowCongestionCondition,EvenPaceStyle
-2.0,62.60003281,21.26449719,675.4616497,0.90071106,-1.0663,69.01960754,2073.0,32.31000137,0.5156,24.04666901,SmoothCondition,LowCongestionCondition,EvenPaceStyle
-2.7000122,64.401474,22.33785509,698.1649395,1.80144119,-0.9764,54.11764908,2118.0,38.54999924,0.457,24.01936722,SmoothCondition,LowCongestionCondition,EvenPaceStyle
-3.2999878,67.1036377,23.45624905,722.401333,2.7021637,-0.7617,6.666666985,2111.0,27.87000084,0.2656,23.92691612,SmoothCondition,LowCongestionCondition,EvenPaceStyle
-2.5,65.07701874,26.77765383,777.1537378,-1.5762558,-0.5039,7.843137264,2011.0,23.09000015,0.1914,23.60033417,SmoothCondition,LowCongestionCondition,EvenPaceStyle
-3.4000244,63.95111847,27.8435058,787.2666412,-1.12590027,-0.4687,0.0,1956.0,23.60000038,0.2539,23.48569107,SmoothCondition,LowCongestionCondition,EvenPaceStyle
-1.1000366,38.95613861,36.62927864,692.4684509,-3.60287857,0.5586,15.68627453,1084.0,10.86999989,-0.1719,22.31211853,SmoothCondition,LowCongestionCondition,EvenPaceStyle
-0.9000244,34.90289688,37.21099358,669.4340916,-4.05324173,0.7148,20.0,916.0,9.369999886,-0.2578,22.2739563,SmoothCondition,LowCongestionCondition,EvenPaceStyle
-0.8000488,28.59786034,37.68762459,646.9916746,-6.30503654,0.6992,23.13725471,897.0,8.880000114,-0.293,22.22751808,SmoothCondition,LowCongestionCondition,EvenPaceStyle
-1.3000488,24.76979828,38.10045456,625.5728182,-3.82806206,0.8242,20.3921566,971.0,9.869999886,-0.3164,22.22212601,SmoothCondition,LowCongestionCondition,AggressiveStyle
-1.2000122,22.51799965,38.47575456,604.9409073,-2.25179863,1.0312,0.0,1129.0,12.43999958,-0.3477,22.29336929,SmoothCondition,LowCongestionCondition,AggressiveStyle
-0.7000122,13.73598003,39.3351915,552.3218445,-3.82805729,1.2538,24.31372643,875.0,8.890000343,-0.4492,22.49215126,SmoothCondition,LowCongestionCondition,AggressiveStyle
-0.8999634,8.782018661,39.48155847,541.8973306,-4.953961369,1.3046,24.70588303,854.0,8.739999771,-0.4297,22.62774277,SmoothCondition,LowCongestionCondition,AggressiveStyle
0.7999878,45.71154022,37.28230101,318.4688763,2.02661896,-0.1875,39.2156868,1478.0,10.97999954,0.2617,18.09617996,SmoothCondition,LowCongestionCondition,EvenPaceStyle
1.2999878,47.28779984,37.94658201,304.6134543,1.57625962,-0.2656,27.05882454,1477.0,15.75,0.2383,18.00661278,SmoothCondition,LowCongestionCondition,EvenPaceStyle
2.1000366,47.06261826,38.60710998,289.7951474,-0.22518158,-0.3711,34.50980377,1470.0,12.38000011,0.332,17.85794067,SmoothCondition,LowCongestionCondition,EvenPaceStyle
2.9000244,45.71154022,39.36896898,264.7974904,-1.35107804,-0.4492,36.07843018,1472.0,15.10999966,0.4102,17.76451111,SmoothCondition,LowCongestionCondition,EvenPaceStyle
3.4000244,45.9367218,40.13458101,238.6627438,0.22518158,-0.5508,47.84313965,1496.0,18.13999939,0.418,17.70725441,SmoothCondition,LowCongestionCondition,EvenPaceStyle
3.5,48.18851852,40.93772298,211.8047624,2.25179672,-0.5625,51.37255096,1528.0,14.81999969,0.4414,17.60390663,SmoothCondition,LowCongestionCondition,EvenPaceStyle
2.9000244,48.86405945,41.75212398,183.7900964,0.67554093,-0.6094,47.84313965,1558.0,14.60999966,0.4023,17.49517059,SmoothCondition,LowCongestionCondition,EvenPaceStyle
2.5999756,49.53959656,42.57778392,154.5782661,0.67553711,-0.6484,38.82352829,1575.0,16.38999939,0.4531,17.41074181,SmoothCondition,LowCongestionCondition,EvenPaceStyle
0.2999878,51.79140091,45.29495586,75.53793484,0.67554092,-0.668,41.5686264,1651.0,14.46000004,0.4453,17.03013229,SmoothCondition,LowCongestionCondition,EvenPaceStyle
-0.0999756,52.24176025,45.8353879,65.05570823,0.45035934,-0.6445,30.58823586,1650.0,11.90999985,0.4141,16.87241936,SmoothCondition,LowCongestionCondition,EvenPaceStyle
-0.4000244,50.66549683,46.66104787,52.7516179,-1.57626342,-0.5117,0.0,1572.0,15.44999981,0.293,16.70908356,SmoothCondition,LowCongestionCondition,EvenPaceStyle
0.2999878,30.39929962,46.83743896,54.03199846,-1.57625961,-0.0195,54.90196228,1336.0,15.44999981,0.0859,16.19538498,SmoothCondition,LowCongestionCondition,EvenPaceStyle
-0.7999878,37.60506058,46.48090401,58.369154,4.50360108,-0.2265,76.47058868,1629.0,23.35000038,0.1562,16.22906494,SmoothCondition,LowCongestionCondition,EvenPaceStyle
-2.4000244,40.53239822,46.289501,58.41225435,2.92733764,-0.4335,80.78431702,1792.0,30.19000053,0.25,16.26306534,SmoothCondition,LowCongestionCondition,EvenPaceStyle
-2.5999756,43.23456192,46.12812201,57.79941243,2.7021637,-0.5429,73.72549438,1992.0,36.41999817,0.3164,16.30204391,SmoothCondition,LowCongestionCondition,EvenPaceStyle
-3.7000122,52.46693802,45.95548401,56.97688512,9.2323761,-0.5975,61.17647171,2307.0,47.0,0.4609,16.39224625,SmoothCondition,LowCongestionCondition,EvenPaceStyle
-3.5,54.94392014,45.97424901,57.29809506,2.47698212,-0.6015,30.58823586,1955.0,19.44000053,0.3789,16.34751701,SmoothCondition,LowCongestionCondition,EvenPaceStyle
-3.9000244,57.42089844,46.01553198,58.15349381,2.4769783,-0.6835,65.88235474,1806.0,28.07999992,0.3711,16.34540367,SmoothCondition,LowCongestionCondition,EvenPaceStyle
-3.5999756,60.79859924,46.09434503,60.06051403,3.3777008,-0.8866,61.56863022,2062.0,37.43999863,0.6054,16.37880325,SmoothCondition,LowCongestionCondition,EvenPaceStyle
-4.0,66.42809296,46.19942894,63.72142845,5.62949372,-1.0077,55.68627548,2121.0,33.45000076,0.6015,16.37818146,SmoothCondition,LowCongestionCondition,AggressiveStyle
-4.2000122,66.87845612,46.31577193,67.77503102,0.45036316,-1.0507,34.11764908,2173.0,27.61000061,0.6992,16.35247231,SmoothCondition,LowCongestionCondition,AggressiveStyle
-4.4000244,69.13024902,46.49966882,74.21040806,2.2517929,-1.2499,31.37254906,2181.0,28.04000092,0.6406,16.32908058,SmoothCondition,LowCongestionCondition,AggressiveStyle
-3.9000244,69.80579376,46.73235474,81.88156791,0.67554474,-1.2889,27.05882454,2198.0,23.01000023,0.6836,16.27722549,SmoothCondition,LowCongestionCondition,AggressiveStyle
-3.5,69.35543823,47.24276263,97.30536459,-0.45035553,-1.2694,13.72549057,2179.0,21.76000023,0.7929,16.15943146,SmoothCondition,LowCongestionCondition,EvenPaceStyle
-4.1999512,68.45471954,47.84699567,112.413514,-0.90071869,-1.3827,25.09803963,2169.0,23.37999916,0.7851,16.06360054,SmoothCondition,LowCongestionCondition,EvenPaceStyle
-3.4000244,67.55399323,48.16975358,118.8880691,-0.90072631,-1.2928,26.27450943,2174.0,22.21999931,0.75,16.01346588,SmoothCondition,LowCongestionCondition,EvenPaceStyle
-1.8999634,68.45471954,48.95788352,131.0798592,0.90072631,-1.0468,28.23529434,2183.0,22.79999924,0.4765,15.91970062,SmoothCondition,LowCongestionCondition,EvenPaceStyle
-2.1999512,68.00435638,49.32567743,136.9362044,-0.45036316,-0.8437,28.62745094,2193.0,22.10000038,0.4141,15.86937904,SmoothCondition,LowCongestionCondition,EvenPaceStyle
-1.7999878,68.22953796,49.76853142,141.7972225,0.22518158,-0.6992,27.84313774,2180.0,18.07999992,0.2852,15.78878784,SmoothCondition,LowCongestionCondition,EvenPaceStyle
-2.5999756,68.22953796,50.80060641,147.1629672,-0.22518158,-0.5781,17.25490189,2123.0,19.75,0.0742,15.68927574,UnevenCondition,LowCongestionCondition,EvenPaceStyle
-2.0999756,66.65327454,51.3110143,147.4590669,-1.57626342,-0.5586,23.92156982,2132.0,28.05999947,0.1641,15.67601585,UnevenCondition,LowCongestionCondition,EvenPaceStyle
-2.2000122,66.87845612,51.82517522,147.3393637,0.22518158,-0.4609,37.64706039,2153.0,24.98999977,0.1484,15.64879799,UnevenCondition,LowCongestionCondition,EvenPaceStyle
-1.7000122,68.00435638,52.33558318,147.9744204,1.12590026,-0.4101,32.54901886,2162.0,27.87000084,0.1055,15.6323185,UnevenCondition,LowCongestionCondition,EvenPaceStyle
-2.0999756,68.67989349,52.83848508,149.0032065,0.67553711,-0.4375,35.29411697,2182.0,28.59000015,0.0195,15.61866188,UnevenCondition,LowCongestionCondition,EvenPaceStyle
-2.4000244,68.22953796,53.30761007,150.0363064,-0.45035553,-0.4219,43.52941132,2211.0,33.38000107,-0.0547,15.61833096,UnevenCondition,LowCongestionCondition,EvenPaceStyle
-2.5,69.13024902,53.76547591,151.766323,0.90071106,-0.3398,34.50980377,2227.0,21.25,0.0234,15.56681347,UnevenCondition,LowCongestionCondition,EvenPaceStyle
-3.0,71.15688324,54.23835398,154.6215057,2.02663422,-0.332,16.86274529,2215.0,21.87999916,-0.0234,15.52009583,UnevenCondition,LowCongestionCondition,EvenPaceStyle
-3.7000122,70.70652008,54.74125601,155.7769742,-0.45036316,-0.2383,25.49019623,2212.0,28.30999947,0.0156,15.50517273,UnevenCondition,LowCongestionCondition,EvenPaceStyle
-2.8000488,69.35543823,55.19161606,156.5813944,-1.35108185,-0.2539,34.50980377,2223.0,28.97999954,0.0664,15.49136543,UnevenCondition,LowCongestionCondition,EvenPaceStyle
-2.7999878,71.6072464,55.65698814,158.6843541,2.25180817,-0.2812,32.54901886,2231.0,27.87000084,0.1484,15.47386074,UnevenCondition,LowCongestionCondition,EvenPaceStyle
-2.6000366,70.03097534,56.06231206,160.3426986,-1.57627106,-0.3164,30.58823586,2237.0,28.12999916,0.082,15.45750904,UnevenCondition,LowCongestionCondition,EvenPaceStyle
-3.0,70.93170166,56.45637709,162.6272655,0.90072632,-0.3008,33.33333206,2250.0,29.29000092,0.1133,15.44527245,UnevenCondition,LowCongestionCondition,EvenPaceStyle
-2.2000122,72.05760193,56.87296015,165.0805371,1.12590027,-0.293,33.72549057,2261.0,28.84000015,0.1445,15.43039036,UnevenCondition,LowCongestionCondition,EvenPaceStyle
-2.0,73.40867615,57.33457909,167.3867589,1.35107422,-0.3242,31.76470566,2254.0,23.12999916,0.1523,15.39198971,UnevenCondition,LowCongestionCondition,EvenPaceStyle
-2.1000366,72.95832062,57.78493907,169.1159234,-0.45035553,-0.2852,21.17647171,2205.0,23.45000076,0.25,15.35739517,UnevenCondition,LowCongestionCondition,EvenPaceStyle
-1.2999878,71.38205719,58.17149804,170.5366804,-1.57626343,-0.2812,5.490196228,2187.0,24.25,0.2851,15.33014488,UnevenCondition,LowCongestionCondition,EvenPaceStyle
-0.5999756,70.03097534,58.52427998,171.3256886,-1.35108185,-0.2539,17.25490189,2145.0,23.60000038,0.2344,15.30190468,UnevenCondition,LowCongestionCondition,EvenPaceStyle
-0.3999634,67.7791748,58.82827295,171.3152451,-2.25180054,-0.2266,0.0,2072.0,22.47999954,0.2891,15.27198982,UnevenCondition,LowCongestionCondition,EvenPaceStyle
-0.2000122,65.52737427,59.09473591,170.541318,-2.25180053,-0.2383,21.17647171,2025.0,25.73999977,0.3789,15.25898743,UnevenCondition,LowCongestionCondition,EvenPaceStyle
-1.9000244,65.52737427,59.98794975,167.4608558,1.5762558,-0.293,33.33333206,2093.0,28.01000023,0.3398,15.23093319,UnevenCondition,LowCongestionCondition,EvenPaceStyle
-1.3999634,67.32881927,60.23940074,167.2929111,1.801445,-0.2852,27.45098114,2118.0,24.94000053,0.3047,15.21145535,UnevenCondition,LowCongestionCondition,EvenPaceStyle
-2.4000244,67.1036377,61.52292665,157.5446306,-0.45035553,0.0039,3.921568632,2124.0,22.43000031,0.418,14.91401958,UnevenCondition,LowCongestionCondition,EvenPaceStyle
-3.5,41.43312073,64.66418737,59.20773192,-14.18633651,1.1676,20.3921566,942.0,8.399999619,-0.5858,14.51594543,UnevenCondition,LowCongestionCondition,EvenPaceStyle
-3.8999634,20.49137878,64.13501434,92.95444327,-11.03382111,1.5385,26.27450943,900.0,8.949999809,-0.7499,14.49196815,UnevenCondition,LowCongestionCondition,EvenPaceStyle
-2.5,9.007200241,63.03163233,165.7988972,-11.48417854,1.7378,29.01960754,851.0,8.449999809,-0.8319,14.55184364,UnevenCondition,LowCongestionCondition,AggressiveStyle
-3.4000244,5.179140091,62.20221933,220.7179517,-3.82806015,1.6167,32.54901886,961.0,10.5,-0.7499,14.59097767,UnevenCondition,LowCongestionCondition,AggressiveStyle
-3.6000366,10.13309956,61.41408935,265.6512275,4.953959469,1.5073,56.47058868,1577.0,21.37000084,-0.6757,14.63874149,UnevenCondition,LowCongestionCondition,AggressiveStyle
-3.0,18.23958015,59.97293739,339.1643101,8.10648059,1.273,75.29412079,1409.0,18.63999939,-0.4843,14.63346291,UnevenCondition,LowCongestionCondition,AggressiveStyle
-1.3999634,26.12088013,58.59183353,385.4496875,7.88129998,1.0581,48.62745285,2200.0,37.66999817,-0.5351,14.65622425,UnevenCondition,LowCongestionCondition,AggressiveStyle
-1.1000366,27.69713783,57.93881156,400.0298204,1.5762577,0.9214,1.568627477,1344.0,18.09000015,-0.5038,14.63197613,UnevenCondition,LowCongestionCondition,AggressiveStyle
0.2999878,38.95613861,56.2837389,414.074751,1.57625961,0.5074,52.94117737,1826.0,27.36000061,-0.1132,14.61151218,UnevenCondition,LowCongestionCondition,AggressiveStyle
-1.0999756,45.26117706,55.37551289,414.5918948,6.30503845,0.441,34.90196228,2024.0,30.43000031,0.0352,14.61860847,UnevenCondition,LowCongestionCondition,AggressiveStyle
-2.0,47.28779984,55.02273089,412.6745753,2.02662278,0.2769,30.98039246,2093.0,31.87999916,0.0782,14.63451004,UnevenCondition,LowCongestionCondition,AggressiveStyle
-2.1999512,49.08923721,54.71498496,410.5134118,1.80143737,-0.055,28.62745094,2156.0,30.12000084,0.0626,14.61491966,UnevenCondition,LowCongestionCondition,AggressiveStyle
-2.4000244,49.76477432,54.41849798,408.0454488,0.67553711,-0.3556,27.05882454,2194.0,26.96999931,0.3203,14.58424568,UnevenCondition,LowCongestionCondition,AggressiveStyle
-2.2000122,52.46693802,53.87056001,401.5219027,1.35107803,-0.9218,22.35294151,2262.0,26.05999947,0.4961,14.49333858,UnevenCondition,LowCongestionCondition,AggressiveStyle
-2.0,51.56622314,53.5928381,398.0388849,-0.90071488,-1.1405,18.4313736,2264.0,23.22999954,0.6172,14.4550724,UnevenCondition,LowCongestionCondition,AggressiveStyle
-1.7999878,49.76477432,53.0036171,390.6290858,-1.80144882,-1.1757,20.0,2192.0,20.62000084,0.7148,14.38475323,UnevenCondition,LowCongestionCondition,EvenPaceStyle
-0.0999756,50.44031906,52.73340117,387.508346,0.67554474,-1.0819,48.23529434,1706.0,21.72999954,0.6836,14.34046459,UnevenCondition,LowCongestionCondition,EvenPaceStyle
0.6000366,50.89067459,52.46693815,384.1024631,0.45035553,-1.0038,45.88235474,1763.0,24.51000023,0.5859,14.32180882,UnevenCondition,LowCongestionCondition,EvenPaceStyle
0.9000244,57.19572067,52.0541083,375.847124,2.47698211,-0.7265,43.52941132,1857.0,26.07999992,0.4101,14.2833128,UnevenCondition,LowCongestionCondition,EvenPaceStyle
0.4000244,59.22233582,51.90398827,372.2604596,2.02661515,-0.5859,22.74509811,1877.0,24.65999985,0.3867,14.25415611,UnevenCondition,LowCongestionCondition,EvenPaceStyle
-0.0999756,58.99715805,51.53619429,362.5712545,-0.22517777,-0.4219,15.29411793,1879.0,19.85000038,0.3281,14.15362835,UnevenCondition,LowCongestionCondition,EvenPaceStyle
-0.5,59.89787674,51.19467125,353.1491412,0.22517777,-0.3437,25.49019623,1844.0,21.55999947,0.0117,14.07061291,UnevenCondition,LowCongestionCondition,EvenPaceStyle
-0.9000244,58.54679871,50.97699712,346.9548638,-1.35107803,-0.2539,20.7843132,1847.0,17.06999969,-0.0468,14.01299953,UnevenCondition,LowCongestionCondition,EvenPaceStyle
-1.2000122,57.87125778,50.77433516,341.565244,-0.67554093,-0.2187,0.0,1823.0,18.56999969,-0.0976,13.9662075,UnevenCondition,LowCongestionCondition,EvenPaceStyle
-2.3000488,57.19572067,50.30896308,328.3331993,-0.67553711,-0.0937,21.17647171,1795.0,17.12000084,-0.0898,13.86963558,UnevenCondition,LowCongestionCondition,EvenPaceStyle
-3.4000244,52.01657867,49.2243461,297.8183248,-1.57625962,0.0117,0.392156869,1728.0,16.62000084,-0.082,13.73264217,UnevenCondition,LowCongestionCondition,EvenPaceStyle
-3.3999634,53.59283829,48.98790716,292.2496444,1.57625962,0.0469,0.0,1686.0,17.03000069,-0.1758,13.63593006,UnevenCondition,LowCongestionCondition,EvenPaceStyle
-2.2000122,44.58563995,47.80195942,270.9164475,-4.2784195,0.2734,21.96078491,1428.0,16.04000092,-0.1758,13.49506378,SmoothCondition,LowCongestionCondition,EvenPaceStyle
-1.1000366,45.48635864,47.43791841,264.4098746,0.90071869,0.2227,56.47058868,1454.0,17.92000008,-0.1367,13.40942669,SmoothCondition,LowCongestionCondition,EvenPaceStyle
-0.6000366,47.96333694,46.45087954,243.751771,0.90071868,-0.0195,60.7843132,1647.0,23.48999977,-0.1484,13.26433659,SmoothCondition,LowCongestionCondition,EvenPaceStyle
-1.7000122,54.49356079,45.9967666,230.7929867,2.02662277,-0.0898,56.86274719,1772.0,26.59000015,0.1523,13.21287346,SmoothCondition,LowCongestionCondition,EvenPaceStyle
-1.9000244,55.39427567,45.83914057,226.2388975,0.90071488,-0.1758,55.68627548,1819.0,28.20000076,0.2148,13.18700886,SmoothCondition,LowCongestionCondition,EvenPaceStyle
-2.5,58.77198029,45.76408062,223.9150156,3.37770462,-0.1914,52.54901886,1872.0,29.21999931,0.2891,13.15897465,SmoothCondition,LowCongestionCondition,EvenPaceStyle
-2.7999878,61.69932175,45.79035168,224.723664,2.92734146,-0.2851,48.62745285,1916.0,29.70000076,0.2461,13.14104271,SmoothCondition,LowCongestionCondition,EvenPaceStyle
-2.5,62.37486267,45.92921282,228.5363181,0.67554092,-0.4062,32.15686417,1956.0,28.46999931,0.2891,13.10325241,SmoothCondition,LowCongestionCondition,EvenPaceStyle
-2.1000366,61.47413635,46.88998089,235.4106853,-0.90072632,-0.375,0.0,1966.0,23.78000069,0.2344,13.02858257,SmoothCondition,LowCongestionCondition,EvenPaceStyle
3.7999878,74.98493958,28.76674401,765.8735449,-1.12590026,-0.7851,20.3921566,2363.0,33.65999985,0.668,19.61308479,SmoothCondition,LowCongestionCondition,EvenPaceStyle
3.1000366,74.759758,29.87763198,793.2373836,-0.22518158,-0.6757,30.19607925,2375.0,33.86000061,0.6289,19.56151009,SmoothCondition,LowCongestionCondition,EvenPaceStyle
2.2000122,75.21012115,30.98476702,819.2791598,0.45036315,-0.582,21.56862831,2362.0,26.34000015,0.6172,19.47073174,SmoothCondition,LowCongestionCondition,EvenPaceStyle
2.0,75.88565826,32.10316102,843.8228834,0.67553711,-0.5039,1.568627477,2323.0,24.57999992,0.5469,19.37141609,SmoothCondition,LowCongestionCondition,EvenPaceStyle
0.2000122,74.98493958,33.16901302,866.3104654,-0.90071868,-0.4883,11.37254906,2278.0,25.84000015,0.4766,19.2883606,SmoothCondition,LowCongestionCondition,EvenPaceStyle
0.7000122,73.40867615,34.23486497,883.0703814,-1.57626343,-0.3984,14.11764717,2261.0,25.12000084,0.4492,19.2053051,SmoothCondition,LowCongestionCondition,EvenPaceStyle
0.2999878,71.83242035,35.37577697,889.5671732,-1.5762558,-0.414,11.37254906,2234.0,23.84000015,0.3984,19.11596107,SmoothCondition,LowCongestionCondition,EvenPaceStyle
-0.2000122,70.48134613,36.49417108,891.8294736,-1.35107422,-0.3398,17.64705849,2213.0,29.51000023,0.3867,19.06159782,SmoothCondition,LowCongestionCondition,EvenPaceStyle
-0.0999756,72.05760193,38.86982021,881.9585263,1.5762558,-0.2851,47.45098114,2267.0,37.88999939,0.3594,18.99279213,SmoothCondition,LowCongestionCondition,EvenPaceStyle
0.2999878,71.38205719,39.95819017,880.446511,-0.67554474,-0.2539,56.07843399,2311.0,38.34999847,0.3906,18.97719574,SmoothCondition,LowCongestionCondition,EvenPaceStyle
-0.1000366,72.73314667,41.07283129,877.6770677,1.35108948,-0.2383,26.66666794,2316.0,32.34000015,0.3164,18.9196701,SmoothCondition,LowCongestionCondition,EvenPaceStyle
-0.2000122,73.85903931,42.18371928,875.20101,1.12589264,-0.2344,29.80392265,2327.0,37.91999817,0.3594,18.85638046,SmoothCondition,LowCongestionCondition,EvenPaceStyle
0.1000366,73.63385773,43.29085424,869.9825134,-0.22518158,-0.207,46.27450943,2373.0,39.90000153,0.3516,18.77944565,SmoothCondition,LowCongestionCondition,EvenPaceStyle
0.2000122,76.56119537,44.43551916,866.1598625,2.92733764,-0.2656,58.03921509,2448.0,40.59999847,0.3633,18.68889427,SmoothCondition,LowCongestionCondition,EvenPaceStyle
0.6000366,77.23674011,46.75862609,849.4151115,0.67554474,-0.293,11.37254906,2438.0,30.04000092,0.2109,18.49173927,SmoothCondition,LowCongestionCondition,EvenPaceStyle
1.7000122,76.33602142,47.94082111,833.8352572,-0.90071869,-0.2266,5.490196228,2391.0,26.56999969,0.2539,18.39519119,SmoothCondition,LowCongestionCondition,EvenPaceStyle
2.2999878,75.66047668,50.37276508,786.1571508,-0.67554474,-0.2656,0.0,2268.0,25.22999954,0.1289,18.18960953,SmoothCondition,LowCongestionCondition,EvenPaceStyle
3.5,73.63385773,51.59999604,750.7893071,-2.02661895,-0.2187,12.15686321,2223.0,26.12999916,0.1133,18.10792351,SmoothCondition,LowCongestionCondition,EvenPaceStyle
3.0,71.15688324,52.7859441,710.7134406,-2.47697449,-0.1641,16.86274529,2189.0,22.87000084,0.0703,18.03552628,SmoothCondition,LowCongestionCondition,EvenPaceStyle
3.1999512,68.90507507,53.93436201,666.5496892,-2.25180817,-0.1055,0.0,2115.0,23.71999931,0.0039,17.97176552,SmoothCondition,LowCongestionCondition,EvenPaceStyle
1.5,64.401474,56.14112585,568.2023327,-3.60288238,-0.1289,5.490196228,1923.0,24.95000076,0.0,17.84666252,SmoothCondition,LowCongestionCondition,EvenPaceStyle
1.7999878,61.24895477,57.16194177,514.1640275,-3.15251923,-0.1758,54.50980377,1971.0,32.34000015,0.082,17.82050705,SmoothCondition,LowCongestionCondition,EvenPaceStyle
0.2999878,60.79859924,58.17525175,457.9628387,-0.45035553,-0.1719,53.33333588,1997.0,24.42000008,0.0859,17.76935577,SmoothCondition,LowCongestionCondition,EvenPaceStyle
0.2000122,63.05039978,59.09098376,415.0233679,2.25180054,-0.1836,1.568627477,1980.0,24.65999985,0.0586,17.71695518,SmoothCondition,LowCongestionCondition,EvenPaceStyle
-0.3999634,61.92449951,59.91664376,377.4923104,-1.12590027,-0.0664,17.64705849,1932.0,20.32999992,0.0859,17.64955902,SmoothCondition,LowCongestionCondition,EvenPaceStyle
-2.0,59.44752121,60.65973778,342.5288704,-2.4769783,0.0273,0.0,1875.0,19.82999992,0.043,17.60410881,SmoothCondition,LowCongestionCondition,EvenPaceStyle
-1.5,57.42089844,61.8682038,290.957456,-2.02662277,-0.0508,33.33333206,1808.0,24.10000038,-0.0039,17.55086136,SmoothCondition,LowCongestionCondition,EvenPaceStyle
-1.2000122,56.97053528,62.36735274,270.5295288,-0.45036316,-0.0547,48.62745285,1856.0,27.62999916,-0.0391,17.52801132,SmoothCondition,LowCongestionCondition,EvenPaceStyle
-1.7999878,59.67269897,63.4857467,223.1957051,1.57626342,0.0625,0.0,1870.0,22.03000069,-0.0508,17.46381378,SmoothCondition,LowCongestionCondition,EvenPaceStyle
-1.4000244,58.32162094,64.66794173,168.355198,-1.35107803,0.043,26.27450943,1850.0,24.46999931,0.1055,17.43361282,SmoothCondition,LowCongestionCondition,EvenPaceStyle
-1.5,59.22233582,66.47688789,91.67666797,0.90071488,-0.0703,18.4313736,1876.0,19.78000069,0.2305,17.3507576,SmoothCondition,LowCongestionCondition,EvenPaceStyle
-1.2999878,58.32162094,67.10363903,69.60992797,-1.12590027,-0.0195,0.0,1740.0,17.14999962,0.2617,17.2370491,SmoothCondition,LowCongestionCondition,EvenPaceStyle
-0.2999878,53.81801987,67.32881896,62.1673162,-2.70215606,-0.0469,21.56862831,1646.0,19.95000076,0.3242,17.20773888,SmoothCondition,LowCongestionCondition,EvenPaceStyle
1.0,52.24176025,67.33257198,62.05127878,-1.57625962,-0.0352,24.70588303,1653.0,20.88999939,0.2656,17.21820259,SmoothCondition,LowCongestionCondition,EvenPaceStyle
2.0,52.6921196,67.18995806,65.68079739,0.45035935,-0.1016,41.96078491,1696.0,23.29999924,0.3711,17.25688171,SmoothCondition,LowCongestionCondition,EvenPaceStyle
2.2999878,53.14247894,67.0586031,68.36341829,0.45035934,-0.1719,45.49019623,1740.0,25.09000015,0.332,17.28214073,SmoothCondition,LowCongestionCondition,EvenPaceStyle
2.8000488,54.26837921,66.90473003,70.89750279,1.12590027,-0.1992,49.80392075,1780.0,26.80999947,0.3984,17.31700897,SmoothCondition,LowCongestionCondition,EvenPaceStyle
3.0,55.39427567,66.71332703,73.10583775,1.12589646,-0.2422,48.23529434,1819.0,27.55999947,0.418,17.35229683,SmoothCondition,LowCongestionCondition,EvenPaceStyle
3.2000122,56.52017593,66.48814704,74.62873906,1.12590026,-0.2187,45.09804153,1864.0,29.25,0.4219,17.39343262,SmoothCondition,LowCongestionCondition,EvenPaceStyle
2.1000366,58.09643555,66.25921396,75.28492453,1.57625962,-0.2422,45.88235474,1912.0,30.13999939,0.3984,17.43583107,SmoothCondition,LowCongestionCondition,EvenPaceStyle
1.2999878,59.67269897,66.00776297,74.73118343,1.57626342,-0.2812,52.94117737,1959.0,34.08000183,0.4531,17.48861504,SmoothCondition,LowCongestionCondition,EvenPaceStyle
0.3000488,60.79859924,65.76006501,73.54947577,1.12590027,-0.3906,69.41176605,2049.0,39.59000015,0.4883,17.55031204,SmoothCondition,LowCongestionCondition,EvenPaceStyle
-1.4000244,66.42809296,65.36224696,69.37937877,3.15251541,-0.3711,15.29411793,2062.0,23.13999939,0.4687,17.57915115,SmoothCondition,LowCongestionCondition,EvenPaceStyle
-1.7999878,64.62665558,64.81806183,63.29458278,-0.67554474,-0.3789,23.92156982,2026.0,25.04000092,0.3867,17.63439751,SmoothCondition,LowCongestionCondition,EvenPaceStyle
-1.6000366,64.17630005,64.63791784,61.51660555,-0.45035553,-0.3867,19.2156868,2025.0,21.44000053,0.3984,17.6189518,SmoothCondition,LowCongestionCondition,EvenPaceStyle
0.5,63.27557755,63.87981186,53.39516013,-0.45036315,-0.5117,25.09803963,1996.0,26.18000031,0.418,17.52389526,SmoothCondition,LowCongestionCondition,EvenPaceStyle
0.9000244,62.8252182,63.70342089,51.84339889,-0.45035935,-0.457,0.0,1950.0,21.11000061,0.3633,17.44778442,SmoothCondition,LowCongestionCondition,EvenPaceStyle
0.0,0.0,3.903119876,47.36917127,0.0,0.7578,27.45098114,796.0,6.539999962,-0.1367,20.71853638,SmoothCondition,HighCongestionCondition,EvenPaceStyle
1.40002441,7.430940151,3.422735903,46.77811674,7.430940151,-0.1914,49.80392075,1032.0,11.53999996,0.3437,21.17804718,SmoothCondition,HighCongestionCondition,EvenPaceStyle
1.5,10.80864048,3.602879911,47.47115663,3.377700329,-0.2734,38.03921509,1554.0,13.14000034,0.3789,21.26729012,SmoothCondition,HighCongestionCondition,EvenPaceStyle
1.59997559,13.51079941,3.828059902,48.86342381,2.70215893,-0.3164,26.66666794,1938.0,14.23999977,0.3984,21.35797501,SmoothCondition,HighCongestionCondition,EvenPaceStyle
1.5,15.08705902,3.933143892,50.7807418,0.67553902,-0.2109,12.94117641,2239.0,17.26000023,0.3164,21.5653019,SmoothCondition,HighCongestionCondition,AggressiveStyle
0.79998779,16.21295929,3.745493879,44.93407835,0.22517967,-0.2851,0.0,2333.0,17.79000092,0.3125,21.72133446,SmoothCondition,HighCongestionCondition,AggressiveStyle
-1.59997559,8.556839943,3.385205911,35.7623036,-4.728779797,-0.0781,34.11764908,1339.0,10.89000034,0.2109,21.70493317,SmoothCondition,HighCongestionCondition,AggressiveStyle
-2.19995118,5.179140091,3.18254392,32.47500592,-3.377699852,-0.0742,23.13725471,831.0,5.050000191,0.2031,21.7411232,SmoothCondition,HighCongestionCondition,AggressiveStyle
-2.69995118,4.503600121,3.006152938,30.07095309,-0.67553997,-0.1211,28.23529434,847.0,7.840000153,0.2148,21.81072617,SmoothCondition,HighCongestionCondition,AggressiveStyle
-2.79998779,5.40432024,2.908574945,29.00435033,0.900720119,-0.1289,31.37254906,824.0,6.329999924,0.2344,21.87493706,SmoothCondition,HighCongestionCondition,AggressiveStyle
-3.10003662,6.755399704,2.904821942,28.9741129,1.351079464,-0.1719,30.19607925,959.0,10.39999962,0.2266,21.9550972,SmoothCondition,HighCongestionCondition,AggressiveStyle
-3.09997559,8.556839943,2.979881944,29.48747567,1.801440239,-0.1914,21.96078491,1231.0,8.659999847,0.2461,22.00402832,SmoothCondition,HighCongestionCondition,AggressiveStyle
-3.0,9.457559586,3.122495937,30.10471411,0.900719643,-0.25,23.13725471,1372.0,9.270000458,0.2852,22.05051422,SmoothCondition,HighCongestionCondition,AggressiveStyle
-2.39996338,11.70935917,3.317651924,31.15046136,2.251799584,-0.1953,12.94117641,1602.0,11.44999981,0.2695,22.09230232,SmoothCondition,HighCongestionCondition,AggressiveStyle
-2.29998779,10.5834589,3.494042905,31.82704289,-1.12590027,-0.1563,14.50980377,1661.0,10.84000015,0.2422,22.16324043,SmoothCondition,HighCongestionCondition,AggressiveStyle
-0.90002441,11.93453979,3.884354909,33.54783961,0.45035934,0.082,5.882352829,1737.0,10.56999969,0.1133,22.34854698,SmoothCondition,HighCongestionCondition,AggressiveStyle
-0.2000122,13.06044006,4.10202891,34.6710499,1.12590027,0.2187,5.490196228,1622.0,15.23999977,0.0781,22.45941353,SmoothCondition,HighCongestionCondition,AggressiveStyle
0.09997558,9.90791893,4.267160892,34.92944996,-3.15252113,0.3515,1.960784316,1436.0,9.460000038,0.0234,22.55870056,SmoothCondition,HighCongestionCondition,AggressiveStyle
0.60003662,9.457559586,4.424786886,35.05217571,-0.450359344,0.4062,6.666666985,1198.0,10.03999996,0.0117,22.68567276,SmoothCondition,HighCongestionCondition,AggressiveStyle
0.2999878,5.854679585,4.522364879,34.74530395,-3.602880001,0.5039,21.96078491,813.0,4.489999771,-0.043,22.76362801,SmoothCondition,HighCongestionCondition,AggressiveStyle
0.29998779,3.152519941,4.574906878,34.42766076,-2.702159644,0.5234,22.35294151,839.0,7.0,-0.0586,22.90774727,SmoothCondition,HighCongestionCondition,AggressiveStyle
-1.89996338,24.31943893,3.854330941,52.20502449,-1.57626152,-0.832,0.0,1617.0,17.04999924,0.6094,24.84032822,SmoothCondition,LowCongestionCondition,EvenPaceStyle
-2.10003662,20.71656036,4.563647957,61.493296,-1.12590027,-0.8086,22.74509811,1499.0,15.67000008,0.5859,24.79224014,SmoothCondition,LowCongestionCondition,EvenPaceStyle
-1.7999878,21.61728096,4.923935973,65.9375514,0.9007206,-0.6797,21.56862831,1490.0,10.89000034,0.4961,24.70792961,SmoothCondition,LowCongestionCondition,EvenPaceStyle
-1.79998779,20.71656036,5.269211979,69.63261764,-0.9007206,-0.6367,0.0,1423.0,12.26000023,0.3437,24.65397644,SmoothCondition,LowCongestionCondition,EvenPaceStyle
-0.20001221,15.53741932,6.462665975,77.29369758,-1.80144024,-0.2851,20.0,1006.0,5.650000095,0.2773,24.32415009,SmoothCondition,LowCongestionCondition,EvenPaceStyle
0.19995118,14.18633938,6.699104964,77.54005141,-1.35107994,-0.3398,28.23529434,1040.0,6.679999828,0.3164,24.24439812,SmoothCondition,LowCongestionCondition,EvenPaceStyle
0.2999878,14.63669968,6.943049959,77.78677773,0.4503603,-0.2148,20.3921566,1061.0,7.0,0.2969,24.22277069,SmoothCondition,LowCongestionCondition,EvenPaceStyle
0.2999878,14.8618803,7.434692959,77.97297204,0.22518062,-0.1484,27.84313774,1121.0,6.610000134,0.2266,24.18908119,SmoothCondition,LowCongestionCondition,EvenPaceStyle
0.59997559,16.21295929,7.704908947,78.26792627,1.35107899,-0.168,34.11764908,1224.0,6.739999771,0.2227,24.13792038,SmoothCondition,LowCongestionCondition,EvenPaceStyle
0.59997558,20.49137878,8.046431927,79.91419596,4.27841949,-0.332,48.62745285,1434.0,12.51000023,0.1055,24.17863655,SmoothCondition,LowCongestionCondition,EvenPaceStyle
0.79998779,21.61728096,8.406719943,81.80630494,1.12590218,-0.3086,32.94117737,1604.0,12.63000011,0.1406,24.25289536,SmoothCondition,LowCongestionCondition,EvenPaceStyle
0.90002442,23.64389992,8.800784941,84.38565206,2.02661896,-0.2578,25.49019623,1686.0,11.18000031,0.0703,24.28606606,SmoothCondition,LowCongestionCondition,EvenPaceStyle
1.0,22.74317932,9.17983793,86.22151096,-0.9007206,-0.1445,23.92156982,1778.0,10.84000015,0.0859,24.27707672,SmoothCondition,LowCongestionCondition,EvenPaceStyle
0.90002441,23.64389992,9.573902929,88.18121319,0.9007206,-0.1836,23.52941132,1815.0,11.52000046,0.0391,24.28544617,SmoothCondition,LowCongestionCondition,EvenPaceStyle
0.7000122,28.59786034,10.86118193,95.3554725,3.60288048,-0.3515,17.25490189,2036.0,13.81000042,0.2383,24.35256004,SmoothCondition,LowCongestionCondition,EvenPaceStyle
1.0,29.27339935,11.34907192,98.8599179,0.67553901,-0.2968,14.50980377,2064.0,14.68000031,0.2344,24.39992714,SmoothCondition,LowCongestionCondition,EvenPaceStyle
0.70001221,28.14749908,11.8181969,101.2358675,-1.12590027,-0.2539,0.784313738,1905.0,14.22000027,0.2734,24.42797279,SmoothCondition,LowCongestionCondition,EvenPaceStyle
0.29998779,25.89570045,12.24979191,102.0380687,-2.25179863,-0.2109,8.627450943,1812.0,18.59000015,0.3281,24.49559021,SmoothCondition,LowCongestionCondition,EvenPaceStyle
-1.70001221,27.92231941,14.09251483,108.2140471,0.45035934,-0.3867,8.627450943,1997.0,14.19999981,0.3437,24.63824463,SmoothCondition,LowCongestionCondition,EvenPaceStyle
-1.89996338,26.79641914,14.53912182,107.3805343,-1.12590027,-0.375,9.411765099,1944.0,13.30000019,0.3711,24.63314438,SmoothCondition,LowCongestionCondition,EvenPaceStyle
-2.19995118,25.89570045,14.97071683,105.7942522,-0.90071869,-0.2773,0.0,1860.0,17.38999939,0.3555,24.61918068,SmoothCondition,LowCongestionCondition,EvenPaceStyle
-0.40002442,13.96115971,16.23547778,91.07954807,-2.70215892,0.4492,17.64705849,1002.0,9.899999619,0.2226,24.27049828,SmoothCondition,LowCongestionCondition,EvenPaceStyle
-0.2000122,13.28561974,16.45690478,86.7095333,-0.67553997,0.5508,32.54901886,922.0,6.179999828,0.3515,24.16088104,SmoothCondition,LowCongestionCondition,EvenPaceStyle
0.0,12.15971947,16.65956677,82.39041083,-1.12590027,0.4844,28.62745094,927.0,6.130000114,0.3281,24.06175041,SmoothCondition,LowCongestionCondition,EvenPaceStyle
0.20001221,13.28561974,16.88099376,77.82940335,1.12590027,0.4961,24.31372643,948.0,7.21999979,0.2812,23.99038887,SmoothCondition,LowCongestionCondition,EvenPaceStyle
0.59997559,12.38489914,17.08740875,73.29873365,-0.9007206,0.5351,21.56862831,964.0,5.480000019,0.2187,23.90324402,SmoothCondition,LowCongestionCondition,AggressiveStyle
1.20001221,11.0338192,17.68413571,59.46092928,-1.35107994,0.6953,19.6078434,891.0,5.170000076,0.0781,23.81529617,SmoothCondition,LowCongestionCondition,AggressiveStyle
1.0,8.106479645,17.8192437,55.69665114,-2.927339555,0.5859,26.27450943,1161.0,6.760000229,0.1211,23.85388947,SmoothCondition,LowCongestionCondition,AggressiveStyle
0.89996338,6.305039883,18.0444237,49.03783202,-0.900720119,0.6562,18.8235302,1272.0,7.75,0.0937,23.90505219,SmoothCondition,LowCongestionCondition,AggressiveStyle
1.30004882,4.503600121,18.00689371,49.98405796,-1.801439762,0.7265,2.745098114,983.0,6.809999943,0.1016,23.96936607,SmoothCondition,LowCongestionCondition,AggressiveStyle
1.70001221,1.12590003,17.91306871,52.65937393,-3.377700091,0.8828,21.17647171,842.0,4.800000191,0.0195,24.03094673,SmoothCondition,LowCongestionCondition,AggressiveStyle
-0.35897824593764377,4.503600121,38.811063580731144,171.92088758076872,-0.00018182406055956946,0.0117,24.70588303,802.0,7.510000229,0.0039,16.344780882093918,SmoothCondition,LowCongestionCondition,EvenPaceStyle
-4.2000122,5.854679585,8.59061682,213.8708594,5.854679585,-0.332,34.50980377,896.0,5.5,0.4062,23.00421333,SmoothCondition,LowCongestionCondition,EvenPaceStyle
-4.29998779,6.079859734,8.083961811,200.5340981,0.225180149,-0.2656,24.31372643,882.0,5.090000153,0.3789,23.08465004,SmoothCondition,LowCongestionCondition,EvenPaceStyle
-4.5,0.0,6.256250813,150.4578372,-2.927339792,-0.3281,54.11764908,960.0,6.949999809,0.3984,23.34692764,SmoothCondition,LowCongestionCondition,EvenPaceStyle
-0.2000122,6.755399704,0.43159498,2.247036181,6.755399704,-0.5703,22.35294151,953.0,5.53000021,0.4609,24.40210533,SmoothCondition,LowCongestionCondition,EvenPaceStyle
0.20001221,5.629499912,0.750599968,3.947621849,-1.125899792,-0.5234,28.62745094,847.0,4.659999847,0.4258,24.59266853,SmoothCondition,LowCongestionCondition,EvenPaceStyle
0.2999878,5.40432024,0.840671972,4.296891919,-0.225179672,-0.6562,29.80392265,963.0,4.96999979,0.4375,24.6877079,SmoothCondition,LowCongestionCondition,EvenPaceStyle
0.5,7.881299973,0.972026972,5.10754387,2.476979733,-0.7383,34.90196228,1410.0,10.40999985,0.4727,24.84410667,SmoothCondition,LowCongestionCondition,EvenPaceStyle
0.70001221,10.80864048,1.15217098,6.698510261,2.927340507,-0.7695,30.19607925,1794.0,10.52999973,0.5078,24.97264862,SmoothCondition,LowCongestionCondition,EvenPaceStyle
0.60003662,12.15971947,1.354832971,8.687905394,1.35107899,-0.8711,0.0,1006.0,13.65999985,0.5469,25.09552002,SmoothCondition,LowCongestionCondition,EvenPaceStyle
0.2999878,12.61007977,1.565000967,10.75900324,0.4503603,-0.8554,75.29412079,1226.0,9.899999619,0.5898,25.11977005,SmoothCondition,LowCongestionCondition,EvenPaceStyle
-0.2999878,20.71656036,2.210516981,21.05502121,2.70215988,-0.957,45.88235474,1576.0,12.18999958,0.6133,25.00815582,SmoothCondition,LowCongestionCondition,EvenPaceStyle
-0.80004882,23.19353867,2.597075959,28.2827355,2.47697831,-1.0156,37.64706039,1751.0,14.52999973,0.6445,24.91999054,SmoothCondition,LowCongestionCondition,EvenPaceStyle
-1.29998779,25.22015953,3.017411951,36.66338238,2.02662086,-0.9687,30.98039246,1883.0,14.64999962,0.6953,24.81233597,SmoothCondition,LowCongestionCondition,EvenPaceStyle
-1.59997559,25.89570045,3.449006959,45.19109178,0.67554092,-0.875,0.0,1775.0,15.22999954,0.6484,24.86865044,SmoothCondition,LowCongestionCondition,EvenPaceStyle
-1.0,43.91009903,38.62587544,82.43333443,0.9007225,-0.3984,21.17647171,1911.0,21.62999916,0.3828,18.71906471,SmoothCondition,LowCongestionCondition,EvenPaceStyle
-0.90002441,44.58563995,38.76848949,81.72809218,-0.22518158,-0.2695,18.4313736,1950.0,20.13999939,0.3867,18.68411446,SmoothCondition,LowCongestionCondition,EvenPaceStyle
-0.60003662,43.91009903,38.67841749,80.28288449,-0.67554092,-0.2461,21.96078491,1972.0,21.92000008,0.3789,18.68788147,SmoothCondition,LowCongestionCondition,EvenPaceStyle
-0.40002441,45.9367218,38.59209852,78.54637513,2.02662277,-0.2188,25.88235283,1995.0,23.86000061,0.3398,18.68999481,SmoothCondition,LowCongestionCondition,EvenPaceStyle
-0.39996338,47.06261826,38.44197861,75.43182363,1.12589646,-0.1797,24.70588303,2070.0,25.12000084,0.3789,18.70655823,SmoothCondition,LowCongestionCondition,EvenPaceStyle
-0.59997558,47.5129776,38.42321361,75.06377517,0.45035934,-0.1484,23.92156982,2106.0,23.86000061,0.3594,18.74885941,SmoothCondition,LowCongestionCondition,EvenPaceStyle
-1.5,48.86405945,38.50953258,76.43459952,1.35108185,-0.1875,17.64705849,2104.0,22.47999954,0.375,18.78133202,SmoothCondition,LowCongestionCondition,EvenPaceStyle
-1.89996338,49.08923721,38.68592354,78.30007934,0.22517776,-0.2383,20.3921566,2105.0,25.36000061,0.3164,18.82766914,SmoothCondition,LowCongestionCondition,EvenPaceStyle
-2.0,49.31441879,38.96364552,79.51902931,0.22518158,-0.3555,22.35294151,2137.0,23.37000084,0.2969,18.86554527,SmoothCondition,LowCongestionCondition,EvenPaceStyle
-1.7000122,50.66549683,39.71424545,78.31583533,0.67553711,-0.3555,7.450980663,2145.0,23.37999916,0.3633,18.95514297,SmoothCondition,LowCongestionCondition,EvenPaceStyle
-2.20001221,49.98995972,40.20213544,73.74627714,-0.67553711,-0.3125,12.94117641,2123.0,22.84000015,0.4336,19.00299263,SmoothCondition,LowCongestionCondition,EvenPaceStyle
-2.90002441,49.31441879,40.68627243,68.17896922,-0.67554093,-0.2812,20.3921566,2141.0,22.75,0.4648,19.0397377,SmoothCondition,LowCongestionCondition,EvenPaceStyle
-2.10003662,49.76477432,41.17791535,62.26264781,0.45035553,-0.2656,2.352941275,2113.0,22.98999977,0.3906,19.11343575,SmoothCondition,LowCongestionCondition,EvenPaceStyle
-1.7999878,49.08923721,41.55696831,59.44882079,-0.67553711,-0.1602,0.0,2060.0,22.43000031,0.418,19.1183033,SmoothCondition,LowCongestionCondition,EvenPaceStyle
0.2999878,36.47916031,41.86096128,59.20006082,-2.4769783,0.2187,27.45098114,1554.0,18.69000053,0.2656,19.11354256,SmoothCondition,LowCongestionCondition,EvenPaceStyle
0.60003662,36.70433807,41.72585322,59.48470211,0.22517776,0.2461,28.23529434,1580.0,19.03000069,0.2578,19.04004288,SmoothCondition,LowCongestionCondition,EvenPaceStyle
-0.09997559,37.15470123,41.57948621,59.5165431,0.45036316,0.293,9.019607544,1565.0,17.40999985,0.2539,18.94353294,SmoothCondition,LowCongestionCondition,EvenPaceStyle
-0.7000122,36.92951965,41.41810722,59.42723458,-0.22518158,0.3945,0.0,1495.0,14.40999985,0.2344,18.83277893,SmoothCondition,LowCongestionCondition,EvenPaceStyle
-1.2000122,22.29281998,40.02199116,72.19140382,-4.50359916,1.0468,21.17647171,898.0,8.930000305,-0.1836,18.45521736,SmoothCondition,LowCongestionCondition,EvenPaceStyle
-1.2999878,16.43813896,39.62792616,81.46050967,-5.85468102,1.0898,23.92156982,886.0,8.640000343,-0.2695,18.45912743,SmoothCondition,LowCongestionCondition,AggressiveStyle
-1.20001221,9.90791893,39.12502416,96.17064503,-6.53022003,1.0429,25.09803963,1164.0,12.93999958,-0.207,18.47501373,SmoothCondition,LowCongestionCondition,AggressiveStyle
-1.40002442,8.782018661,38.42696613,124.1486871,0.900718688,0.8866,34.50980377,1951.0,26.76000023,-0.2734,18.53476143,SmoothCondition,LowCongestionCondition,EvenPaceStyle
-1.10003662,11.93453979,38.31062314,129.5779132,3.152521129,0.8398,1.176470637,938.0,5.889999866,-0.1953,18.47400856,SmoothCondition,LowCongestionCondition,EvenPaceStyle
-1.2000122,13.96115971,38.23931613,132.7939221,2.02661992,0.707,41.5686264,1121.0,12.89999962,-0.1719,18.47143745,SmoothCondition,LowCongestionCondition,EvenPaceStyle
-0.5,17.78922081,38.23181014,133.1026268,3.8280611,0.5781,46.27450943,1317.0,15.46000004,-0.0664,18.46686745,SmoothCondition,LowCongestionCondition,EvenPaceStyle
-0.89996338,23.86907959,37.77769707,144.7207973,2.92734146,0.1874,30.19607925,1874.0,21.52000046,0.1016,18.55886078,SmoothCondition,LowCongestionCondition,EvenPaceStyle
-0.5,24.99497986,37.6463421,147.0655211,1.12590027,0.207,24.31372643,2050.0,22.67000008,0.1484,18.56962585,SmoothCondition,LowCongestionCondition,EvenPaceStyle
0.0,28.37267876,37.49997506,148.4972791,3.3776989,0.1913,29.01960754,2202.0,26.97999954,0.1758,18.59397125,SmoothCondition,LowCongestionCondition,EvenPaceStyle
0.70001221,31.52519989,37.40615004,149.091356,3.15252113,0.1562,29.41176605,2368.0,28.04000092,0.1797,18.62439728,SmoothCondition,LowCongestionCondition,AggressiveStyle
1.10003662,32.42591858,37.24852408,149.1467034,0.90071869,0.1093,18.4313736,2446.0,27.95999908,0.1875,18.64713669,SmoothCondition,LowCongestionCondition,AggressiveStyle
0.70001221,34.45253754,36.94453104,148.0304402,0.45035935,-0.0118,16.47058868,2495.0,26.62999916,0.2695,18.66252518,SmoothCondition,LowCongestionCondition,AggressiveStyle
0.90002442,35.12807465,36.78315193,147.011091,0.67553711,-0.1055,0.0,1468.0,29.14999962,0.3164,18.67926025,SmoothCondition,LowCongestionCondition,AggressiveStyle
-0.20001221,36.25397873,36.30652076,143.3818139,1.12590408,-0.7031,21.56862831,1714.0,21.73999977,0.5703,18.65345383,SmoothCondition,LowCongestionCondition,AggressiveStyle
-0.40002441,39.85686111,36.22020186,142.6469354,1.35108184,-0.6719,0.0,1695.0,16.93000031,0.5703,18.60224915,SmoothCondition,LowCongestionCondition,AggressiveStyle
-1.0,39.63167572,36.1751658,142.2430055,-0.67554474,-0.5625,18.8235302,1707.0,18.18000031,0.5703,18.60346985,SmoothCondition,LowCongestionCondition,AggressiveStyle
-1.60003662,40.30722046,36.10385893,141.5139429,0.45035935,-0.4336,17.25490189,1741.0,17.44000053,0.5547,18.56039429,SmoothCondition,LowCongestionCondition,EvenPaceStyle
-0.2000122,38.05541992,35.94623297,139.8970226,-1.35107804,-0.3047,0.0,1744.0,16.73999977,0.4102,18.54535294,SmoothCondition,LowCongestionCondition,EvenPaceStyle
1.70001221,38.28059769,35.73981792,137.6146057,0.22517777,-0.1367,0.0,1661.0,15.97999954,0.332,18.47871399,SmoothCondition,LowCongestionCondition,EvenPaceStyle
2.5,37.379879,35.61596888,136.2499681,-0.90071869,-0.0742,8.235294342,1638.0,16.59000015,0.3281,18.45269012,SmoothCondition,LowCongestionCondition,EvenPaceStyle
2.89996338,37.15470123,35.3832829,133.7581531,-0.22517777,0.1562,0.0,1612.0,15.52000046,0.3398,18.3932991,SmoothCondition,LowCongestionCondition,EvenPaceStyle
2.10003662,31.3000164,34.8203328,127.7121018,-5.62950325,0.4062,8.235294342,1274.0,13.56999969,0.1641,18.3482151,SmoothCondition,LowCongestionCondition,EvenPaceStyle
1.30004882,23.64389992,34.42251484,126.9377606,-7.65611648,0.5625,19.2156868,1101.0,11.30000019,0.0781,18.33542824,SmoothCondition,LowCongestionCondition,EvenPaceStyle
1.40002441,17.33885956,33.89709484,128.0687623,-6.30504036,0.7695,23.52941132,929.0,9.270000458,-0.0039,18.32542229,SmoothCondition,LowCongestionCondition,EvenPaceStyle
0.09997558,12.61007977,33.28910888,131.4612539,-4.72877979,0.9648,24.31372643,894.0,8.569999695,-0.0625,18.34856987,SmoothCondition,LowCongestionCondition,EvenPaceStyle
-0.09997558,18.01440048,11.79192551,324.1472512,5.62950134,-0.5194,76.86274719,1790.0,30.26000023,0.4687,17.69067574,SmoothCondition,LowCongestionCondition,EvenPaceStyle
0.0,23.19353867,12.17848449,323.8418547,5.17913819,-0.7459,59.60784531,2285.0,46.36999893,0.5625,17.75520325,SmoothCondition,LowCongestionCondition,AggressiveStyle
-0.2000122,35.57844162,13.26685452,332.1078001,5.85468102,-0.8592,30.58823586,1709.0,26.31999969,0.6992,17.87830162,SmoothCondition,LowCongestionCondition,AggressiveStyle
0.0,38.50577927,13.90861751,339.5024155,2.92733765,-1.0076,83.92156982,1915.0,34.88000107,0.7578,17.95074463,SmoothCondition,LowCongestionCondition,AggressiveStyle
0.40002442,46.16189957,14.67798251,353.2534191,7.6561203,-1.0779,62.74509811,2098.0,36.36999893,0.7812,18.02293587,SmoothCondition,LowCongestionCondition,AggressiveStyle
-0.60003662,32.65110016,21.20444935,440.7525625,-5.85467911,-0.4843,11.76470566,1145.0,15.17000008,0.5156,18.26885986,SmoothCondition,LowCongestionCondition,AggressiveStyle
-0.7999878,22.9683609,21.49718337,442.550994,-9.68273926,-0.1601,23.52941132,1019.0,11.89999962,0.3711,18.32342911,SmoothCondition,LowCongestionCondition,AggressiveStyle
-1.09997558,20.71656036,21.35832241,441.5753043,-2.25180054,-0.1328,47.45098114,1304.0,15.69999981,0.3203,18.3897686,SmoothCondition,LowCongestionCondition,AggressiveStyle
-0.7999878,20.26619911,21.11062449,438.3194637,-0.45036125,-0.2656,74.11764526,1621.0,23.88999939,0.457,18.45329666,SmoothCondition,LowCongestionCondition,AggressiveStyle
-1.40002441,32.42591858,20.34501252,418.1439653,6.07985878,-0.1406,1.568627477,1658.0,44.61000061,0.3945,18.62086105,SmoothCondition,LowCongestionCondition,AggressiveStyle
-1.7999878,40.98275757,19.87588766,394.1282929,5.17913437,-0.1602,36.86274719,1777.0,26.31999969,0.3555,18.69384766,SmoothCondition,LowCongestionCondition,AggressiveStyle
-1.69995118,42.3338356,19.70700262,384.6447596,1.35107803,-0.1133,30.98039246,1817.0,25.56999969,0.3008,18.76184273,SmoothCondition,LowCongestionCondition,AggressiveStyle
-1.30004882,43.68492126,19.56063568,376.1776717,1.35108566,-0.0625,41.96078491,1905.0,27.60000038,0.2383,18.80164528,SmoothCondition,LowCongestionCondition,AggressiveStyle
-0.7000122,44.81082153,19.3917507,366.6374181,1.12590027,-0.0899,36.86274719,1982.0,30.75,0.2695,18.89330101,SmoothCondition,LowCongestionCondition,AggressiveStyle
0.0,46.61225891,19.89840579,386.0034728,0.67553711,-0.1485,7.058823586,1975.0,24.31999969,0.2344,18.94631767,SmoothCondition,LowCongestionCondition,AggressiveStyle
-0.19995118,45.71154022,20.3037298,397.092109,-0.90071869,-0.1524,18.03921509,1949.0,20.37999916,0.2851,18.97947311,SmoothCondition,LowCongestionCondition,EvenPaceStyle
0.10003662,45.0359993,21.44464181,413.9216987,-0.67554092,-0.5195,14.11764717,1934.0,20.45000076,0.3633,19.02574348,SmoothCondition,LowCongestionCondition,EvenPaceStyle
-0.5,43.91009903,22.74693279,421.2149872,-1.12590027,-0.7108,0.0,1829.0,18.45000076,0.4961,19.09236717,SmoothCondition,LowCongestionCondition,EvenPaceStyle
0.40002441,25.89570045,25.04001576,393.6520617,-6.75539971,-0.0156,20.7843132,924.0,9.680000305,0.1562,19.25027275,SmoothCondition,LowCongestionCondition,EvenPaceStyle
0.5,18.91511917,25.35526775,383.5596708,-6.98058128,0.164,38.03921509,1339.0,9.529999733,0.0703,19.31591034,SmoothCondition,LowCongestionCondition,EvenPaceStyle
0.59997559,18.23958015,25.65926075,373.4274454,-0.67553902,0.2343,50.19607925,1578.0,15.98999977,-0.0039,19.40815544,SmoothCondition,LowCongestionCondition,EvenPaceStyle
0.60003662,26.3460598,26.40235475,351.4884066,8.10647965,0.2929,40.39215851,2096.0,26.48999977,-0.0586,19.5275116,SmoothCondition,LowCongestionCondition,EvenPaceStyle
-0.2999878,32.87627792,28.00863876,315.0994668,1.12589645,0.2382,55.29411697,1573.0,18.46999931,0.0039,19.39700127,SmoothCondition,LowCongestionCondition,EvenPaceStyle
-0.5,37.15470123,28.62788378,302.830971,4.27842331,0.2226,46.27450943,1665.0,20.70000076,-0.0273,19.32964706,SmoothCondition,LowCongestionCondition,EvenPaceStyle
-1.40002441,41.88347626,29.94518674,277.4951856,4.72877503,0.1874,40.39215851,1862.0,25.47999954,-0.0547,19.20900345,SmoothCondition,LowCongestionCondition,EvenPaceStyle
-1.70001221,44.81082153,31.3900917,251.1361418,2.92734527,0.0859,25.88235283,1923.0,27.26000023,-0.0391,19.15733147,SmoothCondition,LowCongestionCondition,EvenPaceStyle
-1.5,45.71154022,32.89879773,221.9492355,0.90071869,0.2187,20.0,1923.0,22.14999962,0.1055,19.03450966,SmoothCondition,LowCongestionCondition,EvenPaceStyle
-2.20001221,45.48635864,33.65690371,205.7057155,-0.22518158,0.1679,0.0,1901.0,19.78000069,0.2031,18.95207214,SmoothCondition,LowCongestionCondition,EvenPaceStyle
-2.5,42.3338356,35.09430262,168.2629339,-1.57626343,-0.0586,3.529411793,1773.0,21.35000038,0.2734,18.91627884,SmoothCondition,LowCongestionCondition,EvenPaceStyle
-2.7999878,41.20793915,35.78110161,147.5420001,-1.12589645,-0.25,17.25490189,1776.0,21.27000046,0.3203,18.89899254,SmoothCondition,LowCongestionCondition,EvenPaceStyle
-1.89996338,41.88347626,37.65009556,92.98420018,0.45035553,-0.4375,20.0,1832.0,20.23999977,0.4609,18.8094883,SmoothCondition,LowCongestionCondition,EvenPaceStyle
-2.0,42.55901718,38.0591725,86.68752821,0.67554092,-0.4531,22.35294151,1869.0,20.56999969,0.457,18.77505302,SmoothCondition,LowCongestionCondition,EvenPaceStyle
-1.90002441,43.00937653,38.38943647,83.2463925,0.45035935,-0.4453,21.96078491,1890.0,20.71999931,0.4062,18.7427063,SmoothCondition,LowCongestionCondition,EvenPaceStyle
-5.90002441,86.69429779,98.67762604,82.4086281,-2.25180054,0.8046,0.0,1666.0,18.37000084,0.1211,7.28861475,SmoothCondition,LowCongestionCondition,EvenPaceStyle
-3.59997558,66.42809296,96.18563398,131.7855316,-5.62950897,1.1523,13.72549057,1339.0,14.27000046,-0.2461,7.333248138,SmoothCondition,LowCongestionCondition,EvenPaceStyle
-3.39996338,60.79859924,95.45379893,151.2340838,-5.62949372,1.2187,7.058823586,934.0,5.53000021,-0.2266,7.292429924,SmoothCondition,LowCongestionCondition,EvenPaceStyle
-3.5,56.52017593,94.61312694,173.9632225,-4.27842331,1.1913,68.62744904,1466.0,13.35000038,-0.168,7.296896935,SmoothCondition,LowCongestionCondition,EvenPaceStyle
-3.0,62.37486267,92.08360513,223.628837,5.85468674,1.0194,56.07843399,1989.0,35.95999908,-0.1641,7.348239422,SmoothCondition,LowCongestionCondition,EvenPaceStyle
-2.60003662,64.401474,91.31048717,230.0790521,2.02661133,1.0155,33.72549057,2057.0,34.02999878,-0.1133,7.366280079,SmoothCondition,LowCongestionCondition,EvenPaceStyle
-2.90002441,66.87845612,90.5711462,232.9092965,2.47698212,0.8593,34.11764908,2098.0,26.80999947,-0.2461,7.380433559,SmoothCondition,LowCongestionCondition,EvenPaceStyle
-2.59997558,67.7791748,89.85807616,234.4224578,0.90071868,0.8202,41.17647171,2130.0,27.34000015,-0.2383,7.405928612,SmoothCondition,LowCongestionCondition,EvenPaceStyle
-2.5,69.13024902,89.13374704,232.412686,1.35107422,0.6874,41.5686264,2176.0,22.95999908,-0.2891,7.438429832,SmoothCondition,LowCongestionCondition,EvenPaceStyle
-2.0,70.25614929,88.41692384,228.0599756,1.12590027,0.6601,0.0,2211.0,23.15999985,-0.2344,7.471317768,SmoothCondition,LowCongestionCondition,EvenPaceStyle
-2.20001221,68.90507507,86.93073571,216.0376617,-0.90071869,0.5546,9.019607544,2173.0,16.56999969,-0.0937,7.501562119,SmoothCondition,LowCongestionCondition,EvenPaceStyle
-2.29998779,68.22953796,86.16512381,208.7968439,-0.67553711,0.4374,11.76470566,2149.0,15.46000004,-0.0508,7.508391857,SmoothCondition,LowCongestionCondition,EvenPaceStyle
-1.40002442,67.55399323,85.39575875,201.2004667,-0.67554473,0.371,20.0,2131.0,15.72000027,0.0352,7.506280422,SmoothCondition,LowCongestionCondition,EvenPaceStyle
-1.29998779,67.1036377,84.63389975,193.538626,-0.45035553,0.2421,21.17647171,2117.0,18.09000015,0.0508,7.522593498,SmoothCondition,LowCongestionCondition,EvenPaceStyle
-1.20001221,67.32881927,83.90581773,186.2803821,0.22518157,0.1953,12.15686321,2121.0,15.60000038,0.0781,7.523950577,SmoothCondition,LowCongestionCondition,EvenPaceStyle
-0.5,37.379879,77.91227697,233.507293,-7.6561203,0.9528,14.90196133,1057.0,5.860000134,0.1211,7.635016441,SmoothCondition,LowCongestionCondition,EvenPaceStyle
-0.39996338,30.62447739,77.00029799,269.6261878,-6.75540161,1.1637,20.3921566,919.0,5.5,-0.0586,7.608394146,SmoothCondition,LowCongestionCondition,EvenPaceStyle
-0.7000122,9.682740211,72.37660206,480.9411789,-6.079859739,1.5582,41.5686264,902.0,5.579999924,-0.2578,7.645873547,SmoothCondition,LowCongestionCondition,AggressiveStyle
-1.0,11.48418045,69.66693621,593.1971046,2.927340507,1.3941,18.8235302,1738.0,15.02000046,-0.1758,7.710942268,SmoothCondition,LowCongestionCondition,AggressiveStyle
-0.7999878,14.63669968,68.39091622,635.0115276,3.15251923,1.2613,56.86274719,1622.0,11.73999977,-0.1797,7.741758823,SmoothCondition,LowCongestionCondition,AggressiveStyle
-0.7000122,17.56403732,65.87640603,698.5046326,1.12589836,1.3082,0.0,1251.0,12.39000034,-0.2109,7.830943108,SmoothCondition,LowCongestionCondition,AggressiveStyle
-0.5,16.88849831,64.59663312,724.4163478,-0.67553901,1.5308,11.37254906,1183.0,10.64999962,-0.3359,7.879750252,SmoothCondition,LowCongestionCondition,AggressiveStyle
-0.09997559,13.73598003,63.24930612,751.1816053,-3.15251828,1.5386,21.96078491,898.0,5.110000134,-0.3281,7.919256687,SmoothCondition,LowCongestionCondition,AggressiveStyle
0.0,8.331659317,61.80815422,783.3144477,-5.404320713,1.4292,23.92156982,887.0,5.5,-0.25,7.950967312,SmoothCondition,LowCongestionCondition,EvenPaceStyle
0.30004882,8.106479645,60.35949629,811.3573453,-0.225179672,1.2886,23.13725471,1114.0,7.579999924,-0.2265,7.998027325,SmoothCondition,LowCongestionCondition,EvenPaceStyle
0.70001221,8.782018661,57.50721641,856.0554267,0.675539016,1.1402,20.3921566,858.0,5.309999943,-0.1992,8.096167564,SmoothCondition,LowCongestionCondition,EvenPaceStyle
1.0,9.007200241,56.11485352,873.1402808,0.22518158,0.9488,26.66666794,898.0,5.230000019,-0.0976,8.140381813,SmoothCondition,LowCongestionCondition,EvenPaceStyle
0.89996338,15.53741932,52.08413172,888.8376651,3.37769985,-0.0118,29.01960754,2033.0,16.44000053,0.0391,8.303206444,SmoothCondition,LowCongestionCondition,EvenPaceStyle
0.59997559,17.11367989,50.84188881,881.4651677,1.57626057,-0.2774,55.29411697,1302.0,15.90999985,0.2617,8.347267151,SmoothCondition,LowCongestionCondition,EvenPaceStyle
0.5,21.39209938,49.66344684,865.9032847,4.27841949,-0.3672,46.27450943,1556.0,17.23999977,0.3711,8.388053894,SmoothCondition,LowCongestionCondition,EvenPaceStyle
0.19995118,20.49137878,48.46999286,848.3576219,-0.9007206,-0.5664,3.529411793,1542.0,12.02000046,0.4531,8.422800064,SmoothCondition,LowCongestionCondition,EvenPaceStyle
-0.09997559,21.1669178,47.26903286,825.5771492,0.67553902,-0.6133,28.62745094,1579.0,11.22000027,0.4687,8.454871178,SmoothCondition,LowCongestionCondition,EvenPaceStyle
0.0,22.29281998,46.09059079,799.2928496,1.12590218,-0.4102,0.0,1681.0,12.60000038,0.418,8.484921455,SmoothCondition,LowCongestionCondition,EvenPaceStyle
-1.0,16.21295929,42.48771095,721.9016938,-2.47698021,-0.0391,38.4313736,1276.0,13.47999954,0.293,8.566544533,SmoothCondition,LowCongestionCondition,EvenPaceStyle
-0.89996338,20.26619911,41.34304597,692.3559032,4.05323982,-0.0664,46.27450943,1314.0,10.39999962,0.3398,8.609162331,SmoothCondition,LowCongestionCondition,EvenPaceStyle
-0.7999878,19.5906601,40.224652,664.2437328,-0.67553901,-0.2383,49.80392075,1473.0,15.52999973,0.4375,8.652720451,SmoothCondition,LowCongestionCondition,EvenPaceStyle
-0.89996338,23.64389992,39.24136613,637.4260932,4.05323982,-0.6171,37.64706039,1728.0,17.21999931,0.5273,8.676448822,SmoothCondition,LowCongestionCondition,EvenPaceStyle
-0.5,30.84966087,37.59004622,585.5581177,3.60288047,-0.7616,49.80392075,2212.0,28.45000076,0.625,8.73603344,SmoothCondition,LowCongestionCondition,EvenPaceStyle
-0.29998779,34.22735977,36.25022516,539.2396565,0.9007225,-0.8515,2.352941275,1759.0,19.07999992,0.625,8.804933548,SmoothCondition,LowCongestionCondition,AggressiveStyle
0.0,36.70433807,35.75482925,523.557919,2.4769783,-1.0038,70.58823395,1598.0,22.89999962,0.664,8.828911781,SmoothCondition,LowCongestionCondition,EvenPaceStyle
0.10003662,39.63167572,35.40204719,513.0557531,2.92733765,-0.8241,57.25490189,1742.0,25.52000046,0.6211,8.856892586,SmoothCondition,LowCongestionCondition,EvenPaceStyle
0.09997559,40.08203888,35.12807824,505.7917433,0.45036316,-0.6796,0.784313738,1718.0,19.72999954,0.4805,8.884151459,SmoothCondition,LowCongestionCondition,EvenPaceStyle
0.0,37.83023834,34.81657928,498.0605218,-2.25180054,-0.4648,0.0,1600.0,17.06999969,0.3906,8.91151619,SmoothCondition,LowCongestionCondition,EvenPaceStyle
0.2000122,37.15470123,34.49382137,490.063409,-0.67553711,-0.2226,18.03921509,1388.0,12.67000008,0.2539,8.931451797,SmoothCondition,LowCongestionCondition,EvenPaceStyle
0.10003662,32.65110016,33.99842533,476.6959196,-4.50360107,-0.0312,21.96078491,937.0,5.139999866,0.1328,8.934916496,SmoothCondition,LowCongestionCondition,EvenPaceStyle
-0.09997559,25.4453373,33.34915638,461.8402744,-7.20576286,-0.0703,23.13725471,893.0,7.409999847,0.1055,8.973432541,SmoothCondition,LowCongestionCondition,EvenPaceStyle
0.09997559,0.0,26.51869703,337.5223033,-1.35108006,-0.1367,63.52941132,1080.0,8.079999924,0.0234,9.106334686,SmoothCondition,LowCongestionCondition,AggressiveStyle
0.40002441,24.09425926,23.1259852,221.8179072,6.07985878,-0.0976,58.8235321,1674.0,26.76000023,0.1992,9.273469925,SmoothCondition,LowCongestionCondition,AggressiveStyle
0.29998779,30.84966087,21.99633229,166.3991255,2.25180053,-0.1015,72.94117737,1974.0,21.29999924,0.3554,9.34280777,SmoothCondition,LowCongestionCondition,AggressiveStyle
0.0,33.55181885,21.58725535,146.4037218,2.70215798,-0.0859,77.2549057,1454.0,19.37000084,0.4062,9.372823715,SmoothCondition,LowCongestionCondition,AggressiveStyle
0.29998779,40.98275757,21.14064833,123.9566328,3.37769699,-0.3828,58.8235321,1763.0,26.78000069,0.5273,9.458827019,SmoothCondition,LowCongestionCondition,AggressiveStyle
0.5,43.68492126,21.11813036,122.892667,2.70216369,-0.5859,34.90196228,1873.0,23.30999947,0.6093,9.504992485,SmoothCondition,LowCongestionCondition,AggressiveStyle
0.39996338,47.06261826,21.52720737,138.1820104,1.57625962,-0.8827,45.88235474,1998.0,18.71999931,0.8164,9.556735039,SmoothCondition,LowCongestionCondition,AggressiveStyle
0.09997559,48.86405945,21.8312004,149.3514757,1.80144119,-0.9687,44.70588303,2092.0,25.17000008,0.9492,9.585780144,SmoothCondition,LowCongestionCondition,AggressiveStyle
-0.10003662,51.11585999,22.4204214,162.9096536,2.25180054,-1.1601,38.82352829,2174.0,25.63999939,1.0117,9.611063004,SmoothCondition,LowCongestionCondition,AggressiveStyle
0.10003662,52.91730118,23.03966642,177.532115,1.80144119,-1.203,29.41176605,2248.0,20.57999992,1.0156,9.629537582,SmoothCondition,LowCongestionCondition,AggressiveStyle
0.60003662,53.59283829,23.77150139,189.7855707,0.67553711,-1.328,9.019607544,2286.0,17.64999962,1.0117,9.655339241,SmoothCondition,LowCongestionCondition,AggressiveStyle
0.90002441,52.24176025,24.4995834,199.0612235,-1.35107804,-1.4374,0.0,2241.0,22.09000015,1.0273,9.712835312,SmoothCondition,LowCongestionCondition,AggressiveStyle
-0.39996338,45.71154022,26.21470432,219.978734,-2.70215607,-1.0155,17.25490189,1974.0,21.73999977,0.8867,9.791333199,SmoothCondition,LowCongestionCondition,EvenPaceStyle
-0.59997559,45.0359993,26.67257035,224.5012531,-0.67554092,-0.9062,20.3921566,1958.0,19.18000031,0.8164,9.838674545,SmoothCondition,LowCongestionCondition,EvenPaceStyle
0.2999878,45.71154022,27.67462137,230.8803732,0.67554092,-0.9101,22.74509811,1983.0,13.93000031,0.7109,9.879471779,SmoothCondition,LowCongestionCondition,EvenPaceStyle
0.5,46.38707733,28.93562935,227.8806381,0.67553711,-0.6367,0.0,2006.0,14.01000023,0.6211,9.905954361,SmoothCondition,LowCongestionCondition,EvenPaceStyle
2.29998779,23.86907959,31.34505537,201.1857183,-14.63669968,0.3124,20.3921566,911.0,4.989999771,-0.1289,10.05131435,SmoothCondition,LowCongestionCondition,EvenPaceStyle
2.59997559,19.36548042,31.40885639,199.378678,-4.50359917,0.2851,22.35294151,901.0,10.96000004,-0.1875,10.0917635,SmoothCondition,LowCongestionCondition,EvenPaceStyle
2.5,18.01440048,31.4238684,198.9557264,-1.35107994,0.2031,69.01960754,1426.0,17.10000038,-0.1484,10.114048,SmoothCondition,LowCongestionCondition,AggressiveStyle
2.0,23.19353867,31.45389238,198.3972154,5.17913819,0.1093,55.68627548,1820.0,28.63999939,-0.1445,10.14184761,SmoothCondition,LowCongestionCondition,AggressiveStyle
1.79998779,29.27339935,31.60025939,196.4191213,6.07986068,0.2148,2.745098114,2253.0,41.56000137,-0.1719,10.16841888,SmoothCondition,LowCongestionCondition,AggressiveStyle
1.60003662,32.87627792,31.7954154,194.5629934,3.60287857,0.1015,81.96078491,1567.0,18.20999908,-0.1328,10.2017355,SmoothCondition,LowCongestionCondition,AggressiveStyle
1.2999878,36.47916031,32.0318544,193.347467,3.60288239,0.0195,63.52941132,1604.0,24.42000008,0.0117,10.24601555,SmoothCondition,LowCongestionCondition,AggressiveStyle
0.39996338,40.30722046,32.34335339,192.5711356,3.82806015,-0.0703,56.07843399,1755.0,27.45999908,0.0703,10.29344559,SmoothCondition,LowCongestionCondition,AggressiveStyle
0.29998779,44.81082153,32.77870143,191.8533454,4.50360107,-0.2305,47.05882263,1903.0,31.35000038,0.1641,10.34453011,SmoothCondition,LowCongestionCondition,AggressiveStyle
-0.29998779,46.16189957,33.27785043,189.9844843,1.35107804,-0.2578,23.52941132,2027.0,21.51000023,0.1914,10.35739231,SmoothCondition,LowCongestionCondition,EvenPaceStyle
-0.19995118,47.73815918,33.73571643,190.445823,1.57625961,-0.2148,1.960784316,2056.0,15.77000046,0.1641,10.34874439,SmoothCondition,LowCongestionCondition,EvenPaceStyle
-0.69995118,47.28779984,34.19733543,189.9507521,-0.45035934,-0.1914,1.568627477,2018.0,19.44000053,0.0117,10.35359573,SmoothCondition,LowCongestionCondition,AggressiveStyle
-0.19995118,45.48635864,34.56137641,190.0883029,-1.8014412,-0.0703,6.274509907,1966.0,21.28000069,0.0274,10.36115932,SmoothCondition,LowCongestionCondition,AggressiveStyle
0.09997559,44.81082153,34.85411043,190.874849,-0.67553711,-0.0938,36.86274719,1914.0,15.11999989,0.0508,10.35330677,SmoothCondition,LowCongestionCondition,AggressiveStyle
-0.10003662,46.16189957,35.1093144,192.7040478,1.35107804,-0.1836,36.47058868,1982.0,19.51000023,0.0235,10.35574341,SmoothCondition,LowCongestionCondition,AggressiveStyle
-0.40002442,48.18851852,35.35701242,195.4872069,2.02661895,-0.2774,44.70588303,2068.0,24.12999916,0.0977,10.35947132,SmoothCondition,LowCongestionCondition,EvenPaceStyle
-0.39996338,50.21513748,35.62347539,199.1351326,2.02661896,-0.4492,23.92156982,2149.0,23.71999931,0.1172,10.36340523,SmoothCondition,LowCongestionCondition,AggressiveStyle
-0.29998779,51.34103775,35.86742038,203.2419623,1.12590027,-0.5703,8.627450943,2201.0,16.92000008,0.1992,10.38144684,SmoothCondition,LowCongestionCondition,AggressiveStyle
-0.40002441,51.11585999,36.05882345,206.9054739,-0.22517776,-0.6953,2.745098114,2186.0,22.12000084,0.2813,10.41558933,SmoothCondition,LowCongestionCondition,AggressiveStyle
-1.0,49.98995972,36.22395547,209.8928329,-1.12590027,-0.832,6.666666985,2128.0,19.72999954,0.4414,10.44724941,SmoothCondition,LowCongestionCondition,EvenPaceStyle
-1.90002441,48.63887787,36.59925543,215.0115632,-0.22518158,-0.7031,9.411765099,2074.0,15.27999973,0.5664,10.49383354,SmoothCondition,LowCongestionCondition,EvenPaceStyle
-2.5,47.28779984,36.84320042,216.6231988,-1.35107803,-0.4765,0.0,2060.0,21.37000084,0.5273,10.5486517,SmoothCondition,LowCongestionCondition,EvenPaceStyle
-1.60003662,41.43312073,37.93532349,205.4977353,-1.5762558,-0.1484,27.45098114,1765.0,19.64999962,0.3945,10.59963226,SmoothCondition,LowCongestionCondition,EvenPaceStyle
-1.7999878,42.3338356,38.34815346,198.6186149,0.90071487,-0.0508,40.7843132,1793.0,18.37999916,0.2578,10.63371086,SmoothCondition,LowCongestionCondition,EvenPaceStyle
-1.90002441,45.26117706,39.60540835,163.4729607,2.25180053,-0.0312,45.09804153,2011.0,22.30999947,0.2617,10.79104996,SmoothCondition,LowCongestionCondition,EvenPaceStyle
-2.5,47.5129776,40.37477331,139.1275483,2.25180054,-0.0742,43.13725662,2094.0,22.10000038,0.2695,10.87139797,SmoothCondition,LowCongestionCondition,EvenPaceStyle
-2.20001221,50.21513748,41.21169227,112.4272847,2.70215988,-0.1211,41.5686264,2190.0,21.05999947,0.3164,10.93356133,SmoothCondition,LowCongestionCondition,EvenPaceStyle
-3.0,53.14247894,42.56652527,85.32186133,1.35107803,-0.1016,26.66666794,2315.0,18.11000061,0.4844,11.04195213,SmoothCondition,LowCongestionCondition,EvenPaceStyle
-2.69995118,54.71873856,43.67741321,72.80176866,0.67554093,0.0234,14.50980377,2333.0,17.17000008,0.3945,11.05919552,SmoothCondition,LowCongestionCondition,EvenPaceStyle
-2.70001221,54.94392014,44.51433217,69.66405507,0.22518158,0.0313,14.90196133,2364.0,18.70999908,0.2851,11.06961346,SmoothCondition,LowCongestionCondition,EvenPaceStyle
-2.69995118,54.26837921,45.14858917,69.86517525,-0.67554093,0.0664,0.0,2302.0,24.45999908,0.3359,11.0909071,SmoothCondition,LowCongestionCondition,EvenPaceStyle
-3.2999878,115.0669708,73.59257399,504.5499186,2.2517929,-0.6523,63.13725662,2328.0,43.97999954,0.4297,12.77043152,SmoothCondition,LowCongestionCondition,EvenPaceStyle
-4.2999878,115.9676971,74.81980502,516.8918944,0.9007263,-0.7109,49.80392075,2368.0,43.88000107,0.3984,12.76650238,SmoothCondition,LowCongestionCondition,EvenPaceStyle
-4.5,117.0935974,76.07706,526.9350572,1.1259003,-0.6719,67.84313965,2383.0,36.52000046,0.457,12.74407005,SmoothCondition,LowCongestionCondition,EvenPaceStyle
-4.7999878,118.6698532,77.39436296,533.4056126,1.5762558,-0.6406,72.54901886,2400.0,43.36999893,0.4687,12.7378788,SmoothCondition,LowCongestionCondition,EvenPaceStyle
-5.4000244,119.3453979,78.74168993,535.7556125,0.6755447,-0.6172,61.96078491,2415.0,44.0,0.4219,12.73232269,SmoothCondition,LowCongestionCondition,EvenPaceStyle
-5.9000244,120.2461166,80.0965229,536.2571887,0.9007187,-0.5976,60.0,2435.0,43.36999893,0.3867,12.72484493,SmoothCondition,LowCongestionCondition,EvenPaceStyle
-7.0,120.9216461,82.63730373,541.8334473,0.6755295,-0.6367,60.7843132,2463.0,41.13000107,0.4414,12.70210743,SmoothCondition,LowCongestionCondition,EvenPaceStyle
-6.8999634,121.5971985,83.89080575,543.6896921,0.6755524,-0.6445,56.86274719,2480.0,39.63000107,0.4844,12.68519878,SmoothCondition,LowCongestionCondition,EvenPaceStyle
-6.4000244,124.2993546,85.14055468,549.5136234,2.7021561,-0.5898,38.82352829,2487.0,35.38000107,0.5039,12.65613937,SmoothCondition,LowCongestionCondition,EvenPaceStyle
-5.2000122,124.074173,88.90481376,547.244386,-0.6755523,-0.4219,39.2156868,2478.0,23.71999931,0.2383,12.45613384,SmoothCondition,LowCongestionCondition,EvenPaceStyle
-4.7000122,123.848999,90.24463475,531.1110658,-0.225174,-0.289,23.52941132,2465.0,19.51000023,0.2773,12.3492012,SmoothCondition,LowCongestionCondition,EvenPaceStyle
-3.0999756,122.4979095,94.04642372,476.0416717,-0.900734,-0.1094,21.17647171,2425.0,19.59000015,0.2109,12.05958271,SmoothCondition,LowCongestionCondition,EvenPaceStyle
-2.6000366,121.146843,95.1010168,465.1782836,-1.3510665,-0.0703,40.39215851,2423.0,25.67000008,0.1601,12.00696373,SmoothCondition,LowCongestionCondition,EvenPaceStyle
-3.0,120.6964722,96.14810371,451.6747059,-0.4503708,0.0039,47.05882263,2420.0,27.12000084,0.0664,11.96195698,SmoothCondition,LowCongestionCondition,EvenPaceStyle
-2.8999634,120.6964722,99.01914863,419.6394511,0.4503556,0.1328,47.45098114,2400.0,28.67000008,0.1289,11.77311039,SmoothCondition,LowCongestionCondition,EvenPaceStyle
-3.1999512,119.3453979,99.92362162,406.2835858,-1.3510743,0.1602,41.17647171,2401.0,23.20000076,0.0781,11.71485043,SmoothCondition,LowCongestionCondition,EvenPaceStyle
-3.5999756,119.5705795,100.7642938,396.0355752,0.2251816,0.2109,29.41176605,2390.0,25.09000015,0.0586,11.6671629,SmoothCondition,LowCongestionCondition,EvenPaceStyle
-3.7000122,120.0209351,101.5674357,387.4773162,0.4503556,0.2422,38.82352829,2366.0,21.07999992,0.0274,11.60003757,SmoothCondition,LowCongestionCondition,EvenPaceStyle
-3.0,114.6166153,103.8792834,346.4949371,-3.3777008,0.293,20.3921566,2296.0,18.07999992,-0.0859,11.39227104,SmoothCondition,LowCongestionCondition,EvenPaceStyle
-2.8000488,112.3648148,105.9847164,291.1087815,0.225174,0.2305,43.92156982,2266.0,25.45999908,-0.0625,11.23994923,SmoothCondition,LowCongestionCondition,EvenPaceStyle
-2.5,112.8151779,106.6565034,272.4457976,0.4503631,0.3008,54.50980377,2261.0,32.52999878,0.0742,11.22750282,SmoothCondition,LowCongestionCondition,EvenPaceStyle
-2.0,111.9144516,107.9100053,237.4694098,-0.9007263,0.2148,32.54901886,2259.0,27.5,0.0664,11.1510601,SmoothCondition,LowCongestionCondition,EvenPaceStyle
-1.7000122,112.8151779,108.5142384,220.8491891,0.9007263,0.2305,48.23529434,2256.0,27.0,0.043,11.12550449,SmoothCondition,LowCongestionCondition,EvenPaceStyle
-1.5999756,112.3648148,109.0997063,204.1708617,-0.4503631,0.2187,37.25490189,2254.0,20.45000076,0.0508,11.07318974,SmoothCondition,LowCongestionCondition,EvenPaceStyle
-1.2000122,112.5899963,109.6776682,187.5519463,0.2251815,0.2617,19.6078434,2235.0,16.25,0.0781,10.99476528,SmoothCondition,LowCongestionCondition,EvenPaceStyle
-1.1999512,110.7885513,110.2218531,170.4109466,-1.801445,0.2344,10.58823586,2212.0,16.04000092,0.0742,10.91771412,SmoothCondition,LowCongestionCondition,EvenPaceStyle
-1.0,108.76194,110.7134963,153.9567049,-2.0266113,0.2773,22.74509811,2183.0,19.36000061,0.2187,10.86618996,SmoothCondition,LowCongestionCondition,EvenPaceStyle
-0.7999878,108.3115768,111.1413383,140.5113519,-0.4503632,0.2578,28.23529434,2173.0,20.95999908,0.2031,10.82477283,SmoothCondition,LowCongestionCondition,EvenPaceStyle
-0.7000122,107.6360397,111.5579215,126.7758998,-0.6755371,0.2734,30.98039246,2161.0,20.70000076,0.2656,10.78377533,SmoothCondition,LowCongestionCondition,EvenPaceStyle
-0.6000366,106.735321,112.2709916,103.427056,0.4503631,0.2187,36.47058868,2155.0,19.21999931,0.2109,10.71693993,SmoothCondition,LowCongestionCondition,EvenPaceStyle
-0.5,107.1856766,112.6125146,92.65917264,0.4503556,0.2305,41.96078491,2151.0,23.79000092,0.3164,10.69014835,SmoothCondition,LowCongestionCondition,EvenPaceStyle
-0.4000244,106.0597763,112.8827306,84.52833182,-1.1259003,0.1953,39.2156868,2140.0,17.64999962,0.332,10.63660717,SmoothCondition,LowCongestionCondition,EvenPaceStyle
-0.4000244,104.4835205,113.3330907,70.96661566,-1.1259003,0.168,27.05882454,2119.0,17.64999962,0.3203,10.51229286,SmoothCondition,LowCongestionCondition,EvenPaceStyle
-0.0999756,106.5101395,113.5432588,65.3099978,2.026619,0.1719,27.45098114,2102.0,15.84000015,0.3594,10.45151043,SmoothCondition,LowCongestionCondition,EvenPaceStyle
-0.2000122,104.933876,113.7271558,59.99197962,-1.5762635,0.1953,31.37254906,2096.0,21.04000092,0.3515,10.42040443,SmoothCondition,LowCongestionCondition,EvenPaceStyle
-0.3999634,107.1856766,114.2075399,47.21073338,2.2518006,0.0313,74.11764526,2157.0,42.72000122,0.2305,10.3803196,SmoothCondition,LowCongestionCondition,EvenPaceStyle
-0.6999512,110.7885513,114.5265448,40.82814719,2.2517929,-0.0195,59.2156868,2204.0,34.47999954,0.1836,10.30451488,SmoothCondition,LowCongestionCondition,EvenPaceStyle
-0.7999878,110.3381958,114.6128638,39.63061148,-0.4503555,-0.0234,41.5686264,2216.0,33.20000076,0.2461,10.26419544,SmoothCondition,LowCongestionCondition,EvenPaceStyle
-1.0999756,112.1396408,114.6691588,39.15083817,1.801445,-0.0625,50.98039246,2231.0,31.56999969,0.2656,10.22728634,SmoothCondition,LowCongestionCondition,EvenPaceStyle
-1.7000122,113.2655411,114.6879238,39.07542383,1.1259003,-0.1445,54.90196228,2246.0,28.20000076,0.2031,10.18349743,SmoothCondition,LowCongestionCondition,EvenPaceStyle
-1.8999634,113.490715,114.7367128,38.86911933,0.2251739,-0.2031,54.90196228,2270.0,27.51000023,0.0664,10.09694576,SmoothCondition,LowCongestionCondition,EvenPaceStyle
-2.4000244,113.7158966,114.7517247,38.82397099,0.2251816,-0.2148,43.52941132,2287.0,24.95000076,0.0977,10.0562067,SmoothCondition,LowCongestionCondition,EvenPaceStyle
-3.4000244,115.0669708,114.7141946,38.60768244,-2.0266266,-0.1328,17.64705849,2278.0,18.12999916,0.0,9.78768158,SmoothCondition,LowCongestionCondition,EvenPaceStyle
-3.8000488,112.1396408,114.5940987,38.3418333,-2.92733,-0.0703,0.0,2252.0,23.80999947,0.0235,9.739489555,SmoothCondition,LowCongestionCondition,EvenPaceStyle
-4.2000122,108.9871216,114.4064487,38.29742882,-3.1525192,-0.0391,10.1960783,2232.0,19.40999985,0.0938,9.678812027,SmoothCondition,LowCongestionCondition,EvenPaceStyle
-4.9000244,110.7885513,114.2488227,37.91601699,1.8014297,0.0273,17.64705849,2216.0,18.01000023,0.1406,9.631930351,SmoothCondition,LowCongestionCondition,EvenPaceStyle
-5.0,111.6892776,113.9148057,36.44661885,0.9007263,0.0391,29.80392265,2208.0,18.76000023,0.1016,9.495972633,SmoothCondition,LowCongestionCondition,EvenPaceStyle
-5.2000122,111.0137405,113.6933788,34.71162787,-0.6755371,0.0625,37.64706039,2210.0,21.69000053,0.0742,9.433367729,SmoothCondition,LowCongestionCondition,EvenPaceStyle
-5.8999634,108.0863953,113.4231628,33.26367094,-2.9273452,0.1719,26.66666794,2214.0,17.60000038,0.1406,9.362568855,SmoothCondition,LowCongestionCondition,EvenPaceStyle
-0.35897824593764377,0.0,38.811063580731144,171.92088758076872,-0.00018182406055956946,0.263,34.50980377,857.0,8.31000042,0.1051,16.344780882093918,SmoothCondition,LowCongestionCondition,EvenPaceStyle
0.59997558,3.828059673,8.147762758,25.31604513,-1.576260567,7.1411,46.27450943,899.0,6.199999809,16.9427,35.63587952,SmoothCondition,LowCongestionCondition,EvenPaceStyle
0.60003662,5.629499912,8.234081757,24.41171598,1.801440239,6.9776,56.47058868,1066.0,10.96000004,17.0199,36.04875183,SmoothCondition,LowCongestionCondition,EvenPaceStyle
0.70001221,8.106479645,8.34667175,23.59612242,2.476979733,7.1102,34.50980377,1629.0,10.93000031,17.074,36.11769485,SmoothCondition,LowCongestionCondition,EvenPaceStyle
0.5,11.70935917,8.643158735,22.15095757,2.476979257,7.2194,4.705882549,1849.0,14.81999969,17.0393,36.18777847,SmoothCondition,LowCongestionCondition,EvenPaceStyle
0.59997559,13.73598003,8.853326735,21.58786291,2.02662086,7.2545,56.47058868,967.0,9.43999958,17.0508,35.79736328,SmoothCondition,LowCongestionCondition,EvenPaceStyle
0.5,15.31223869,9.086012713,21.28591838,1.57625866,7.3247,38.03921509,1121.0,8.06000042,17.0586,35.18285751,SmoothCondition,LowCongestionCondition,EvenPaceStyle
0.0,19.14029884,9.907919671,21.18308801,1.80143928,7.1181,45.88235474,1363.0,14.89999962,17.1473,34.229702,SmoothCondition,LowCongestionCondition,EvenPaceStyle
0.09997559,20.71656036,10.51965865,22.68723821,0.22518158,7.3443,0.0,1503.0,10.89000034,17.128,33.19510269,SmoothCondition,LowCongestionCondition,EvenPaceStyle
0.40002441,14.63669968,11.05258464,20.52527071,-4.05323982,7.4222,25.09803963,1044.0,9.050000191,17.0507,32.57619858,SmoothCondition,LowCongestionCondition,EvenPaceStyle
0.59997559,15.53741932,11.25149364,20.68284619,1.80143929,7.2467,72.94117737,1127.0,12.34000015,17.1046,32.35058975,SmoothCondition,LowCongestionCondition,EvenPaceStyle
0.70001221,19.36548042,11.38284864,21.78025958,3.8280611,7.0441,58.4313736,1350.0,15.43000031,17.1818,32.25397491,SmoothCondition,LowCongestionCondition,EvenPaceStyle
0.79998779,22.74317932,11.57425163,23.93015226,3.3776989,6.8921,48.23529434,1592.0,19.29000092,17.2203,32.201931,SmoothCondition,LowCongestionCondition,EvenPaceStyle
1.0,24.99497986,11.78441964,26.92690754,2.25180054,6.7557,40.7843132,1760.0,22.26000023,17.1662,32.15929794,SmoothCondition,LowCongestionCondition,EvenPaceStyle
0.89996338,27.02159882,12.03962363,30.79569145,2.02661896,6.6661,31.76470566,1908.0,18.67000008,17.1624,31.97676086,SmoothCondition,LowCongestionCondition,EvenPaceStyle
0.7000122,28.14749908,12.35487562,34.95874238,1.12590026,6.7051,29.80392265,1980.0,18.78000069,17.12,31.78227425,SmoothCondition,LowCongestionCondition,EvenPaceStyle
0.40002442,29.04821777,12.72266959,39.05481481,0.90071869,6.7246,25.49019623,2039.0,16.73999977,17.1508,31.49593163,SmoothCondition,LowCongestionCondition,EvenPaceStyle
0.2999878,29.27339935,13.11673458,42.68695662,0.22518158,6.7363,24.70588303,2080.0,17.68000031,17.1084,31.25893784,SmoothCondition,LowCongestionCondition,EvenPaceStyle
0.20001221,29.49857903,13.88985258,49.77010267,-0.22518157,6.7714,22.35294151,2106.0,17.26000023,17.008,30.7443409,SmoothCondition,LowCongestionCondition,EvenPaceStyle
0.0,29.7237606,14.2576466,53.2232699,0.22518157,6.7675,23.52941132,2103.0,17.37999916,16.9849,30.50523567,SmoothCondition,LowCongestionCondition,EvenPaceStyle
-0.2000122,29.94893837,14.62168758,56.62035858,0.22517777,6.7051,20.0,2093.0,17.67000008,17.0042,30.28587532,SmoothCondition,LowCongestionCondition,EvenPaceStyle
-0.09997558,29.7237606,15.0195056,59.02233536,-0.22517777,6.6583,14.90196133,2106.0,17.34000015,16.8651,30.06390953,SmoothCondition,LowCongestionCondition,AggressiveStyle
0.0,23.41871834,16.13039355,59.05270111,-3.60288048,6.8727,16.07843208,1671.0,16.48999977,16.7108,29.67400742,SmoothCondition,LowCongestionCondition,AggressiveStyle
0.59997558,21.84246063,16.80968661,56.44324634,0.22517967,6.7324,11.37254906,1554.0,11.65999985,16.8998,28.96084404,SmoothCondition,LowCongestionCondition,EvenPaceStyle
0.80004882,21.39209938,17.01610163,56.82404294,0.67553902,6.8728,33.72549057,1517.0,12.47999954,16.788,28.61151695,SmoothCondition,LowCongestionCondition,EvenPaceStyle
0.59997558,20.71656036,17.15496262,57.46710704,-1.35107804,7.0288,13.33333397,1440.0,13.35000038,16.707,28.26982117,SmoothCondition,LowCongestionCondition,EvenPaceStyle
0.79998779,20.71656036,17.24503461,57.8174084,0.45036125,7.0755,44.70588303,1545.0,11.56999969,16.9305,27.92440033,SmoothCondition,LowCongestionCondition,EvenPaceStyle
0.7000122,22.29281998,17.33510664,58.2388701,1.57625962,7.1145,40.0,1675.0,13.67000008,16.9845,27.81617737,SmoothCondition,LowCongestionCondition,EvenPaceStyle
0.29998779,23.64389992,17.50023864,58.66617596,1.35107994,7.1457,28.23529434,1647.0,14.23999977,16.9151,27.70964241,SmoothCondition,LowCongestionCondition,EvenPaceStyle
0.10003662,23.41871834,17.74043061,57.97863647,-0.22518158,7.1145,22.74509811,1652.0,12.64999962,16.9768,27.53723717,SmoothCondition,LowCongestionCondition,EvenPaceStyle
0.0,23.64389992,18.01815261,56.52861598,0.22518158,6.9975,36.47058868,1742.0,12.38000011,17.0192,27.37991333,SmoothCondition,LowCongestionCondition,EvenPaceStyle
-0.10003662,24.99497986,18.29212161,55.76007598,1.35107994,6.9117,35.29411697,1869.0,14.63000011,17.1272,27.27841377,SmoothCondition,LowCongestionCondition,EvenPaceStyle
0.5,25.89570045,18.76875261,56.15448056,-0.45035935,6.8103,43.13725662,2090.0,21.32999992,17.2697,27.21545219,SmoothCondition,LowCongestionCondition,EvenPaceStyle
0.20001221,29.49857903,19.2603956,58.28523693,2.02661896,6.6934,38.82352829,2318.0,23.20000076,17.5168,27.19197464,SmoothCondition,LowCongestionCondition,EvenPaceStyle
0.19995118,31.3000164,19.55688255,60.09236137,1.80143737,6.5921,27.45098114,2355.0,24.62999916,17.5709,27.16484642,SmoothCondition,LowCongestionCondition,EvenPaceStyle
0.5,33.32663727,19.91717052,62.13022708,2.02662087,6.5258,26.66666794,2367.0,20.57999992,17.6056,27.07034683,SmoothCondition,LowCongestionCondition,EvenPaceStyle
0.7999878,32.65110016,20.30748252,62.78866109,-0.67553711,6.4049,45.09804153,2484.0,29.85000038,17.5324,27.00844002,SmoothCondition,LowCongestionCondition,EvenPaceStyle
1.40002442,34.90289688,20.71655947,64.55135356,2.25179672,6.4283,38.82352829,2563.0,24.89999962,17.517,26.95384789,SmoothCondition,LowCongestionCondition,EvenPaceStyle
2.0,35.35326004,21.13689547,66.10427625,0.45036316,6.405,5.882352829,1533.0,17.03000069,17.6443,26.77157784,SmoothCondition,LowCongestionCondition,EvenPaceStyle
2.09997559,36.02880096,21.59100851,67.06618725,0.67554092,6.3738,56.86274719,1580.0,19.51000023,17.6829,26.63860512,SmoothCondition,LowCongestionCondition,EvenPaceStyle
2.0,35.12807465,22.01885043,67.49074072,-0.90072631,6.4088,47.45098114,1640.0,13.32999992,17.6213,26.30853271,SmoothCondition,LowCongestionCondition,EvenPaceStyle
2.29998779,35.35326004,22.90455843,67.5921527,-0.90071869,6.5491,0.0,1468.0,13.78999996,17.6291,25.86222839,SmoothCondition,LowCongestionCondition,EvenPaceStyle
2.89996338,32.65110016,24.25563838,54.88298724,0.22518158,6.5452,74.50980377,1433.0,17.21999931,17.5252,25.417799,SmoothCondition,LowCongestionCondition,EvenPaceStyle
2.79998779,34.45253754,24.73602234,50.53040407,1.80143738,6.4438,53.72549057,1507.0,16.82999992,17.5406,25.28533554,SmoothCondition,LowCongestionCondition,AggressiveStyle
2.90002442,35.35326004,25.19013535,47.54414862,0.9007225,6.5218,34.11764908,1490.0,12.31000042,17.4905,25.01681328,SmoothCondition,LowCongestionCondition,AggressiveStyle
2.80004882,33.77699661,25.5992123,44.30759932,-1.57626343,6.6738,0.0,1415.0,13.82999992,17.502,24.8330555,SmoothCondition,LowCongestionCondition,AggressiveStyle
3.09997559,31.75038147,26.23722232,39.56873449,-0.22517776,6.8999,38.03921509,1322.0,9.300000191,17.3288,24.26801872,SmoothCondition,LowCongestionCondition,AggressiveStyle
4.0,28.82304001,26.46240234,37.6075281,-2.92734146,7.0597,0.392156869,1234.0,11.27000046,17.3095,24.08848763,SmoothCondition,LowCongestionCondition,AggressiveStyle
3.90002442,27.02159882,26.63879334,35.87803687,-1.80144119,7.1572,0.0,1126.0,10.14000034,17.24,23.90163612,SmoothCondition,LowCongestionCondition,AggressiveStyle
2.09997559,18.6899395,26.77765433,34.29840071,-3.3776989,7.4924,19.2156868,1003.0,6.349999905,17.0702,23.25974655,SmoothCondition,LowCongestionCondition,AggressiveStyle
1.0,15.08705902,26.68382931,35.98323071,-3.60288048,7.7262,26.66666794,905.0,5.340000153,17.0471,23.1027565,SmoothCondition,LowCongestionCondition,EvenPaceStyle
0.59997559,11.0338192,26.5562273,39.03481725,-4.05323982,7.8352,29.80392265,877.0,5.789999962,17.0162,23.06480789,SmoothCondition,LowCongestionCondition,EvenPaceStyle
0.20001221,7.430940151,26.43613131,42.81170009,-3.602879049,7.8197,28.23529434,882.0,5.619999886,16.9352,23.11175728,SmoothCondition,LowCongestionCondition,EvenPaceStyle
-0.40002441,6.079859734,26.30852931,47.08470032,-1.351080417,7.7611,36.47058868,900.0,10.28999996,17.0123,23.22014046,SmoothCondition,LowCongestionCondition,EvenPaceStyle
-1.59997559,9.007200241,26.19969232,50.17975875,2.927340507,7.5778,50.19607925,1464.0,17.96999931,17.0508,23.33840179,SmoothCondition,LowCongestionCondition,EvenPaceStyle
-2.0,13.73598003,26.10586731,52.01212289,4.728779789,7.4491,30.58823586,1515.0,13.85999966,17.0701,23.39056396,SmoothCondition,LowCongestionCondition,EvenPaceStyle
-2.29998779,14.41152,25.96700633,54.11878638,0.67553997,7.227,94.50980377,1107.0,12.68000031,17.1703,23.42009354,SmoothCondition,LowCongestionCondition,EvenPaceStyle
-2.0,18.91511917,25.86567531,54.93519652,4.50359917,7.1218,60.39215851,1382.0,16.14999962,17.3319,23.45006752,SmoothCondition,LowCongestionCondition,EvenPaceStyle
-1.0,22.29281998,25.67051931,55.37613867,1.12590218,7.1179,41.96078491,1664.0,14.77999973,17.3126,23.41255188,SmoothCondition,LowCongestionCondition,EvenPaceStyle
-0.20001221,20.94173813,25.41906833,55.4708332,-1.35108185,7.0634,40.7843132,1998.0,17.92000008,17.4514,23.42302704,SmoothCondition,LowCongestionCondition,EvenPaceStyle
1.39996338,24.99497986,25.1563583,54.55296772,0.9007206,6.927,27.45098114,2077.0,16.15999985,17.4283,23.3059063,SmoothCondition,LowCongestionCondition,AggressiveStyle
1.79998779,24.76979828,25.0700393,54.15862105,-0.22518158,6.888,14.50980377,2042.0,16.73999977,17.4128,23.26908112,SmoothCondition,LowCongestionCondition,AggressiveStyle
1.90002441,28.37267876,25.04752127,53.97590718,3.60288048,6.927,12.15686321,1954.0,15.86999989,17.436,23.22917366,SmoothCondition,LowCongestionCondition,AggressiveStyle
2.0,12.61007977,24.39449926,61.06667312,-1.57625961,6.9699,23.13725471,880.0,5.480000019,17.5287,23.06327629,SmoothCondition,LowCongestionCondition,EvenPaceStyle
2.09997559,5.40432024,23.73397128,73.71487681,-3.828059673,7.4573,29.01960754,844.0,5.239999771,17.3205,23.25811005,SmoothCondition,LowCongestionCondition,AggressiveStyle
3.89996338,6.980579853,13.93113557,149.04387,6.980579853,6.7325,54.90196228,1231.0,14.13000011,17.3365,23.73885345,SmoothCondition,LowCongestionCondition,EvenPaceStyle
4.5,14.8618803,13.2631016,137.2839106,4.95396137,6.6506,34.50980377,2147.0,21.63999939,17.3596,23.90833092,SmoothCondition,LowCongestionCondition,EvenPaceStyle
4.5,19.81583786,12.43744161,115.5295909,1.57625771,6.6193,1.176470637,1361.0,12.17000008,17.375,23.92855453,SmoothCondition,LowCongestionCondition,EvenPaceStyle
4.69995118,16.88849831,12.15596664,108.0665673,-2.92733955,6.6856,0.0,1174.0,10.64999962,17.3248,23.9055233,SmoothCondition,LowCongestionCondition,EvenPaceStyle
5.09997559,12.61007977,11.54422762,94.61034558,-1.80144023,6.8609,22.74509811,920.0,5.5,17.2245,23.72403526,SmoothCondition,LowCongestionCondition,EvenPaceStyle
1.2999878,8.106479645,11.19895162,89.62912223,-4.503600125,6.8648,27.05882454,885.0,5.360000134,17.182,23.73332405,SmoothCondition,LowCongestionCondition,EvenPaceStyle
0.69995118,12.15971947,10.66602565,82.3345017,4.728779319,6.6346,59.60784531,2054.0,29.12000084,17.1858,23.91752052,SmoothCondition,LowCongestionCondition,EvenPaceStyle
1.30004882,16.43813896,10.57220066,80.68691409,4.27841949,6.5059,12.54901981,1237.0,14.46000004,17.2475,23.94641685,SmoothCondition,LowCongestionCondition,AggressiveStyle
1.60003662,19.5906601,10.58721267,80.94829384,3.15252114,6.3225,75.29412079,1571.0,20.84000015,17.3322,23.98532486,SmoothCondition,LowCongestionCondition,AggressiveStyle
1.2999878,24.09425926,10.73733268,83.67438755,4.50359916,6.2485,64.31372833,1914.0,28.54999924,17.4016,24.03396034,SmoothCondition,LowCongestionCondition,AggressiveStyle
1.40002441,28.59786034,11.0300667,88.99250538,4.50360108,6.303,38.03921509,2107.0,29.29000092,17.4286,24.07044792,SmoothCondition,LowCongestionCondition,AggressiveStyle
1.59997559,28.82304001,11.77691368,98.93743353,-0.67553902,6.1665,47.84313965,2472.0,37.27000046,17.6211,24.13429832,SmoothCondition,LowCongestionCondition,AggressiveStyle
1.90002441,32.65110016,12.17097868,106.0347745,3.82806015,6.2718,49.01960754,2509.0,23.88999939,17.5902,24.11187553,SmoothCondition,LowCongestionCondition,AggressiveStyle
2.0,37.60506058,12.56879669,116.7966006,4.95396042,6.2874,61.96078491,1665.0,22.70000076,17.6018,24.07684135,SmoothCondition,LowCongestionCondition,AggressiveStyle
2.2000122,40.75757599,13.00789762,130.01089,3.15251541,6.303,77.2549057,1798.0,28.67000008,17.5633,24.06774139,SmoothCondition,LowCongestionCondition,AggressiveStyle
1.69995118,43.45973969,13.41697463,144.9664625,2.7021637,6.342,69.80392456,1962.0,33.06000137,17.571,24.0661087,SmoothCondition,LowCongestionCondition,AggressiveStyle
1.59997558,48.18851852,14.25764665,180.0639746,2.4769783,6.3264,48.23529434,2187.0,35.93000031,17.49,24.06724167,SmoothCondition,LowCongestionCondition,AggressiveStyle
1.20001221,50.44031906,14.72677163,200.9354505,2.25180054,6.2952,28.23529434,2191.0,29.51000023,17.5208,24.03237152,SmoothCondition,LowCongestionCondition,AggressiveStyle
1.10003662,50.89067459,15.22592057,222.1939774,0.45035553,6.1783,35.29411697,2215.0,21.25,17.5594,23.92792511,SmoothCondition,LowCongestionCondition,AggressiveStyle
0.90002441,52.46693802,15.69879855,244.1402339,1.57626343,6.1277,40.0,2255.0,21.80999947,17.6095,23.83155441,SmoothCondition,LowCongestionCondition,AggressiveStyle
0.70001221,53.36766052,16.18668857,266.7534068,0.9007225,6.1082,36.47058868,2287.0,26.85000038,17.7059,23.77588844,SmoothCondition,LowCongestionCondition,AggressiveStyle
0.60003662,52.46693802,16.64455454,287.5346277,-0.9007225,6.003,13.33333397,2225.0,18.93000031,17.7368,23.63883781,SmoothCondition,LowCongestionCondition,AggressiveStyle
1.10003662,49.98995972,17.45144964,322.9381144,-1.57626342,6.2761,13.33333397,2097.0,15.68999958,17.706,23.30442047,SmoothCondition,LowCongestionCondition,EvenPaceStyle
1.59997558,49.53959656,17.81924358,338.5503551,-0.45036316,6.3774,0.0,2027.0,21.78000069,17.7253,23.22252464,SmoothCondition,LowCongestionCondition,EvenPaceStyle
5.7000122,28.37267876,20.25118741,379.5507299,-6.07985878,7.5346,27.84313774,1153.0,13.61999989,17.0159,22.80901527,SmoothCondition,LowCongestionCondition,EvenPaceStyle
5.89996338,20.94173813,20.44634338,377.4622144,-7.43094063,7.6436,20.3921566,924.0,5.480000019,16.9618,22.48800087,SmoothCondition,LowCongestionCondition,EvenPaceStyle
0.39996338,11.25899982,20.03351338,389.4600632,11.25899982,6.4947,47.45098114,1732.0,22.43000031,17.4637,22.69207764,SmoothCondition,LowCongestionCondition,EvenPaceStyle
0.19995118,13.06044006,19.94719438,390.2220716,1.80144024,6.3933,3.137254953,1076.0,9.75,17.4522,22.70196342,SmoothCondition,LowCongestionCondition,EvenPaceStyle
-0.80004882,15.53741932,19.87588741,390.5462035,2.47697926,6.4751,87.45098114,1096.0,11.56000042,17.4213,22.70776176,SmoothCondition,LowCongestionCondition,EvenPaceStyle
-2.2000122,13.96115971,19.82709843,390.9854694,-1.57625961,6.5608,6.274509907,994.0,5.570000172,17.375,22.63933945,SmoothCondition,LowCongestionCondition,EvenPaceStyle
-3.30004882,10.13309956,19.75579142,392.0759786,-3.82806015,6.6894,23.92156982,883.0,4.869999886,17.3287,22.60947037,SmoothCondition,LowCongestionCondition,EvenPaceStyle
-3.90002441,6.530220032,19.65446043,394.1647662,-3.602879528,6.6855,27.05882454,853.0,4.849999905,17.3017,22.54270363,SmoothCondition,LowCongestionCondition,EvenPaceStyle
-4.90002441,4.953959465,19.60191842,395.5644819,-1.576260567,6.6426,29.41176605,855.0,5.190000057,17.3287,22.49768639,SmoothCondition,LowCongestionCondition,EvenPaceStyle
-6.30004882,5.854679585,19.57564741,396.2562184,0.90072012,6.6192,43.52941132,1075.0,11.60999966,17.3402,22.51225853,SmoothCondition,LowCongestionCondition,EvenPaceStyle
-7.0,9.457559586,19.53061142,397.0572018,3.602880001,6.5646,38.03921509,1529.0,18.60000038,17.3557,22.50579453,SmoothCondition,LowCongestionCondition,EvenPaceStyle
-8.0,12.83525944,19.47056342,397.6512358,3.377699854,6.5022,26.66666794,1498.0,10.64000034,17.4211,22.42415237,SmoothCondition,LowCongestionCondition,EvenPaceStyle
-7.39996338,18.01440048,19.25664243,398.0242689,5.17914104,6.3267,76.47058868,1453.0,17.61000061,17.5059,22.34708023,SmoothCondition,LowCongestionCondition,EvenPaceStyle
-6.90002442,24.09425926,19.18158242,396.9362374,6.07985878,6.3033,42.35294342,1815.0,26.25,17.4943,22.34597778,SmoothCondition,LowCongestionCondition,EvenPaceStyle
-6.09997559,29.04821777,19.17407639,396.7821136,4.95395851,6.2994,28.23529434,2056.0,29.0,17.5175,22.34307671,SmoothCondition,LowCongestionCondition,EvenPaceStyle
-4.5,31.52519989,19.17782936,396.7620738,1.35108185,6.3345,26.27450943,2266.0,20.09000015,17.5483,22.25697327,SmoothCondition,LowCongestionCondition,AggressiveStyle
-2.89996338,31.07483864,19.06899232,393.3936882,-0.45036125,6.3656,24.31372643,2346.0,18.39999962,17.5406,22.1862011,SmoothCondition,LowCongestionCondition,AggressiveStyle
-2.40002441,33.32663727,18.94514335,388.85073,2.25179863,6.428,17.64705849,2365.0,18.26000023,17.5136,22.12960052,SmoothCondition,LowCongestionCondition,AggressiveStyle
-1.5,31.07483864,18.53231328,372.3477761,-2.25179863,6.8297,0.0,2079.0,22.79000092,17.3016,22.05413437,SmoothCondition,LowCongestionCondition,AggressiveStyle
-0.59997558,28.37267876,17.83050228,342.8921986,0.22517968,6.9311,16.47058868,2032.0,15.05000019,17.3054,21.87891197,SmoothCondition,LowCongestionCondition,AggressiveStyle
-0.70001221,29.04821777,17.46646134,326.3652596,0.67553901,6.8415,20.7843132,2071.0,15.23999977,17.317,21.81025887,SmoothCondition,LowCongestionCondition,AggressiveStyle
-0.90002441,30.17411804,17.09491434,308.1986213,1.12590027,6.6855,23.52941132,2184.0,20.32999992,17.3787,21.77397346,SmoothCondition,LowCongestionCondition,AggressiveStyle
-1.29998779,32.42591858,16.7458853,289.7582535,2.25180054,6.5609,44.70588303,2394.0,25.09000015,17.452,21.75052261,SmoothCondition,LowCongestionCondition,AggressiveStyle
-1.60003662,35.12807465,16.45690425,273.7735192,2.70215607,6.518,27.05882454,2535.0,25.13999939,17.5098,21.69533348,SmoothCondition,LowCongestionCondition,AggressiveStyle
-1.59997559,36.47916031,16.2054532,259.6113634,1.35108566,6.5726,29.01960754,2630.0,23.02000046,17.4944,21.63036156,SmoothCondition,LowCongestionCondition,AggressiveStyle
-1.79998779,37.15470123,15.99153223,247.6576749,0.67554092,6.6428,25.88235283,2659.0,23.28000069,17.4751,21.55159187,SmoothCondition,LowCongestionCondition,AggressiveStyle
-1.39996338,37.379879,15.78887027,236.2936825,0.22517777,6.748,2.352941275,1983.0,15.5,17.4404,21.42229843,SmoothCondition,LowCongestionCondition,AggressiveStyle
-0.60003662,40.08203888,15.57119633,224.6617798,2.70215988,6.8143,65.09803772,1757.0,24.29999924,17.3827,21.2972908,SmoothCondition,LowCongestionCondition,EvenPaceStyle
0.10003662,42.10865784,15.57494936,224.8634738,2.02661896,6.8768,45.88235474,1831.0,20.64999962,17.3634,21.2418499,SmoothCondition,LowCongestionCondition,EvenPaceStyle
0.40002441,43.91009903,15.66126833,229.3758938,1.80144119,6.8885,49.80392075,1913.0,21.89999962,17.3904,21.18842697,SmoothCondition,LowCongestionCondition,EvenPaceStyle
0.79998779,45.26117706,15.84141232,238.2080241,1.35107803,6.9119,30.98039246,1952.0,14.34000015,17.3596,21.09673691,SmoothCondition,LowCongestionCondition,EvenPaceStyle
1.2000122,45.71154022,16.13039334,250.5839783,0.45036316,6.9041,30.58823586,1960.0,16.12999916,17.321,21.03508949,SmoothCondition,LowCongestionCondition,EvenPaceStyle
1.69995118,46.61225891,16.55823536,265.753676,0.90071869,6.8417,45.49019623,2012.0,28.95999908,17.2786,21.0633564,SmoothCondition,LowCongestionCondition,EvenPaceStyle
2.29998779,49.31441879,17.16246833,283.3609155,2.70215988,6.7832,58.8235321,2156.0,38.74000168,17.3171,21.07446861,SmoothCondition,LowCongestionCondition,EvenPaceStyle
2.2999878,51.79140091,17.92808036,300.9223931,2.47698212,6.7988,4.705882549,2185.0,26.20000076,17.2978,21.0919838,SmoothCondition,LowCongestionCondition,EvenPaceStyle
2.40002442,50.21513748,18.74623431,313.1254141,-1.57626343,6.7871,0.0,2092.0,24.42000008,17.3171,21.05534554,SmoothCondition,LowCongestionCondition,EvenPaceStyle
-0.60003662,22.51799965,23.6101222,293.927941,-4.95396042,7.7415,15.29411793,1109.0,6.690000057,16.6879,20.28522682,SmoothCondition,LowCongestionCondition,EvenPaceStyle
-1.10003662,16.66331863,23.88784417,285.2193383,-5.85468102,7.8894,21.17647171,904.0,6.269999981,16.6339,20.19849205,SmoothCondition,LowCongestionCondition,EvenPaceStyle
-1.69995118,10.5834589,24.06423515,278.5161305,-6.07985973,8.0567,25.88235283,880.0,5.840000153,16.5837,20.16784096,SmoothCondition,LowCongestionCondition,EvenPaceStyle
-0.60003662,7.205760002,5.505650839,167.1707753,7.205760002,6.7481,26.66666794,1309.0,8.829999924,17.3943,20.19565773,SmoothCondition,HighCongestionCondition,EvenPaceStyle
-0.5,10.5834589,4.878899845,136.3298928,3.377698898,6.6974,32.54901886,1458.0,10.06999969,17.4213,20.19371986,SmoothCondition,HighCongestionCondition,EvenPaceStyle
0.09997559,9.232379913,2.841020935,45.87278703,-1.125900267,6.7559,10.98039246,1210.0,6.929999828,17.3866,20.11634445,SmoothCondition,HighCongestionCondition,EvenPaceStyle
0.0,7.881299973,2.45821492,32.85800864,-1.35107994,6.7052,25.49019623,1118.0,7.460000038,17.3827,20.08042908,SmoothCondition,HighCongestionCondition,EvenPaceStyle
-0.2000122,9.007200241,2.150468923,22.8837596,1.125900268,6.6662,30.58823586,1265.0,8.890000343,17.3866,20.04789734,SmoothCondition,HighCongestionCondition,EvenPaceStyle
-0.30004882,9.457559586,1.932794921,16.70942651,0.450359345,6.7052,31.37254906,1451.0,9.0,17.3673,20.03044128,SmoothCondition,HighCongestionCondition,EvenPaceStyle
0.2999878,12.15971947,1.857734935,14.79864036,2.702159884,6.6623,30.98039246,1681.0,13.56999969,17.3789,20.03319359,SmoothCondition,HighCongestionCondition,EvenPaceStyle
0.19995118,15.76259995,1.944053953,16.77762263,3.60288048,6.6351,23.13725471,1938.0,13.81000042,17.402,20.02930641,SmoothCondition,HighCongestionCondition,EvenPaceStyle
0.2999878,14.41152,2.368142939,22.09492323,-0.67553902,6.5922,20.3921566,2102.0,14.97000027,17.429,20.11320877,SmoothCondition,HighCongestionCondition,EvenPaceStyle
0.0,15.76259995,2.630852938,24.97055688,1.35107995,6.5415,20.7843132,2133.0,15.39999962,17.4521,20.16675568,SmoothCondition,HighCongestionCondition,EvenPaceStyle
-0.20001221,15.53741932,2.889809926,27.60843053,-0.22518063,6.6234,16.47058868,2129.0,15.09000015,17.4329,20.18537331,SmoothCondition,HighCongestionCondition,AggressiveStyle
0.09997559,12.83525944,3.103730917,29.09682431,-2.70215988,6.6117,9.411765099,1916.0,13.18999958,17.4251,20.19853783,SmoothCondition,HighCongestionCondition,AggressiveStyle
0.5,13.28561974,3.325157913,30.64082294,0.4503603,6.6234,16.47058868,1860.0,12.18999958,17.4329,20.24459267,SmoothCondition,HighCongestionCondition,EvenPaceStyle
0.7000122,14.18633938,3.561596902,32.39598199,0.90071964,6.6896,10.98039246,1789.0,11.72999954,17.3943,20.30121803,SmoothCondition,HighCongestionCondition,EvenPaceStyle
0.90002441,9.90791893,3.910625871,33.47107845,-1.12590027,6.8847,20.0,1482.0,9.409999847,17.2864,20.36998177,SmoothCondition,HighCongestionCondition,EvenPaceStyle
1.0,9.457559586,4.068251864,33.70810764,-0.450359344,6.9002,22.74509811,1548.0,9.069999695,17.2594,20.37488174,SmoothCondition,HighCongestionCondition,EvenPaceStyle
1.09997558,10.35828018,4.240889867,34.06786272,0.900720594,7.0561,17.25490189,1455.0,13.14000034,17.2054,20.3986454,SmoothCondition,HighCongestionCondition,EvenPaceStyle
1.10003662,7.656119347,4.368491856,33.94416288,-2.702160833,7.1496,0.0,1040.0,8.090000153,17.1784,20.42168617,SmoothCondition,HighCongestionCondition,EvenPaceStyle
1.2999878,6.530220032,4.477328857,33.68786827,-1.125899315,7.1807,22.74509811,837.0,4.369999886,17.1475,20.43588448,SmoothCondition,HighCongestionCondition,EvenPaceStyle
-0.20001221,18.46475983,10.70355562,31.06898879,0.67553902,6.8573,0.0,1450.0,11.18000031,17.4019,21.68692398,SmoothCondition,HighCongestionCondition,AggressiveStyle
0.20001221,16.88849831,10.8574286,32.52420874,-1.57626152,7.0599,25.09803963,932.0,4.949999809,17.2128,21.7022934,SmoothCondition,HighCongestionCondition,AggressiveStyle
0.39996338,12.38489914,10.8274046,32.37501269,-4.50359917,7.1768,29.80392265,871.0,4.989999771,17.2243,21.7001915,SmoothCondition,HighCongestionCondition,AggressiveStyle
0.59997558,9.232379913,10.79738061,32.41649422,-3.152519227,7.087,39.2156868,1323.0,9.180000305,17.2783,21.78648567,SmoothCondition,HighCongestionCondition,AggressiveStyle
0.40002441,11.25899982,10.81989862,32.40618111,2.026619907,6.9545,29.41176605,1554.0,15.26000023,17.3207,21.95043373,SmoothCondition,HighCongestionCondition,AggressiveStyle
0.59997559,13.51079941,10.90246461,32.4901755,2.25179959,6.861,20.3921566,2028.0,15.02000046,17.259,22.21936417,SmoothCondition,HighCongestionCondition,AggressiveStyle
0.5,15.08705902,11.02631361,32.59274768,1.57625961,6.8844,10.98039246,2080.0,14.36999989,17.2281,22.39146042,SmoothCondition,HighCongestionCondition,AggressiveStyle
0.29998779,13.06044006,11.3190476,31.09889651,-0.45035935,6.8765,25.49019623,1751.0,11.90999985,17.2666,22.62528229,SmoothCondition,HighCongestionCondition,AggressiveStyle
0.09997559,13.73598003,11.5254626,29.47050255,0.67553997,6.9116,23.52941132,1947.0,14.48999977,17.2897,22.72903252,SmoothCondition,HighCongestionCondition,AggressiveStyle
-0.39996338,15.76259995,11.7881726,27.4531475,2.02661992,6.9662,22.35294151,2179.0,16.55999947,17.3013,22.95612907,SmoothCondition,HighCongestionCondition,AggressiveStyle
-0.59997558,16.43813896,12.06214159,25.38802265,0.67553901,6.9974,11.37254906,2358.0,18.93000031,17.2936,23.11562157,SmoothCondition,HighCongestionCondition,AggressiveStyle
-0.40002441,15.53741932,12.32109857,23.05851032,-0.90071964,7.0636,6.666666985,2253.0,16.48999977,17.2665,23.24971199,SmoothCondition,HighCongestionCondition,AggressiveStyle
-0.70001221,11.25899982,12.97036757,15.02995548,-1.80144024,7.1416,24.31372643,1665.0,10.5,17.2126,23.26973724,SmoothCondition,HighCongestionCondition,AggressiveStyle
-0.79998779,12.15971947,13.02666258,14.74054422,0.90071965,7.2001,23.13725471,1786.0,10.96000004,17.1933,23.22123909,SmoothCondition,HighCongestionCondition,AggressiveStyle
-0.89996338,14.18633938,13.1430056,14.45202102,0.22517967,7.0091,18.03921509,2114.0,16.29999924,17.2627,23.24486351,SmoothCondition,HighCongestionCondition,AggressiveStyle
-0.90002441,15.08705902,13.15426459,14.48867541,0.90071964,6.9273,18.8235302,2185.0,16.25,17.3902,23.26556396,UnevenCondition,NormalCongestionCondition,AggressiveStyle
-1.0,15.31223869,13.13174657,14.44089137,1.80143928,6.7364,19.2156868,2296.0,17.27000046,17.3825,23.36806488,UnevenCondition,NormalCongestionCondition,EvenPaceStyle
-1.09997559,16.88849831,13.12424055,14.38004398,1.57625962,6.8495,18.4313736,2324.0,18.07999992,17.3209,23.39236641,UnevenCondition,NormalCongestionCondition,EvenPaceStyle
-0.90002441,15.98777962,13.06794554,13.85558013,-0.90071869,6.8924,15.29411793,2301.0,17.29000092,17.2939,23.44515991,UnevenCondition,NormalCongestionCondition,EvenPaceStyle
-0.7000122,16.88849831,13.0041445,13.10729336,0.90071869,6.8534,20.7843132,2364.0,18.5,17.3479,23.50338554,UnevenCondition,NormalCongestionCondition,EvenPaceStyle
-0.2999878,17.11367989,12.97787351,12.84489686,0.22518158,6.9235,27.45098114,2579.0,22.55999947,17.3594,23.58780098,UnevenCondition,NormalCongestionCondition,EvenPaceStyle
-0.40002442,17.56403732,12.99288549,12.97094552,0.45035743,6.8026,0.0,1244.0,14.13000011,17.4173,23.63165092,UnevenCondition,NormalCongestionCondition,EvenPaceStyle
-0.2999878,19.5906601,13.1129815,13.68782009,2.02662278,6.7091,62.35294342,1476.0,17.38999939,17.3518,23.68087959,UnevenCondition,NormalCongestionCondition,EvenPaceStyle
-0.20001221,20.26619911,13.30813749,14.16451407,0.67553901,6.713,29.01960754,1596.0,11.25,17.3016,23.66469193,UnevenCondition,NormalCongestionCondition,EvenPaceStyle
-0.2000122,22.74317932,13.55208248,15.15421272,2.47698021,6.7403,26.27450943,1634.0,10.90999985,17.2669,23.60858154,UnevenCondition,NormalCongestionCondition,EvenPaceStyle
-0.19995118,23.41871834,13.81479247,16.14484203,0.67553902,6.6428,24.70588303,1686.0,10.97999954,17.1011,23.55042839,UnevenCondition,NormalCongestionCondition,EvenPaceStyle
-0.09997559,23.64389992,14.11127947,16.61897226,0.22518158,6.5414,26.27450943,1734.0,11.31999969,17.0663,23.4859581,UnevenCondition,NormalCongestionCondition,EvenPaceStyle
-0.2999878,23.86907959,14.44529647,16.32704027,0.22517967,6.4635,25.49019623,1757.0,11.39000034,17.1396,23.41694641,UnevenCondition,NormalCongestionCondition,EvenPaceStyle
-0.39996338,24.31943893,14.74928946,16.69947168,0.45035934,6.557,17.25490189,1766.0,15.32999992,17.1087,23.46459198,UnevenCondition,NormalCongestionCondition,EvenPaceStyle
-0.80004882,22.74317932,15.01575245,16.62726575,-1.57625961,6.5726,1.568627477,1566.0,14.77999973,17.0894,23.5230732,UnevenCondition,NormalCongestionCondition,EvenPaceStyle
-1.2000122,20.26619911,15.23717944,15.95034027,-2.47698021,6.6038,16.47058868,1453.0,9.970000267,17.0701,23.44510269,UnevenCondition,NormalCongestionCondition,EvenPaceStyle
-1.40002441,20.49137878,15.48863041,14.71521884,0.22517967,6.6155,25.09803963,1479.0,9.850000381,17.0586,23.33259773,UnevenCondition,NormalCongestionCondition,EvenPaceStyle
-1.7000122,21.84246063,15.75509343,13.75416795,1.35108185,6.7831,34.11764908,1577.0,11.59000015,17.0122,23.22406769,UnevenCondition,NormalCongestionCondition,EvenPaceStyle
-1.7999878,21.61728096,15.96526144,13.51994667,-0.22517967,6.8533,1.568627477,1464.0,13.42000008,16.9351,23.12782288,UnevenCondition,NormalCongestionCondition,EvenPaceStyle
-1.80004882,18.6899395,16.11162845,13.00210046,-2.92734146,6.9818,0.0,1257.0,11.73999977,16.8501,23.05106544,UnevenCondition,NormalCongestionCondition,EvenPaceStyle
-1.59997558,6.980579853,15.99528546,14.28873016,-7.205759527,7.2621,21.17647171,890.0,4.510000229,16.7305,22.88289261,UnevenCondition,NormalCongestionCondition,AggressiveStyle
-1.2999878,2.476979733,15.78511747,17.32719591,-4.50360012,7.2738,25.09803963,840.0,5.599999905,16.7151,22.88530159,UnevenCondition,NormalCongestionCondition,AggressiveStyle
-0.5,8.556839943,14.84686749,32.7489905,8.556839943,7.1685,33.72549057,1431.0,13.18999958,16.8885,22.87378311,UnevenCondition,NormalCongestionCondition,EvenPaceStyle
0.10003662,12.83525944,14.83185548,32.79643074,4.278419497,7.2504,41.17647171,1950.0,17.79999924,16.9348,22.90768242,UnevenCondition,NormalCongestionCondition,EvenPaceStyle
0.2999878,13.96115971,14.83936149,32.77964331,1.12590027,7.1724,1.960784316,1122.0,11.01000023,16.9772,22.90572739,UnevenCondition,NormalCongestionCondition,EvenPaceStyle
0.10003662,21.61728096,15.00824653,34.17040701,0.22518158,7.2893,14.11764717,1549.0,12.23999977,17.1854,23.01168251,UnevenCondition,NormalCongestionCondition,EvenPaceStyle
0.09997558,21.1669178,15.1170835,34.79888931,-0.45036316,7.2231,10.1960783,1414.0,10.86999989,17.2163,23.03906822,UnevenCondition,NormalCongestionCondition,EvenPaceStyle
0.2000122,18.23958015,15.19589651,34.91409519,-2.92733765,7.2192,7.058823586,1322.0,8.710000038,17.2318,22.96907616,UnevenCondition,NormalCongestionCondition,EvenPaceStyle
-0.10003662,17.56403732,15.26345048,34.95637869,-0.67554283,7.2231,16.47058868,1260.0,7.389999866,17.2549,22.82931137,UnevenCondition,NormalCongestionCondition,EvenPaceStyle
-0.2999878,18.46475983,15.30848643,35.10832466,0.90072251,7.1725,24.70588303,1304.0,8.31000042,17.3167,22.63839912,UnevenCondition,NormalCongestionCondition,EvenPaceStyle
-0.60003662,10.80864048,15.18463746,35.27999456,-6.30503941,7.1803,20.7843132,884.0,4.730000019,17.3167,22.37499809,UnevenCondition,NormalCongestionCondition,EvenPaceStyle
0.09997559,9.007200241,11.20270459,84.88296679,9.007200241,6.974,27.84313774,1421.0,14.30000019,17.3285,22.53810692,UnevenCondition,NormalCongestionCondition,EvenPaceStyle
-0.09997559,12.38489914,11.18393959,84.81600331,3.377698899,6.7481,35.29411697,1935.0,16.39999962,17.4096,22.6093483,UnevenCondition,NormalCongestionCondition,EvenPaceStyle
0.0,15.08705902,11.13890362,84.40829278,0.67553902,6.4088,82.35294342,1227.0,14.17000008,17.5869,22.62522507,UnevenCondition,NormalCongestionCondition,EvenPaceStyle
0.29998779,19.36548042,11.19519864,85.1536287,4.2784214,6.3698,63.13725662,1489.0,17.62999916,17.5985,22.64297676,UnevenCondition,NormalCongestionCondition,EvenPaceStyle
0.5,22.74317932,11.29277665,86.85483054,3.3776989,6.3347,43.92156982,1704.0,17.54999924,17.6216,22.67095184,UnevenCondition,NormalCongestionCondition,EvenPaceStyle
0.70001221,26.79641914,11.58551064,92.99558795,1.35108184,6.2607,28.23529434,1955.0,14.53999996,17.6756,22.76509094,UnevenCondition,NormalCongestionCondition,EvenPaceStyle
0.79998779,28.37267876,11.73187762,96.66408283,1.57625962,6.2334,26.27450943,2035.0,15.86999989,17.6949,22.776577,UnevenCondition,NormalCongestionCondition,AggressiveStyle
0.80004882,29.27339935,11.88199762,100.6220181,0.90072059,6.249,22.74509811,2079.0,14.47000027,17.7026,22.84327126,UnevenCondition,NormalCongestionCondition,AggressiveStyle
1.09997559,29.04821777,11.9870816,103.6059382,-0.22518158,6.3464,15.29411793,2051.0,20.17000008,17.6678,22.98004341,UnevenCondition,NormalCongestionCondition,AggressiveStyle
1.0,27.47196007,12.05463562,105.4504353,-1.5762577,6.5021,1.568627477,1857.0,18.67000008,17.6755,23.13005447,UnevenCondition,NormalCongestionCondition,AggressiveStyle
-0.40002441,11.93453979,11.75064265,101.0433511,-6.07986069,6.9227,17.64705849,954.0,5.289999962,17.4979,23.28513336,UnevenCondition,NormalCongestionCondition,AggressiveStyle
-0.5,3.602880001,11.20270468,99.04799727,-2.927340031,6.9773,26.27450943,855.0,5.599999905,17.4748,23.51290321,UnevenCondition,NormalCongestionCondition,AggressiveStyle
-0.59997558,3.377699852,10.9174767,98.54070801,-0.225180149,6.8173,32.15686417,1078.0,8.68999958,17.5518,23.67395401,UnevenCondition,NormalCongestionCondition,AggressiveStyle
-0.7000122,7.205760002,10.67353169,96.69072524,3.82806015,6.8407,60.7843132,1324.0,15.46000004,17.5941,23.83010483,UnevenCondition,NormalCongestionCondition,AggressiveStyle
-0.90002441,11.48418045,10.50464668,94.64293159,4.278420448,6.9227,43.52941132,1905.0,16.12999916,17.5595,24.08771133,UnevenCondition,NormalCongestionCondition,AggressiveStyle
-0.60003662,15.53741932,10.45210468,93.93384926,4.05323887,6.8798,6.274509907,1544.0,10.90999985,17.3899,24.24008751,UnevenCondition,NormalCongestionCondition,AggressiveStyle
-0.29998779,19.81583786,10.68854364,95.36079379,4.27841854,6.833,77.2549057,1529.0,19.04999924,17.3938,24.25546837,UnevenCondition,NormalCongestionCondition,AggressiveStyle
-0.19995118,23.19353867,11.03381962,96.74710207,3.37770081,6.9032,33.72549057,1688.0,13.56999969,17.3591,24.13420105,UnevenCondition,NormalCongestionCondition,AggressiveStyle
-0.2999878,24.31943893,11.40911961,98.15082821,1.12590026,6.9734,27.45098114,1748.0,11.42000008,17.3089,23.98563576,UnevenCondition,NormalCongestionCondition,AggressiveStyle
-0.60003662,24.09425926,11.81069059,98.50793334,-0.22517967,7.0046,2.745098114,1646.0,14.57999992,17.2704,23.96443367,UnevenCondition,NormalCongestionCondition,AggressiveStyle
-0.70001221,21.84246063,12.1747316,97.71458497,-2.25179863,7.1721,0.392156869,1457.0,12.85000038,17.2858,23.94274712,UnevenCondition,NormalCongestionCondition,AggressiveStyle
-0.90002442,19.14029884,12.49373658,95.92118135,-2.70216179,7.2617,0.0,1248.0,11.80000019,17.2511,24.0129776,UnevenCondition,NormalCongestionCondition,AggressiveStyle
-1.0,17.33885956,12.64010358,96.03458243,-1.80143928,7.211,39.2156868,1245.0,13.10999966,17.2858,24.06110382,UnevenCondition,NormalCongestionCondition,EvenPaceStyle
-0.79998779,18.23958015,12.73017559,96.5571125,0.90072059,7.1174,58.03921509,1435.0,16.32999992,17.3204,24.06218529,UnevenCondition,NormalCongestionCondition,EvenPaceStyle
-0.59997558,22.0676384,12.86528357,97.99063182,3.82805825,6.942,52.54901886,1676.0,17.27000046,17.3937,24.03000259,UnevenCondition,NormalCongestionCondition,EvenPaceStyle
-0.40002441,25.89570045,13.03041558,100.6754736,3.82806205,6.7473,43.13725662,1884.0,17.40999985,17.4168,23.94510651,UnevenCondition,NormalCongestionCondition,EvenPaceStyle
-0.90002441,28.14749908,13.14300558,103.3508612,2.25179863,6.5876,28.62745094,2035.0,16.10000038,17.4323,23.83614349,UnevenCondition,NormalCongestionCondition,EvenPaceStyle
-0.79998779,29.94893837,13.28186653,106.9011848,1.80143929,6.4825,26.27450943,2121.0,16.95000076,17.5481,23.78918648,SmoothCondition,LowCongestionCondition,EvenPaceStyle
-0.29998779,31.97555923,13.88985257,121.0163692,0.45035934,6.1707,30.98039246,2318.0,21.11000061,17.6754,23.63663292,SmoothCondition,LowCongestionCondition,EvenPaceStyle
-0.59997559,35.8036232,14.41902566,133.8312042,3.82806397,6.4438,0.0,1581.0,16.95000076,17.5021,23.56402969,SmoothCondition,LowCongestionCondition,EvenPaceStyle
-0.60003662,37.60506058,14.73803067,142.5620245,1.80143738,6.3931,71.76470947,1621.0,23.09000015,17.5252,23.5595932,SmoothCondition,LowCongestionCondition,EvenPaceStyle
-0.39996338,40.75757599,15.13209561,153.7833093,3.15251541,6.4009,76.47058868,1750.0,27.43000031,17.7063,23.58467484,SmoothCondition,LowCongestionCondition,EvenPaceStyle
0.20001221,44.13527679,15.68753955,167.4101089,3.3777008,6.4594,67.05882263,1907.0,32.43999863,17.6485,23.62464523,SmoothCondition,LowCongestionCondition,EvenPaceStyle
0.5,47.06261826,16.39310352,181.5530227,2.92734147,6.4633,62.74509811,2041.0,36.90000153,17.6755,23.63182068,SmoothCondition,LowCongestionCondition,EvenPaceStyle
0.89996338,50.44031906,17.19249251,197.2684976,3.3777008,6.3775,61.96078491,2174.0,37.61999893,17.6524,23.62850571,SmoothCondition,LowCongestionCondition,EvenPaceStyle
0.90002441,53.59283829,18.08570648,213.9046587,3.15251923,6.3385,61.17647171,2329.0,37.54999924,17.7257,23.65121841,SmoothCondition,LowCongestionCondition,EvenPaceStyle
1.0,57.87125778,19.99223037,250.986404,1.35108185,6.2021,2.352941275,1679.0,15.89000034,17.691,23.52942085,SmoothCondition,LowCongestionCondition,EvenPaceStyle
0.90002441,60.34823608,21.97006133,285.9637246,2.02661514,6.1047,60.39215851,1919.0,30.57999992,17.6717,23.43472099,SmoothCondition,LowCongestionCondition,EvenPaceStyle
0.79998779,62.14967728,23.00588928,304.0542596,1.8014412,6.0852,54.90196228,1972.0,30.79000092,17.61,23.38387489,SmoothCondition,LowCongestionCondition,EvenPaceStyle
0.29998779,65.52737427,25.13384014,338.1234198,3.37769699,6.1164,50.19607925,2082.0,26.22999954,17.5407,23.2661705,SmoothCondition,LowCongestionCondition,EvenPaceStyle
0.10003662,67.55399323,26.25974003,356.626817,2.02661896,6.093,49.01960754,2130.0,26.01000023,17.5753,23.25286484,SmoothCondition,LowCongestionCondition,EvenPaceStyle
0.09997559,70.48134613,29.72375891,403.5048143,1.80145264,6.0228,50.19607925,2253.0,28.15999985,17.5406,23.05424881,SmoothCondition,LowCongestionCondition,EvenPaceStyle
0.5,73.85903931,33.35290981,438.6416741,1.35108185,5.98,55.29411697,2381.0,31.62999916,17.5483,23.14459801,SmoothCondition,LowCongestionCondition,EvenPaceStyle
0.59997559,76.33602142,34.62517683,449.4554281,2.47698211,6.0424,47.84313965,2423.0,28.42000008,17.5329,23.05418205,SmoothCondition,LowCongestionCondition,EvenPaceStyle
0.7999878,78.1374588,35.77734781,469.0721752,1.80143738,6.0385,50.98039246,2450.0,26.68000031,17.3788,22.92287445,SmoothCondition,LowCongestionCondition,EvenPaceStyle
1.19995118,78.58782196,36.88072986,489.6227333,0.45036316,6.1321,41.5686264,2460.0,21.76000023,17.4135,22.79296303,SmoothCondition,LowCongestionCondition,EvenPaceStyle
1.2999878,76.11083984,37.90905185,506.0750955,-2.47698212,6.2023,40.7843132,2468.0,24.12000084,17.4019,22.69377327,SmoothCondition,LowCongestionCondition,EvenPaceStyle
0.5,78.1374588,38.95989185,523.5534936,2.02661896,6.3232,41.5686264,2483.0,24.70000076,17.4096,22.60153961,SmoothCondition,LowCongestionCondition,EvenPaceStyle
0.2000122,79.26335144,39.9581897,543.5642051,1.12589264,6.331,38.03921509,2494.0,26.01000023,17.4019,22.52543259,SmoothCondition,LowCongestionCondition,EvenPaceStyle
0.09997559,80.16407776,40.91520468,565.008344,0.90072632,6.2336,65.09803772,2532.0,41.34999847,17.4906,22.53886986,SmoothCondition,LowCongestionCondition,EvenPaceStyle
0.30004882,81.74034119,41.85345474,588.3059064,1.57626343,6.257,63.92156982,2575.0,39.99000168,17.5715,22.5489769,SmoothCondition,LowCongestionCondition,EvenPaceStyle
0.5,82.64105225,42.78419863,611.7794104,0.90071106,6.3077,58.03921509,2602.0,33.88999939,17.5599,22.53410912,SmoothCondition,LowCongestionCondition,EvenPaceStyle
0.2000122,83.09141541,43.69617757,634.9502153,0.45036316,6.4051,48.62745285,2496.0,19.94000053,17.5136,22.38830185,SmoothCondition,LowCongestionCondition,EvenPaceStyle
-0.09997559,81.28997803,44.56312055,654.6143152,-1.80143738,6.4948,0.0,2132.0,26.39999962,17.5676,22.32935143,SmoothCondition,LowCongestionCondition,EvenPaceStyle
-0.60003662,81.74034119,46.33453654,688.4011495,0.67554474,6.5143,77.2549057,2003.0,39.41999817,17.6678,22.43373871,SmoothCondition,LowCongestionCondition,EvenPaceStyle
0.89996338,82.64105225,47.31782242,701.033133,0.90071106,6.5923,67.05882263,2022.0,31.25,17.7101,22.34687042,SmoothCondition,LowCongestionCondition,EvenPaceStyle
2.10003662,81.74034119,49.5546104,701.1335206,-0.67553711,6.6274,44.70588303,1988.0,23.70999908,17.714,21.9778347,SmoothCondition,LowCongestionCondition,EvenPaceStyle
2.19995118,81.06479645,50.79685334,685.0183275,-0.67554474,6.6196,44.31372452,1977.0,25.06999969,17.6986,21.81285667,SmoothCondition,LowCongestionCondition,EvenPaceStyle
2.60003662,81.74034119,53.39392931,634.0541303,0.67554474,6.7365,40.0,1979.0,33.79000092,17.7677,21.71755791,SmoothCondition,LowCongestionCondition,EvenPaceStyle
3.5,80.83961487,54.62116022,609.1312986,-0.90072632,6.7599,33.72549057,1955.0,27.60000038,17.7175,21.58720398,SmoothCondition,LowCongestionCondition,EvenPaceStyle
4.60003662,79.93889618,56.8316772,568.2686457,0.22517395,6.6936,91.37255096,1982.0,33.54000092,17.8255,21.33443069,SmoothCondition,LowCongestionCondition,EvenPaceStyle
5.10003662,81.51515198,57.93130608,548.4636825,1.5762558,6.6663,79.60784149,2014.0,42.13999939,17.8178,21.27453232,SmoothCondition,LowCongestionCondition,EvenPaceStyle
5.90002442,83.09141541,58.98589904,533.4384657,1.57626343,6.6468,90.58823395,2061.0,40.11000061,17.8755,21.19317245,SmoothCondition,LowCongestionCondition,EvenPaceStyle
6.70001221,87.82019806,62.10088879,498.5108844,1.80144501,6.561,94.90196228,2167.0,43.27999878,17.8562,20.97611046,SmoothCondition,LowCongestionCondition,EvenPaceStyle
7.39996338,89.39645386,63.22678868,482.3794912,1.5762558,6.5259,88.62744904,2195.0,47.77000046,17.8023,20.91509628,SmoothCondition,LowCongestionCondition,EvenPaceStyle
7.70001221,90.97271729,64.42399565,461.0272826,1.57626343,6.5103,85.49019623,2243.0,46.22999954,17.864,20.85142326,SmoothCondition,LowCongestionCondition,EvenPaceStyle
7.7999878,92.32379913,65.67374465,435.0557003,1.35108184,6.4168,83.52941132,2274.0,46.15000153,17.8755,20.78325462,SmoothCondition,LowCongestionCondition,EvenPaceStyle
8.2000122,93.22451782,66.92349361,408.196934,0.90071869,6.409,61.56863022,2282.0,39.56000137,17.8717,20.6140728,SmoothCondition,LowCongestionCondition,EvenPaceStyle
7.5,93.90005493,68.12070055,384.9713213,0.67553711,6.4324,82.74510193,2300.0,41.83000183,17.8909,20.53549576,SmoothCondition,LowCongestionCondition,EvenPaceStyle
7.79998779,95.0259552,69.27287146,365.6711895,1.12590027,6.4285,78.4313736,2324.0,43.36999893,17.8293,20.46386147,SmoothCondition,LowCongestionCondition,EvenPaceStyle
8.09997559,95.92667389,70.40252438,347.7485113,0.90071869,6.2842,87.05882263,2354.0,50.93999863,17.7253,20.4094696,SmoothCondition,LowCongestionCondition,EvenPaceStyle
7.70001221,97.27775574,71.52467133,330.9727929,1.35108185,6.2569,78.03921509,2362.0,44.54000092,17.6559,20.33672523,SmoothCondition,LowCongestionCondition,EvenPaceStyle
7.59997558,97.7281189,72.65432434,312.0153715,0.45036316,6.2842,52.94117737,2369.0,35.59999847,17.6057,20.23921204,SmoothCondition,LowCongestionCondition,EvenPaceStyle
6.90002442,97.50293732,73.7539533,292.5797386,-0.22518158,6.3855,45.88235474,2374.0,32.52999878,17.6981,20.10359001,SmoothCondition,LowCongestionCondition,EvenPaceStyle
5.5,97.27775574,75.93444621,247.5160461,-0.22518158,6.3816,34.90196228,2359.0,22.75,17.5827,19.69850922,SmoothCondition,LowCongestionCondition,EvenPaceStyle
3.20001221,97.50293732,78.89931603,188.7331545,0.22518158,6.5883,18.03921509,2350.0,17.34000015,17.4825,19.03227615,SmoothCondition,LowCongestionCondition,EvenPaceStyle
2.79998779,98.85401917,79.81129507,174.1526359,1.35108185,6.6623,13.72549057,2326.0,17.20999908,17.4285,18.77540398,SmoothCondition,LowCongestionCondition,EvenPaceStyle
2.90002441,97.27775574,80.64821402,160.4335752,-1.57626343,6.7403,10.58823586,2295.0,17.37999916,17.3476,18.53137589,SmoothCondition,LowCongestionCondition,EvenPaceStyle
2.2999878,94.12523651,81.37629598,147.5065755,-3.15251923,6.8532,12.54901981,2273.0,17.84000015,17.2397,18.3474617,SmoothCondition,LowCongestionCondition,EvenPaceStyle
1.7000122,92.54897308,82.02556489,136.1102227,-1.57626343,6.9897,0.0,2241.0,24.57999992,17.178,18.21842194,SmoothCondition,LowCongestionCondition,EvenPaceStyle
-1.10003662,72.95832062,84.97167028,70.95890991,-1.12590027,8.0926,25.49019623,1768.0,19.37000084,16.8927,17.39780807,SmoothCondition,LowCongestionCondition,EvenPaceStyle
-0.20001221,73.1835022,85.04673042,68.80977218,0.22518158,8.1628,27.05882454,1776.0,21.44000053,16.9506,17.29346848,SmoothCondition,LowCongestionCondition,EvenPaceStyle
-0.79998779,72.50795746,85.08050728,67.87760193,-0.67554474,8.1199,3.921568632,1768.0,17.43000031,16.8621,17.13198471,SmoothCondition,LowCongestionCondition,EvenPaceStyle
-0.80004882,72.28277588,85.09551926,67.47287096,-0.22518158,8.0692,49.01960754,1778.0,25.32999992,16.8582,16.87963104,SmoothCondition,LowCongestionCondition,EvenPaceStyle
-1.0,77.68709564,85.17433218,65.84843159,1.80143738,8.0263,76.07843018,1924.0,30.90999985,16.9701,16.76938057,SmoothCondition,LowCongestionCondition,EvenPaceStyle
-1.29998779,81.96551514,85.32445208,63.92790631,2.47697449,7.6834,58.8235321,2021.0,31.39999962,16.9005,16.45270729,SmoothCondition,LowCongestionCondition,EvenPaceStyle
-0.5,84.21731567,85.40701815,63.31908903,2.25180053,7.5353,100.0,2095.0,40.81999969,16.9583,16.40716553,SmoothCondition,LowCongestionCondition,EvenPaceStyle
-0.09997559,87.59502411,85.53086726,62.91872683,3.37770844,7.3911,94.11764526,2180.0,51.63000107,17.0008,16.34671402,SmoothCondition,LowCongestionCondition,EvenPaceStyle
0.19995118,90.74754333,85.6809873,63.11353123,3.15251922,7.2351,100.0,2248.0,52.84999847,17.074,16.31759262,SmoothCondition,LowCongestionCondition,EvenPaceStyle
0.89996338,99.52954865,86.36028023,67.7148695,5.40431214,6.787,100.0,2468.0,47.66999817,17.3285,16.24266243,SmoothCondition,LowCongestionCondition,EvenPaceStyle
2.0,107.4108582,87.46741537,81.44653898,5.1791382,6.483,88.62744904,2651.0,60.97999954,17.5135,16.13293839,SmoothCondition,LowCongestionCondition,EvenPaceStyle
2.79998779,109.8878403,88.35312335,94.92162784,2.4769821,6.3973,73.72549438,2685.0,49.16999817,17.5906,16.14333725,SmoothCondition,LowCongestionCondition,EvenPaceStyle
2.90002441,111.0137405,88.85227242,102.4713714,1.1259002,6.3427,74.90196228,2718.0,51.27999878,17.5751,16.14723587,SmoothCondition,LowCongestionCondition,EvenPaceStyle
2.39996338,112.1396408,89.37018649,110.3622637,1.1259003,6.3388,74.11764526,2738.0,52.84000015,17.5597,16.1440506,SmoothCondition,LowCongestionCondition,EvenPaceStyle
2.59997558,112.3648148,89.88059438,118.072559,0.225174,6.5024,0.0,1632.0,50.52000046,17.5944,16.1052494,SmoothCondition,LowCongestionCondition,EvenPaceStyle
2.80004881,110.5633774,90.37599043,123.6880364,-1.8014374,6.4712,80.39215851,2219.0,22.89999962,17.4863,15.9656086,SmoothCondition,LowCongestionCondition,EvenPaceStyle
2.79998779,111.0137405,90.8976574,128.7033683,0.4503631,6.4634,63.52941132,2234.0,43.08000183,17.5326,15.93444061,SmoothCondition,LowCongestionCondition,EvenPaceStyle
2.4000244,111.0137405,91.91096751,138.0031961,-0.225174,6.5414,57.64706039,2227.0,36.22999954,17.656,15.82030392,SmoothCondition,LowCongestionCondition,EvenPaceStyle
2.5,111.2389145,92.3800925,142.7926934,0.225174,6.5258,61.17647171,2231.0,35.45000076,17.6985,15.73320675,SmoothCondition,LowCongestionCondition,EvenPaceStyle
1.0,111.0137405,93.23952968,152.2605237,-0.225174,6.6818,45.49019623,2219.0,21.20000076,17.5674,15.45506287,SmoothCondition,LowCongestionCondition,EvenPaceStyle
1.30004881,110.3381958,93.61482964,156.5748326,-0.6755447,6.8299,34.90196228,2209.0,19.92000008,17.6636,15.28763294,SmoothCondition,LowCongestionCondition,EvenPaceStyle
1.29998781,109.8878403,93.95635275,160.6429325,-0.4503555,6.9741,54.50980377,2198.0,32.72000122,17.6173,15.20515251,SmoothCondition,LowCongestionCondition,EvenPaceStyle
0.8999634,109.6626511,94.26785164,164.574523,-0.2251892,7.0599,49.01960754,2197.0,28.04000092,17.5634,15.10848904,SmoothCondition,LowCongestionCondition,EvenPaceStyle
0.5,109.4374771,94.55307961,168.3280297,-0.225174,7.134,52.15686417,2194.0,27.10000038,17.5943,15.0027256,SmoothCondition,LowCongestionCondition,EvenPaceStyle
0.2000122,109.2122955,94.81954257,171.8681548,-0.2251816,7.2236,51.37255096,2186.0,26.21999931,17.5365,14.89012432,SmoothCondition,LowCongestionCondition,EvenPaceStyle
-0.4000244,109.2122955,95.52885971,181.7447873,0.2251739,7.477,54.11764908,2190.0,29.18000031,17.5402,14.60451794,SmoothCondition,LowCongestionCondition,EvenPaceStyle
-0.7999878,107.4108582,96.28696569,193.0184272,-2.0266189,7.5666,16.47058868,2140.0,13.97999954,17.4162,14.029562,SmoothCondition,LowCongestionCondition,EvenPaceStyle
-0.9000244,106.2849579,96.43708573,194.6731056,-1.1259003,7.4186,37.25490189,2125.0,28.28000069,17.3584,13.94677639,SmoothCondition,LowCongestionCondition,EvenPaceStyle
-0.5,105.8346024,96.57969984,196.1372796,-0.4503555,7.4342,59.2156868,2122.0,35.86999893,17.4395,13.88642025,SmoothCondition,LowCongestionCondition,EvenPaceStyle
-0.3000488,106.0597763,96.72606685,197.6304858,0.2251739,7.4653,61.96078491,2131.0,37.38000107,17.478,13.82937336,SmoothCondition,LowCongestionCondition,EvenPaceStyle
-0.2000122,106.2849579,96.87243386,199.1471549,0.2251816,7.4341,61.17647171,2134.0,38.43000031,17.4664,13.77579975,SmoothCondition,LowCongestionCondition,EvenPaceStyle
0.5999756,105.8346024,97.13889695,201.8685947,-0.4503555,7.5355,34.11764908,2112.0,25.40999985,17.447,13.61616611,SmoothCondition,LowCongestionCondition,EvenPaceStyle
1.1999512,104.933876,97.31904094,202.7115174,-0.9007264,7.551,56.47058868,2107.0,37.90999985,17.362,13.56396675,SmoothCondition,LowCongestionCondition,EvenPaceStyle
3.0999756,105.8346024,97.77315407,203.6453819,0.9007264,7.4419,63.52941132,2118.0,36.11000061,17.3237,13.46022224,SmoothCondition,LowCongestionCondition,EvenPaceStyle
3.3999634,105.6094208,98.3210921,202.9426631,-0.2251816,7.4731,23.92156982,2088.0,17.06999969,17.173,13.2399025,SmoothCondition,LowCongestionCondition,EvenPaceStyle
4.0,104.2583389,98.65135613,200.1645452,-1.3510819,7.4692,25.88235283,2054.0,20.11000061,17.1692,13.15527439,SmoothCondition,LowCongestionCondition,EvenPaceStyle
4.9000244,101.7813492,99.40946211,187.1782391,-0.4503708,7.3445,54.11764908,2037.0,26.78000069,17.0959,13.10998917,SmoothCondition,LowCongestionCondition,EvenPaceStyle
4.4000244,101.5561752,100.2914168,166.6665793,-0.225174,7.3017,68.23529816,2043.0,37.09999847,17.0729,13.05486202,SmoothCondition,LowCongestionCondition,EvenPaceStyle
5.1000366,102.006546,100.7755539,153.8153962,0.4503708,7.2822,69.80392456,2058.0,39.20000076,16.9725,13.04373169,SmoothCondition,LowCongestionCondition,EvenPaceStyle
4.2000122,102.4569016,101.2634439,140.717488,0.4503556,7.2744,67.45098114,2053.0,37.84000015,17.0225,13.01574326,SmoothCondition,LowCongestionCondition,EvenPaceStyle
4.7000122,102.6820755,101.7663459,126.4795201,0.2251739,7.2705,67.84313965,2062.0,34.95000076,17.1115,12.95507431,SmoothCondition,LowCongestionCondition,EvenPaceStyle
5.9000244,103.8079758,103.6503521,73.90412286,0.6755295,7.0795,86.27451324,2091.0,40.45999908,17.1424,12.89297104,SmoothCondition,LowCongestionCondition,EvenPaceStyle
6.7999878,104.2583389,104.0706881,63.46360703,0.4503631,7.0288,85.49019623,2098.0,43.47000122,17.1077,12.87085247,SmoothCondition,LowCongestionCondition,EvenPaceStyle
6.9000244,105.1590576,104.4985301,53.0554655,0.9007187,6.8924,100.0,2127.0,45.86999893,17.0345,12.86136818,SmoothCondition,LowCongestionCondition,EvenPaceStyle
7.2999878,106.5101395,104.9488901,42.31610202,1.3510819,6.7481,90.98039246,2152.0,50.43000031,17.131,12.84162045,SmoothCondition,LowCongestionCondition,EvenPaceStyle
7.1000366,107.1856766,105.3692261,33.26808082,0.6755371,6.6935,94.50980377,2179.0,49.29000092,17.2777,12.80000687,SmoothCondition,LowCongestionCondition,EvenPaceStyle
6.4000244,108.5367584,105.7745501,25.68795696,1.3510818,6.6857,96.07843018,2192.0,51.83000183,17.3701,12.76327324,SmoothCondition,LowCongestionCondition,EvenPaceStyle
5.6000366,110.1130219,106.461349,16.32578258,0.6755448,6.639,78.03921509,2221.0,40.93999863,17.5362,12.67687607,SmoothCondition,LowCongestionCondition,EvenPaceStyle
5.7000122,110.5633774,106.735318,13.95533215,0.4503555,6.5299,88.23529816,2234.0,39.59000015,17.54,12.63917542,SmoothCondition,LowCongestionCondition,EvenPaceStyle
4.1999512,111.0137405,107.0167931,11.48985844,0.4503631,6.4636,89.41176605,2238.0,43.54999924,17.4821,12.60433388,SmoothCondition,LowCongestionCondition,EvenPaceStyle
3.2999878,111.6892776,107.2194552,10.86797651,0.6755371,6.4792,59.60784531,2239.0,45.36000061,17.5516,12.5730629,SmoothCondition,LowCongestionCondition,EvenPaceStyle
1.7000122,111.4640961,107.5309541,10.57000006,-0.2251815,6.5532,53.33333588,2238.0,40.09000015,17.6861,12.52539253,SmoothCondition,LowCongestionCondition,EvenPaceStyle
1.7999878,112.1396408,107.6773211,11.16992133,0.6755447,6.6234,64.31372833,2257.0,40.11999893,17.9329,12.49353504,SmoothCondition,LowCongestionCondition,EvenPaceStyle
1.3999634,112.3648148,107.718604,11.45778481,0.225174,6.5883,71.37255096,2262.0,38.04000092,17.8097,12.46410275,SmoothCondition,LowCongestionCondition,EvenPaceStyle
0.4000244,113.0403519,107.7561338,11.78694202,0.6755371,6.7559,67.45098114,2269.0,40.18999863,17.5773,12.4419117,SmoothCondition,LowCongestionCondition,EvenPaceStyle
-0.2999878,113.2655411,107.7711459,11.94118111,0.2251892,6.8377,43.13725662,2271.0,37.45999908,17.5888,12.42253113,SmoothCondition,LowCongestionCondition,EvenPaceStyle
-0.5,113.0403519,107.8124288,12.27788821,-0.2251892,6.8845,46.66666794,2258.0,33.20999908,17.5271,12.38136673,SmoothCondition,LowCongestionCondition,EvenPaceStyle
-0.7000122,112.5899963,107.8386997,12.49035168,-0.4503556,7.0014,57.64706039,2260.0,27.95999908,17.581,12.30090046,SmoothCondition,LowCongestionCondition,EvenPaceStyle
-1.2999878,112.8151779,107.8649708,12.7134443,0.2251816,7.0755,64.31372833,2265.0,30.60000038,17.6889,12.22462273,SmoothCondition,LowCongestionCondition,EvenPaceStyle
-1.7000122,113.2655411,107.9025008,13.03830699,0.4503632,7.134,63.52941132,2262.0,34.56000137,17.6773,12.16465187,SmoothCondition,LowCongestionCondition,EvenPaceStyle
-2.0999756,113.7158966,107.9813138,13.75674269,0.2251816,7.3289,52.54901886,2278.0,30.09000015,17.6927,12.05968285,SmoothCondition,LowCongestionCondition,EvenPaceStyle
-1.8000488,113.9410706,108.0863977,14.65489657,0.225174,7.3601,54.50980377,2274.0,28.97999954,17.5695,11.93382263,SmoothCondition,LowCongestionCondition,EvenPaceStyle
-1.3999634,113.7158966,108.1501986,15.13289368,-0.225174,7.4614,49.41176605,2279.0,29.85000038,17.685,11.88059044,SmoothCondition,LowCongestionCondition,EvenPaceStyle
-2.1000366,112.5899963,108.4204147,16.86274253,-1.1259003,7.555,49.01960754,2268.0,25.30999947,17.3524,11.66378307,SmoothCondition,LowCongestionCondition,EvenPaceStyle
-1.7000122,112.3648148,108.5330046,17.3921473,-0.2251815,7.5744,53.33333588,2253.0,26.46999931,17.2714,11.54829597,SmoothCondition,LowCongestionCondition,EvenPaceStyle
-0.5,111.2389145,108.7394197,18.10582774,-0.9007263,7.5822,0.0,2210.0,18.62000084,17.4037,11.30280018,SmoothCondition,LowCongestionCondition,EvenPaceStyle
-0.6999512,108.9871216,108.7844558,18.00269687,-2.2517929,7.6095,15.29411793,2180.0,22.62999916,17.446,11.21909142,SmoothCondition,LowCongestionCondition,EvenPaceStyle
-1.2999878,107.4108582,108.8107267,17.88648883,-1.5762634,7.6445,58.03921509,2169.0,26.51000023,17.627,11.14792156,SmoothCondition,LowCongestionCondition,EvenPaceStyle
-1.1999512,108.5367584,108.9458346,17.41621227,0.2251816,7.3834,78.03921509,2191.0,38.70999908,17.152,11.01550198,SmoothCondition,LowCongestionCondition,EvenPaceStyle
-0.8000488,110.3381958,109.0359066,17.16801024,1.8014374,7.3093,77.2549057,2207.0,39.88000107,17.0672,10.98431396,SmoothCondition,LowCongestionCondition,EvenPaceStyle
-0.4000244,111.9144516,109.2273094,16.84104197,1.5762558,7.2742,78.8235321,2260.0,41.63000107,17.0518,10.95636559,SmoothCondition,LowCongestionCondition,EvenPaceStyle
4.5999756,105.3842392,111.5916995,18.32869905,0.0,7.2431,17.25490189,2061.0,20.0,17.5012,9.719446182,SmoothCondition,LowCongestionCondition,EvenPaceStyle
3.8999634,100.8806381,111.3027186,19.44376059,-4.5036011,7.3756,19.2156868,2024.0,15.35999966,17.5166,9.68446064,SmoothCondition,LowCongestionCondition,EvenPaceStyle
4.2000122,98.85401917,110.9611956,20.85540722,-2.02661893,7.4613,0.0,1966.0,17.55999947,17.4281,9.672769547,SmoothCondition,LowCongestionCondition,EvenPaceStyle
4.5,70.25614929,107.4521407,94.31063714,-6.07987213,8.3027,13.72549057,1041.0,16.46999931,16.5054,9.472568512,SmoothCondition,LowCongestionCondition,EvenPaceStyle
5.5,56.0698204,105.5756406,167.3038349,-6.53021241,8.4352,21.17647171,904.0,8.449999809,16.3973,9.289259911,SmoothCondition,LowCongestionCondition,EvenPaceStyle
6.9000244,52.01657867,103.4439367,254.3141189,-0.90072251,8.3222,47.84313965,2235.0,35.24000168,16.5285,9.266197205,SmoothCondition,LowCongestionCondition,AggressiveStyle
7.1000366,53.36766052,102.3893437,292.7324545,1.35108185,8.2325,43.13725662,2282.0,30.19000053,16.5247,9.266339302,SmoothCondition,LowCongestionCondition,AggressiveStyle
5.6999512,54.04319763,100.3364527,363.1502211,0.67553711,8.0806,32.15686417,2286.0,18.19000053,16.4325,9.239701271,SmoothCondition,LowCongestionCondition,AggressiveStyle
4.6000366,53.81801987,98.3811397,428.0408884,0.22518158,8.0066,34.50980377,2343.0,19.23999977,16.5251,9.213179588,SmoothCondition,LowCongestionCondition,AggressiveStyle
3.7000122,54.94392014,97.43163084,455.9993204,1.12590027,7.9676,25.09803963,2379.0,20.60000038,16.6139,9.202832222,SmoothCondition,LowCongestionCondition,AggressiveStyle
3.6000366,55.84463882,96.49338081,480.7507367,0.90071868,8.0183,20.7843132,2380.0,18.62000084,16.6409,9.193245888,SmoothCondition,LowCongestionCondition,AggressiveStyle
1.2000122,56.97053528,94.62813988,523.1545212,1.12589646,7.9131,25.09803963,2431.0,19.94000053,16.5986,9.173518181,SmoothCondition,LowCongestionCondition,AggressiveStyle
0.3999634,56.29499817,93.68988991,541.6966006,-0.67553711,7.8118,19.2156868,2426.0,19.10000038,16.641,9.163609505,SmoothCondition,LowCongestionCondition,AggressiveStyle
-0.3999634,56.0698204,91.79462516,573.0397378,-0.22517777,7.7924,21.56862831,2417.0,19.55999947,16.9387,9.184024811,SmoothCondition,LowCongestionCondition,AggressiveStyle
-2.9000244,57.64608002,88.09792036,609.1657098,0.22518158,7.329,33.72549057,2459.0,22.09000015,17.2477,9.196426392,SmoothCondition,LowCongestionCondition,AggressiveStyle
-3.6000366,58.77198029,87.20095342,612.7568284,1.12590027,7.2004,31.37254906,2502.0,22.43000031,17.3018,9.211571693,SmoothCondition,LowCongestionCondition,AggressiveStyle
-3.7000122,59.67269897,86.33401045,614.6726142,0.90071868,7.1654,28.23529434,2538.0,21.61000061,17.3326,9.243817329,SmoothCondition,LowCongestionCondition,EvenPaceStyle
-2.7999878,60.12305832,85.50084439,616.027236,0.45035935,7.1498,38.82352829,2620.0,21.97999954,17.3172,9.280720711,SmoothCondition,LowCongestionCondition,EvenPaceStyle
-1.2000122,65.07701874,83.99964441,612.2383198,3.15251923,7.2199,48.62745285,2644.0,43.90000153,17.3442,9.335105896,SmoothCondition,LowCongestionCondition,EvenPaceStyle
-1.3000488,68.00435638,82.70485936,603.9089937,1.80143737,7.0834,85.49019623,2226.0,38.63999939,17.3828,9.383831024,SmoothCondition,LowCongestionCondition,EvenPaceStyle
1.0,74.53457642,81.67653726,590.7735421,2.92733002,7.0444,19.6078434,2320.0,44.49000168,17.2978,9.443713188,SmoothCondition,LowCongestionCondition,EvenPaceStyle
1.9000244,74.30940247,81.2111653,584.3119298,-0.22517395,7.0911,1.960784316,2302.0,28.37000084,17.2862,9.458897591,SmoothCondition,LowCongestionCondition,EvenPaceStyle
2.0999756,76.78637695,80.78332323,576.807091,2.47697448,7.1418,1.176470637,2249.0,28.07999992,17.2901,9.474738121,SmoothCondition,LowCongestionCondition,EvenPaceStyle
2.0,75.66047668,80.33671614,569.0872958,-1.12590027,7.2391,0.0,2181.0,26.29999924,17.2167,9.500847816,SmoothCondition,LowCongestionCondition,EvenPaceStyle
0.8999634,115.29216,114.1324793,8.430650167,0.0,7.5626,9.019607544,2249.0,21.03000069,17.3706,10.12609959,SmoothCondition,LowCongestionCondition,EvenPaceStyle
1.0,113.2655411,114.1474915,8.390199695,-2.0266189,7.5899,50.98039246,2231.0,31.78000069,17.3629,10.10368443,SmoothCondition,LowCongestionCondition,EvenPaceStyle
1.4000244,111.4640961,114.1324795,8.458151441,-1.801445,7.5977,61.96078491,2234.0,38.61999893,17.3282,10.10001564,SmoothCondition,LowCongestionCondition,EvenPaceStyle
2.2000122,111.9144516,114.1287263,8.474209009,0.4503555,7.5899,66.27451324,2240.0,37.56000137,17.3359,10.09855461,SmoothCondition,LowCongestionCondition,EvenPaceStyle
3.0,112.3648148,114.1474913,8.385043653,0.225174,7.5353,69.41176605,2251.0,39.61000061,17.3319,10.10937977,SmoothCondition,LowCongestionCondition,EvenPaceStyle
4.0,112.5899963,114.2901052,7.238802332,0.2251815,7.4185,67.45098114,2266.0,39.00999832,17.49,10.10270023,SmoothCondition,LowCongestionCondition,EvenPaceStyle
3.9000244,113.0403519,114.3839301,6.454220257,0.4503556,7.2626,67.05882263,2265.0,38.38000107,17.2547,10.11261749,SmoothCondition,LowCongestionCondition,EvenPaceStyle
4.5,112.8151779,114.537803,5.252502025,-0.225174,7.2821,52.15686417,2264.0,36.25,17.2547,10.08372021,SmoothCondition,LowCongestionCondition,EvenPaceStyle
3.7999878,113.0403519,114.695429,4.157595921,0.225174,7.2081,45.88235474,2262.0,29.23999977,17.1776,10.02427197,SmoothCondition,LowCongestionCondition,EvenPaceStyle
3.9000244,112.5899963,114.7066881,4.101518049,-0.4503556,7.2549,50.58823776,2242.0,22.96999931,17.1313,9.979989052,SmoothCondition,LowCongestionCondition,EvenPaceStyle
3.5,111.6892776,114.687923,4.194837162,-0.9007187,7.325,24.31372643,2227.0,15.39999962,17.1352,9.898593903,SmoothCondition,LowCongestionCondition,EvenPaceStyle
3.1000366,110.1130219,114.6316282,4.522062019,-1.5762557,7.403,26.66666794,2197.0,20.94000053,17.1275,9.849507332,SmoothCondition,LowCongestionCondition,EvenPaceStyle
3.0999756,108.5367584,114.5378033,5.139056525,-1.5762635,7.4419,11.37254906,2157.0,15.98999977,17.1236,9.779630661,SmoothCondition,LowCongestionCondition,EvenPaceStyle
2.9000244,106.0597763,114.2788462,6.888285164,-2.4769821,7.3329,48.62745285,2122.0,30.09000015,17.1854,9.727073669,SmoothCondition,LowCongestionCondition,EvenPaceStyle
3.1000366,105.8346024,114.1137143,8.032807426,-0.2251739,7.2939,56.86274719,2110.0,20.39999962,17.0195,9.685084343,SmoothCondition,LowCongestionCondition,EvenPaceStyle
3.5,104.7087021,113.9223115,9.421506751,-1.1259003,7.3874,10.58823586,2083.0,14.64999962,17.0156,9.61475563,SmoothCondition,LowCongestionCondition,EvenPaceStyle
3.0999756,103.1324463,113.7046378,11.25918199,-1.5762558,7.4264,30.98039246,2064.0,22.44000053,17.0658,9.577043533,SmoothCondition,LowCongestionCondition,EvenPaceStyle
3.2000122,102.23172,113.4719519,13.33016462,-0.9007263,7.4381,53.33333588,2057.0,31.11000061,17.0928,9.561545372,SmoothCondition,LowCongestionCondition,EvenPaceStyle
3.5,102.4569016,113.2317599,15.13243211,0.2251816,7.4264,77.2549057,2066.0,49.61000061,17.1624,9.571009636,SmoothCondition,LowCongestionCondition,EvenPaceStyle
4.0999756,112.5899963,112.1734141,17.81383141,2.0266189,7.095,97.2549057,2321.0,51.31999969,17.417,9.80115509,SmoothCondition,LowCongestionCondition,EvenPaceStyle
5.7999878,115.7425156,112.2747452,18.1359004,0.9007187,7.0599,64.31372833,2324.0,41.84999847,17.4555,9.883758545,SmoothCondition,LowCongestionCondition,EvenPaceStyle
5.6000366,115.29216,112.3197812,18.28647183,-0.4503556,7.056,58.03921509,2305.0,38.36999893,17.4902,9.894608498,SmoothCondition,LowCongestionCondition,EvenPaceStyle
6.3000488,114.8417969,112.3573113,18.39160804,-0.4503631,7.0638,39.2156868,2301.0,32.79000092,17.5557,9.894906998,SmoothCondition,LowCongestionCondition,EvenPaceStyle
6.0999756,113.490715,112.3723232,18.41223415,-1.3510819,6.9859,44.70588303,2277.0,30.45000076,17.4862,9.892063141,SmoothCondition,LowCongestionCondition,EvenPaceStyle
5.5999756,112.5899963,112.3573113,18.39160804,-0.9007187,7.0287,45.49019623,2259.0,31.42000008,17.4708,9.89303875,SmoothCondition,LowCongestionCondition,EvenPaceStyle
6.0999756,111.9144516,112.3347931,18.38043549,-0.6755447,7.0521,32.15686417,2236.0,23.46999931,17.4245,9.877230644,SmoothCondition,LowCongestionCondition,EvenPaceStyle
6.2000122,110.1130219,112.2747452,18.42810456,-1.8014297,7.1183,30.19607925,2214.0,19.37000084,17.6788,9.847765923,SmoothCondition,LowCongestionCondition,EvenPaceStyle
6.6000366,108.5367584,112.1546492,18.44643899,-1.5762635,7.0599,26.27450943,2185.0,21.12999916,17.6209,9.826781273,SmoothCondition,LowCongestionCondition,EvenPaceStyle
5.2999878,105.3842392,111.8056203,18.37360274,-3.1525192,7.1924,0.0,2112.0,16.21999931,17.5167,9.745182991,SmoothCondition,LowCongestionCondition,EvenPaceStyle
0.0,60.57342148,61.98079357,109.5003165,-1.5762558,7.6096,12.15686321,1890.0,12.98999977,17.1125,9.459590912,SmoothCondition,LowCongestionCondition,EvenPaceStyle
0.2000122,60.12305832,62.05585353,109.0837826,-0.67554092,7.5979,23.13725471,1893.0,12.78999996,17.0662,9.439699173,SmoothCondition,LowCongestionCondition,EvenPaceStyle
0.9000244,60.34823608,62.06711248,109.0368153,0.22517776,7.5707,22.74509811,1889.0,13.60000038,17.0971,9.432744026,SmoothCondition,LowCongestionCondition,EvenPaceStyle
1.2999878,59.89787674,62.06335945,109.0524999,-0.45035934,7.5824,23.92156982,1904.0,12.97000027,17.3086,9.421323776,SmoothCondition,LowCongestionCondition,EvenPaceStyle
3.2999878,59.67269897,61.94326344,109.0442494,-0.45035935,7.6408,0.0,1887.0,18.29999924,17.2044,9.42388916,SmoothCondition,LowCongestionCondition,EvenPaceStyle
2.5999756,58.77198029,61.81941446,108.8915724,-0.90071868,7.6174,17.64705849,1845.0,14.46000004,17.2121,9.436071396,SmoothCondition,LowCongestionCondition,EvenPaceStyle
2.2000122,59.22233582,61.67304745,108.3357404,0.45035553,7.6018,9.019607544,1842.0,12.80000019,17.1581,9.434657097,SmoothCondition,LowCongestionCondition,EvenPaceStyle
-0.7000122,54.71873856,60.83612824,101.783615,-2.70215988,7.6759,2.352941275,1734.0,18.84000015,17.2198,9.473625183,SmoothCondition,LowCongestionCondition,EvenPaceStyle
-0.3000488,53.81801987,60.45332228,98.15736058,-0.90071869,7.6447,14.90196133,1687.0,17.89999962,17.2583,9.49047184,SmoothCondition,LowCongestionCondition,EvenPaceStyle
-0.0999756,53.36766052,60.08177535,94.94831364,-0.45035935,7.6213,11.37254906,1665.0,12.11999989,17.2198,9.488097191,SmoothCondition,LowCongestionCondition,EvenPaceStyle
-1.6999512,52.24176025,59.58262628,94.24479937,-1.12590027,7.6524,19.2156868,1640.0,11.93000031,17.189,9.512104988,SmoothCondition,LowCongestionCondition,EvenPaceStyle
-1.4000244,41.43312073,59.42124755,95.9239226,-2.92734146,7.851,45.88235474,1321.0,14.11999989,17.3202,9.502795219,SmoothCondition,LowCongestionCondition,EvenPaceStyle
-1.7000122,43.68492126,59.67645156,85.89169114,0.67554473,7.6639,70.98039246,1425.0,18.07999992,17.4166,9.511674881,SmoothCondition,LowCongestionCondition,EvenPaceStyle
-0.8000488,49.31441879,59.93916156,77.35932725,3.15251922,7.5898,61.17647171,1541.0,20.90999985,17.2399,9.51697731,SmoothCondition,LowCongestionCondition,EvenPaceStyle
0.6999512,51.11585999,60.1080466,73.48740556,-0.67554092,7.5509,5.09803915,1601.0,16.37000084,17.2708,9.507126808,SmoothCondition,LowCongestionCondition,EvenPaceStyle
2.0,49.53959656,60.09303455,73.79611164,-1.57626343,7.5703,0.0,1557.0,15.35000038,17.1705,9.496085167,SmoothCondition,LowCongestionCondition,EvenPaceStyle
2.5999756,30.84966087,58.72694254,105.0367553,-7.20575905,8.0919,18.8235302,1241.0,10.77000046,16.572,9.470746994,SmoothCondition,LowCongestionCondition,EvenPaceStyle
1.9000244,15.08705902,56.46763649,181.1311523,-1.57625961,8.1151,19.2156868,1054.0,7.849999905,16.2978,9.474908829,SmoothCondition,LowCongestionCondition,EvenPaceStyle
1.5,14.18633938,55.60819955,209.2189565,-0.90071964,7.8423,36.47058868,1006.0,11.10000038,16.2592,9.495223045,SmoothCondition,LowCongestionCondition,EvenPaceStyle
1.2000122,19.36548042,54.80505767,228.4076089,5.17914104,7.7177,71.76470947,1243.0,14.59000015,16.3016,9.51764679,SmoothCondition,LowCongestionCondition,EvenPaceStyle
2.6000366,18.6899395,53.13497278,262.0074448,-0.67554092,7.628,34.11764908,1322.0,9.880000114,16.4326,9.602276802,SmoothCondition,LowCongestionCondition,EvenPaceStyle
3.4000244,20.94173813,52.31681883,274.0543414,2.25179863,7.6007,50.98039246,1469.0,17.26000023,16.5211,9.641249657,SmoothCondition,LowCongestionCondition,EvenPaceStyle
3.9000244,21.1669178,51.49491169,284.2210262,0.22517967,7.5695,41.17647171,1738.0,23.95000076,16.444,9.680976868,SmoothCondition,LowCongestionCondition,EvenPaceStyle
3.8000488,27.02159882,49.98995856,290.8669608,2.02661896,7.7956,10.58823586,2003.0,14.07999992,16.5404,9.734101295,SmoothCondition,LowCongestionCondition,EvenPaceStyle
8.39996338,10.5834589,38.811063580731144,171.92088758076872,2.702158927,-0.39,29.41176605,1844.0,14.25,0.242,51.09474945,SmoothCondition,LowCongestionCondition,EvenPaceStyle
3.7000122,26.12088013,49.23560561,292.1884543,-0.90071869,7.8424,9.411765099,1947.0,13.27999973,16.5173,9.751473427,SmoothCondition,LowCongestionCondition,EvenPaceStyle
3.5,24.54461861,48.48875861,295.0930365,-1.57626152,7.9125,1.176470637,1797.0,15.52000046,16.5404,9.775564194,SmoothCondition,LowCongestionCondition,EvenPaceStyle
2.7999878,23.86907959,47.73065263,297.4019652,-0.67553902,7.9943,0.0,1627.0,16.46999931,16.5674,9.795676231,SmoothCondition,LowCongestionCondition,EvenPaceStyle
2.1999512,16.21295929,46.00051977,307.7135592,-3.60287857,8.0644,16.86274529,1016.0,10.57999992,16.5751,9.826365471,SmoothCondition,LowCongestionCondition,EvenPaceStyle
1.5,5.854679585,43.95888795,331.5918079,-5.629500865,7.9202,23.13725471,839.0,7.050000191,16.7451,9.870547295,SmoothCondition,LowCongestionCondition,EvenPaceStyle
0.5,4.053239822,42.85925903,345.8317398,-1.801439763,7.7101,30.19607925,826.0,7.940000057,16.8958,9.903621674,SmoothCondition,LowCongestionCondition,EvenPaceStyle
0.0999756,3.602880001,41.75963003,358.6195557,-0.450359821,7.6245,21.56862831,938.0,6.570000172,16.9538,9.933501244,SmoothCondition,LowCongestionCondition,AggressiveStyle
-0.35897824593764377,37.47805300018729,38.811063580731144,171.92088758076872,-0.00018182406055956946,-0.0273,40.0,856.0,9.180000305,0.0117,114.5074081,SmoothCondition,LowCongestionCondition,EvenPaceStyle
-1.5,24.76979828,13.39418838,33.88636175,3.3776989,-0.621,43.52941132,1875.0,24.46999931,0.531,27.90296555,SmoothCondition,LowCongestionCondition,EvenPaceStyle
-1.2999878,27.02159882,13.63326575,36.53925368,2.25180054,-0.672,38.4313736,2007.0,20.87000084,0.652,27.83775902,SmoothCondition,LowCongestionCondition,EvenPaceStyle
-1.20001221,28.59786034,13.891276,39.75923296,1.57626152,-0.648,32.94117737,2118.0,20.23999977,0.847,27.71776009,SmoothCondition,LowCongestionCondition,EvenPaceStyle
-1.0,30.17411804,14.16725638,43.56747377,1.5762577,-0.625,27.05882454,2149.0,18.73999977,0.882,27.55586243,SmoothCondition,LowCongestionCondition,EvenPaceStyle
-0.5,30.84966087,14.94819842,47.86664978,0.67554283,-0.445,27.45098114,2209.0,18.71999931,0.8,27.20724106,SmoothCondition,LowCongestionCondition,EvenPaceStyle
0.39996338,31.07483864,15.4661124,48.21454462,0.22517777,-0.477,22.35294151,2206.0,19.21999931,0.73,27.06262398,SmoothCondition,LowCongestionCondition,AggressiveStyle
1.09997559,31.3000164,15.96150834,48.94436643,0.22517776,-0.359,23.13725471,2187.0,18.29999924,0.742,26.89551163,SmoothCondition,LowCongestionCondition,AggressiveStyle
0.5,30.39929962,16.77215629,52.12148584,-0.22517777,-0.352,23.52941132,2159.0,17.72999954,0.66,26.71699715,SmoothCondition,LowCongestionCondition,AggressiveStyle
0.2999878,30.17411804,17.09866727,54.40819835,-0.22518158,-0.355,21.17647171,2130.0,17.62999916,0.777,26.56189156,SmoothCondition,LowCongestionCondition,EvenPaceStyle
-0.10003662,29.49857903,17.66537024,58.82659846,-0.45035934,-0.266,16.07843208,2075.0,17.79000092,0.691,26.28872108,SmoothCondition,LowCongestionCondition,EvenPaceStyle
-0.2000122,28.82304001,17.91682124,60.61066339,-0.67553902,-0.0664,0.392156869,1968.0,19.79999924,0.738,26.2404232,SmoothCondition,LowCongestionCondition,EvenPaceStyle
-1.59997558,23.41871834,18.32214522,61.23563685,-2.92734146,-0.0352,3.137254953,1550.0,13.42000008,0.855,26.09061432,SmoothCondition,LowCongestionCondition,EvenPaceStyle
-2.5,20.49137878,18.46851222,60.55243748,-2.92733956,0.0156,0.0,1376.0,12.86999989,0.804,26.00697708,SmoothCondition,LowCongestionCondition,EvenPaceStyle
-2.59997558,14.8618803,18.58860819,59.60867519,-2.70215702,0.273,25.49019623,1027.0,6.559999943,0.184,25.63754654,SmoothCondition,LowCongestionCondition,EvenPaceStyle
-2.60003662,12.15971947,18.57734919,59.74803082,-2.70216083,0.387,28.23529434,903.0,5.639999866,0.0625,25.45936966,SmoothCondition,LowCongestionCondition,EvenPaceStyle
-2.59997559,7.656119347,18.46475917,61.46258231,-4.503600123,0.562,29.41176605,899.0,5.989999771,0.0156,25.53854752,SmoothCondition,LowCongestionCondition,AggressiveStyle
-2.39996338,3.828059673,18.23582621,65.02660018,-3.828059674,0.629,28.62745094,815.0,5.980000019,-0.082,25.74895668,SmoothCondition,LowCongestionCondition,AggressiveStyle
-0.79998779,7.881299973,8.984681768,180.0488621,7.881299973,-0.609,55.68627548,1376.0,14.39000034,0.32,21.98893738,SmoothCondition,LowCongestionCondition,EvenPaceStyle
-1.0,20.94173813,9.558890695,183.3692038,4.05323982,-0.926,45.88235474,1621.0,19.12999916,0.359,22.20817757,SmoothCondition,LowCongestionCondition,EvenPaceStyle
-0.79998779,29.7237606,10.90621769,193.111538,2.25180053,-1.04,34.50980377,2204.0,27.55999947,0.434,22.3025074,SmoothCondition,LowCongestionCondition,AggressiveStyle
-0.2000122,31.97555923,11.43914368,198.3307068,2.25179863,-1.12,30.19607925,2347.0,24.38999939,0.457,22.3163681,SmoothCondition,LowCongestionCondition,AggressiveStyle
0.20001221,33.77699661,12.00209362,204.2478408,1.80143738,-1.18,36.86274719,2466.0,25.13999939,0.48,22.32592392,SmoothCondition,LowCongestionCondition,AggressiveStyle
0.29998779,36.02880096,13.19179464,216.9518379,0.67554092,-1.24,71.37255096,1509.0,18.69000053,0.496,22.27737617,SmoothCondition,LowCongestionCondition,AggressiveStyle
0.20001221,37.60506058,13.81854565,223.7046362,1.57625962,-1.32,69.41176605,1666.0,23.25,0.562,22.25768852,SmoothCondition,LowCongestionCondition,AggressiveStyle
0.40002442,40.53239822,14.49408562,232.0994914,2.92733764,-1.37,64.70588684,1785.0,26.95000076,0.578,22.25040436,SmoothCondition,LowCongestionCondition,AggressiveStyle
0.7999878,45.9367218,15.98402664,253.6977286,2.47698211,-1.41,31.37254906,1999.0,29.03000069,0.664,22.23805428,SmoothCondition,LowCongestionCondition,AggressiveStyle
0.70001221,46.83743668,16.57700059,269.0962023,0.90071488,-1.38,40.39215851,1995.0,26.93000031,0.625,22.21247482,SmoothCondition,LowCongestionCondition,AggressiveStyle
0.10003662,47.5129776,17.14745655,284.80258,0.67554092,-1.43,29.41176605,2041.0,17.95999908,0.637,22.09631538,SmoothCondition,LowCongestionCondition,AggressiveStyle
0.39996338,47.96333694,17.68038251,300.5861907,0.45035934,-1.25,36.86274719,2033.0,14.71000004,0.551,21.92629051,SmoothCondition,LowCongestionCondition,AggressiveStyle
0.40002442,48.86405945,18.55858447,331.0352465,0.90072251,-1.0,30.98039246,2091.0,20.30999947,0.496,21.7490387,SmoothCondition,LowCongestionCondition,EvenPaceStyle
0.2000122,49.08923721,18.88134241,344.6150641,0.22517776,-0.949,0.0,1981.0,22.19000053,0.457,21.68178368,SmoothCondition,LowCongestionCondition,EvenPaceStyle
-0.09997559,45.26117706,19.27540738,361.6082431,-1.8014412,-0.566,0.0,1886.0,19.75,0.355,21.55118942,SmoothCondition,LowCongestionCondition,EvenPaceStyle
0.5,37.379879,19.36172635,365.2441076,-2.47698211,-0.332,36.07843018,1547.0,16.20000076,0.215,21.35786057,SmoothCondition,LowCongestionCondition,EvenPaceStyle
0.7000122,35.57844162,19.3241964,363.9188773,-1.80143738,-0.23,38.03921509,1525.0,13.18000031,0.305,21.25715637,SmoothCondition,LowCongestionCondition,EvenPaceStyle
0.79998779,34.45253754,19.36172641,365.0584741,-1.57626342,-0.0547,39.60784531,1483.0,11.56000042,0.242,21.0731144,SmoothCondition,LowCongestionCondition,EvenPaceStyle
1.40002442,6.530220032,17.16997431,284.8280037,-2.702159881,0.641,29.41176605,850.0,5.519999981,-0.344,22.23052788,SmoothCondition,LowCongestionCondition,EvenPaceStyle
0.60003662,11.25899982,17.42517831,278.1992074,11.25899982,-0.312,47.05882263,1793.0,16.92000008,0.258,22.59265709,SmoothCondition,LowCongestionCondition,EvenPaceStyle
0.80004882,13.28561974,17.6466053,273.2933991,2.02661992,-0.512,78.4313736,1029.0,10.93999958,0.371,22.61729622,SmoothCondition,LowCongestionCondition,EvenPaceStyle
1.10003662,29.7237606,19.14405228,253.2215903,5.62950134,-1.32,56.47058868,2351.0,42.31000137,0.676,22.88181496,SmoothCondition,LowCongestionCondition,EvenPaceStyle
1.30004882,34.00217819,19.71075525,250.4249807,4.27841759,-1.45,41.5686264,2102.0,21.38999939,0.738,22.85700607,SmoothCondition,LowCongestionCondition,AggressiveStyle
1.60003662,34.67771912,20.28871724,247.2970778,0.67554093,-1.58,72.94117737,1533.0,19.59000015,0.836,22.80668068,SmoothCondition,LowCongestionCondition,AggressiveStyle
2.60003662,36.70433807,20.90045621,244.5070284,2.02661895,-1.64,62.74509811,1641.0,20.60000038,0.863,22.75032616,SmoothCondition,LowCongestionCondition,AggressiveStyle
2.59997558,38.73096085,21.54597222,242.0679839,2.02662278,-1.61,38.82352829,1680.0,12.55000019,0.812,22.53388977,SmoothCondition,LowCongestionCondition,AggressiveStyle
2.7999878,39.18132019,22.19899422,239.0373113,0.45035934,-1.57,7.450980663,1618.0,16.20000076,0.789,22.41925049,SmoothCondition,LowCongestionCondition,AggressiveStyle
3.0,37.83023834,22.8294982,234.4218593,-1.35108185,-1.51,0.0,1519.0,14.30000019,0.766,22.2944355,SmoothCondition,LowCongestionCondition,AggressiveStyle
3.59997559,26.57123947,24.10551815,229.7540405,-2.92733956,-0.961,32.94117737,1123.0,7.340000153,0.543,21.82238007,SmoothCondition,LowCongestionCondition,AggressiveStyle
3.7000122,20.94173813,24.15806011,229.2446889,-5.62950134,-0.719,20.3921566,923.0,5.28000021,0.402,21.69841957,SmoothCondition,LowCongestionCondition,EvenPaceStyle
2.7000122,12.38489914,24.0079401,231.4413773,-8.55683899,-0.555,26.27450943,861.0,5.260000229,0.324,21.76053047,SmoothCondition,LowCongestionCondition,EvenPaceStyle
0.40002441,38.28059769,30.25293188,129.5682105,-1.12590027,-0.707,25.49019623,1660.0,11.77999973,0.437,19.36005402,SmoothCondition,LowCongestionCondition,EvenPaceStyle
-0.5,39.18132019,29.98271596,122.4178029,0.22518158,-0.629,16.86274529,1671.0,10.5,0.469,19.04134369,SmoothCondition,LowCongestionCondition,EvenPaceStyle
-0.7000122,38.95613861,29.83259598,118.2799626,-0.22518158,-0.602,18.03921509,1638.0,10.35999966,0.324,18.87822151,SmoothCondition,LowCongestionCondition,EvenPaceStyle
-1.90002442,38.50577927,29.67497002,113.9580911,-0.45035934,-0.48,0.0,1577.0,10.39999962,0.301,18.71909904,SmoothCondition,LowCongestionCondition,EvenPaceStyle
-2.2000122,37.379879,29.48356702,108.6859956,-1.12590027,-0.406,2.352941275,1514.0,13.60000038,0.238,18.64346886,SmoothCondition,LowCongestionCondition,EvenPaceStyle
-1.5,34.45253754,29.05947803,97.945872,-1.80144119,-0.187,0.0,1393.0,13.22999954,0.117,18.49433517,SmoothCondition,LowCongestionCondition,EvenPaceStyle
-0.59997559,24.99497986,28.40645609,88.58571153,-5.40431976,0.535,21.96078491,1045.0,5.960000038,-0.258,18.32482529,SmoothCondition,LowCongestionCondition,EvenPaceStyle
-0.2999878,17.11367989,28.0686861,89.26637529,-7.88129997,0.664,26.66666794,900.0,4.760000229,-0.375,18.26075935,SmoothCondition,LowCongestionCondition,EvenPaceStyle
-0.20001221,9.007200241,27.62583208,94.26936909,-8.106479649,0.726,27.45098114,857.0,5.260000229,-0.398,18.26362228,SmoothCondition,LowCongestionCondition,EvenPaceStyle
0.7999878,4.503600121,27.10041207,101.8535005,-4.50360012,0.765,26.66666794,852.0,5.119999886,-0.434,18.3785038,SmoothCondition,LowCongestionCondition,EvenPaceStyle
-0.2000122,7.430940151,23.0959613,197.0906671,7.430940151,0.566,38.03921509,1226.0,7.210000038,-0.219,18.42481804,SmoothCondition,LowCongestionCondition,EvenPaceStyle
-0.10003662,9.457559586,22.6155773,203.8010515,1.351079941,0.441,24.70588303,1374.0,8.279999733,-0.164,18.39837265,SmoothCondition,LowCongestionCondition,EvenPaceStyle
0.09997559,9.682740211,22.35662031,206.4527618,0.225180625,0.281,25.09803963,1397.0,8.229999542,-0.0976,18.37911034,SmoothCondition,LowCongestionCondition,EvenPaceStyle
0.39996338,9.90791893,22.0788983,208.6998699,0.225178719,0.0937,24.70588303,1465.0,9.539999962,0.0156,18.36940002,SmoothCondition,LowCongestionCondition,EvenPaceStyle
0.59997559,11.0338192,21.81994129,210.3573126,1.12590027,-0.168,23.92156982,1574.0,10.69999981,0.16,18.36399269,SmoothCondition,LowCongestionCondition,EvenPaceStyle
0.7999878,11.70935917,21.58350227,211.7515135,0.67553997,-0.242,16.47058868,1628.0,10.78999996,0.219,18.3617382,SmoothCondition,LowCongestionCondition,EvenPaceStyle
0.59997559,10.5834589,21.09185927,214.6870343,-0.90072155,-0.301,21.96078491,1448.0,8.5,0.289,18.33482742,SmoothCondition,LowCongestionCondition,EvenPaceStyle
0.79998779,9.682740211,20.60021632,218.2309991,-0.450359349,-0.289,16.47058868,1318.0,8.569999695,0.234,18.31851768,SmoothCondition,LowCongestionCondition,EvenPaceStyle
0.70001221,9.457559586,20.34876534,220.0073861,-0.225180625,-0.254,17.64705849,1223.0,10.46000004,0.223,18.31718254,SmoothCondition,LowCongestionCondition,EvenPaceStyle
0.5,6.980579853,19.84586337,225.4174613,-0.450360298,-0.156,28.62745094,848.0,5.190000057,0.168,18.31241226,SmoothCondition,LowCongestionCondition,EvenPaceStyle
1.5,33.1014595,19.53436438,368.9106421,-0.22517777,0.125,0.0,1351.0,13.06000042,0.0781,20.87327194,SmoothCondition,LowCongestionCondition,EvenPaceStyle
1.29998779,22.0676384,20.22866938,367.1188136,-5.179142,0.949,19.6078434,949.0,5.409999847,-0.414,20.59852409,SmoothCondition,LowCongestionCondition,EvenPaceStyle
1.2000122,10.13309956,20.37503637,362.7844365,-11.93453884,0.968,27.84313774,872.0,4.699999809,-0.43,20.63978577,SmoothCondition,LowCongestionCondition,EvenPaceStyle
1.0,4.728779793,20.45384936,359.891056,-5.404319767,0.906,49.80392075,954.0,10.23999977,-0.398,20.73202896,SmoothCondition,LowCongestionCondition,EvenPaceStyle
0.7999878,7.656119347,20.58145135,355.5596154,2.927339554,0.843,41.96078491,1482.0,17.60000038,-0.344,20.81476021,SmoothCondition,LowCongestionCondition,EvenPaceStyle
0.40002441,12.61007977,20.79161935,349.4120965,4.953960423,0.75,71.37255096,1755.0,17.20999908,-0.297,20.87402725,SmoothCondition,LowCongestionCondition,EvenPaceStyle
0.2999878,15.31223869,21.04682333,342.5277649,2.70215892,0.714,61.96078491,1213.0,14.39000034,-0.301,20.90482521,SmoothCondition,LowCongestionCondition,EvenPaceStyle
0.2000122,19.14029884,21.36582831,334.977938,3.82806015,0.644,36.86274719,1515.0,18.04000092,-0.309,20.93667221,SmoothCondition,LowCongestionCondition,EvenPaceStyle
0.09997558,22.51799965,21.7411283,327.1199359,3.37770081,0.554,25.49019623,1678.0,11.97000027,-0.281,20.91091347,SmoothCondition,LowCongestionCondition,EvenPaceStyle
-0.60003662,23.86907959,22.13894629,319.0242743,1.35107994,0.449,30.58823586,1744.0,11.15999985,-0.258,20.86166954,SmoothCondition,LowCongestionCondition,EvenPaceStyle
-1.60003662,25.89570045,23.87658528,283.7904166,-0.67553902,0.328,16.47058868,1860.0,12.43999958,-0.125,20.76660347,SmoothCondition,LowCongestionCondition,EvenPaceStyle
-1.30004882,25.67051888,24.30442726,273.9962462,-0.22518157,0.289,15.68627453,1839.0,12.09000015,-0.207,20.7265873,SmoothCondition,LowCongestionCondition,EvenPaceStyle
-1.39996338,25.4453373,25.16011122,253.2927167,-0.45036315,0.304,18.4313736,1747.0,11.43999958,-0.187,20.64280319,SmoothCondition,LowCongestionCondition,EvenPaceStyle
-1.59997558,23.86907959,25.55792921,242.430683,-1.57625771,0.246,25.09803963,1713.0,10.68999958,-0.141,20.59798431,SmoothCondition,LowCongestionCondition,EvenPaceStyle
-1.59997559,24.54461861,25.96700619,231.2065884,0.67553902,0.257,0.392156869,1754.0,14.13000011,-0.0976,20.58672333,SmoothCondition,LowCongestionCondition,EvenPaceStyle
-1.0,23.64389992,26.36107119,219.7115744,-0.90071869,0.23,0.0,1595.0,15.26000023,-0.082,20.59363747,SmoothCondition,LowCongestionCondition,EvenPaceStyle
0.2000122,16.88849831,27.30682712,186.426075,-2.02662086,-0.172,6.666666985,1125.0,11.27999973,0.109,20.62903786,SmoothCondition,LowCongestionCondition,EvenPaceStyle
0.5,15.08705902,27.5582781,176.2543168,-1.80143929,-0.082,29.41176605,1043.0,5.809999943,0.0859,20.57467461,SmoothCondition,LowCongestionCondition,EvenPaceStyle
1.2000122,18.91511917,28.39144406,143.1032309,2.92733955,-0.121,45.88235474,1482.0,17.79999924,-0.0391,20.60468102,SmoothCondition,LowCongestionCondition,EvenPaceStyle
1.20001221,22.51799965,28.63538906,136.4974815,3.60288048,-0.137,41.17647171,1718.0,16.89999962,0.0078,20.61699104,SmoothCondition,LowCongestionCondition,EvenPaceStyle
0.89996338,25.89570045,28.87182808,131.7120782,3.3777008,-0.18,41.96078491,1928.0,19.10000038,0.0469,20.62961769,SmoothCondition,LowCongestionCondition,EvenPaceStyle
0.69995118,28.59786034,29.08199609,128.8548937,2.70215989,-0.195,38.82352829,2121.0,22.60000038,0.0742,20.64779472,SmoothCondition,LowCongestionCondition,EvenPaceStyle
0.2999878,31.52519989,29.32594112,126.375526,2.92733955,-0.18,14.50980377,2294.0,22.87000084,0.0586,20.66111946,SmoothCondition,LowCongestionCondition,EvenPaceStyle
0.5,33.1014595,29.52860314,125.3839221,1.57625961,-0.285,67.05882263,1843.0,13.77999973,0.117,20.60958672,SmoothCondition,LowCongestionCondition,EvenPaceStyle
0.30004882,33.32663727,29.67872311,125.1455748,0.22517777,-0.363,74.50980377,1458.0,17.75,0.168,20.58963013,SmoothCondition,LowCongestionCondition,EvenPaceStyle
0.2999878,36.02880096,29.82133713,125.7258012,2.70216369,-0.387,66.66666412,1587.0,20.88999939,0.246,20.57914352,SmoothCondition,LowCongestionCondition,EvenPaceStyle
0.79998779,38.95613861,29.97521009,127.1158769,2.92733765,-0.426,30.58823586,1706.0,22.95999908,0.242,20.48658371,SmoothCondition,LowCongestionCondition,EvenPaceStyle
0.7999878,40.98275757,30.12533007,129.0788014,2.02661896,-0.488,24.31372643,1745.0,13.68999958,0.285,20.33489609,SmoothCondition,LowCongestionCondition,EvenPaceStyle
1.60003662,41.65829849,30.35051006,132.5904083,0.67554092,-0.434,3.137254953,1775.0,15.5,0.266,20.05510521,SmoothCondition,LowCongestionCondition,EvenPaceStyle
1.7000122,40.75757599,30.42932297,133.8733125,-0.9007225,-0.488,20.3921566,1712.0,11.56999969,0.332,19.89647102,SmoothCondition,LowCongestionCondition,EvenPaceStyle
1.80004882,39.40649796,30.45934693,134.36559,-1.35107803,-0.527,21.17647171,1688.0,11.14999962,0.359,19.73575401,SmoothCondition,LowCongestionCondition,EvenPaceStyle
1.20001221,39.85686111,30.44808798,134.1425274,0.45036315,-0.57,0.0,1690.0,11.19999981,0.363,19.57789612,SmoothCondition,LowCongestionCondition,EvenPaceStyle
0.69995118,39.40649796,30.38053395,132.628565,-0.45036315,-0.625,21.56862831,1631.0,16.78000069,0.414,19.49767494,SmoothCondition,LowCongestionCondition,EvenPaceStyle
0.29998779,17.78922081,13.23683055,59.29699227,-2.70215797,-0.207,0.0,1139.0,10.0,0.34,17.80707359,UnevenCondition,LowCongestionCondition,EvenPaceStyle
0.19995118,14.63669968,13.31564357,59.13606501,-3.15252113,-0.0937,20.3921566,924.0,5.019999981,0.285,17.74551392,UnevenCondition,LowCongestionCondition,EvenPaceStyle
-0.20001221,8.782018661,13.27811356,59.39475183,-5.854681019,-0.0625,26.27450943,860.0,4.820000172,0.199,17.73647881,UnevenCondition,LowCongestionCondition,EvenPaceStyle
-0.19995118,4.728779793,13.16177057,60.57810735,-4.053238868,-0.0547,27.45098114,848.0,5.28000021,0.0938,17.76846695,UnevenCondition,LowCongestionCondition,EvenPaceStyle
-0.59997559,6.530220032,12.14470759,76.65353713,6.530220032,0.0234,33.72549057,998.0,6.110000134,0.109,17.81414795,UnevenCondition,LowCongestionCondition,EvenPaceStyle
-1.0,7.430940151,12.2685566,74.51464503,0.900720119,-0.0586,21.17647171,1192.0,7.789999962,0.0937,17.82581711,UnevenCondition,LowCongestionCondition,EvenPaceStyle
-1.40002441,8.331659317,12.27230959,74.48372013,0.900719166,-0.16,23.52941132,1177.0,7.5,0.125,17.83572769,UnevenCondition,LowCongestionCondition,EvenPaceStyle
-1.20001221,8.556839943,12.2685566,74.46823616,0.225180626,-0.379,20.7843132,1239.0,8.380000114,0.191,17.94219017,UnevenCondition,LowCongestionCondition,EvenPaceStyle
-1.29998779,8.782018661,12.28356857,74.34780233,0.225178718,-0.344,22.74509811,1142.0,6.389999866,0.152,17.96481323,UnevenCondition,LowCongestionCondition,EvenPaceStyle
-1.20001221,7.656119347,12.24603858,74.6136509,-1.125899314,-0.367,28.62745094,1009.0,6.489999771,0.164,17.9975338,UnevenCondition,LowCongestionCondition,EvenPaceStyle
-0.7000122,8.331659317,12.09591858,75.22727975,0.900719166,-0.547,37.25490189,1317.0,10.69999981,0.184,18.15483856,UnevenCondition,LowCongestionCondition,EvenPaceStyle
-0.5,10.5834589,12.04712958,75.22970051,2.251799583,-0.562,23.52941132,1719.0,14.56000042,0.199,18.27002144,UnevenCondition,LowCongestionCondition,EvenPaceStyle
0.0,13.28561974,12.00959958,75.04778907,2.70216084,-0.637,34.50980377,1555.0,10.31000042,0.184,18.34218407,UnevenCondition,LowCongestionCondition,EvenPaceStyle
0.09997559,13.73598003,11.95330459,74.65352816,0.45036029,-0.648,36.47058868,1031.0,10.38000011,0.195,18.41401291,UnevenCondition,LowCongestionCondition,EvenPaceStyle
0.09997558,15.31223869,11.91577461,74.30975878,1.57625866,-0.684,50.98039246,1135.0,8.180000305,0.207,18.47327805,UnevenCondition,LowCongestionCondition,EvenPaceStyle
-0.39996338,16.66331863,11.91202161,74.27264603,1.35107994,-0.746,53.33333588,1261.0,13.78999996,0.254,18.5781765,UnevenCondition,LowCongestionCondition,EvenPaceStyle
-1.09997558,21.39209938,12.0734006,76.17092791,2.70215988,-0.785,33.72549057,1574.0,11.77999973,0.266,18.69027901,UnevenCondition,LowCongestionCondition,EvenPaceStyle
-1.29998779,22.74317932,12.20475558,77.95115352,1.35107994,-0.664,25.09803963,1670.0,11.97000027,0.242,18.72068405,UnevenCondition,LowCongestionCondition,EvenPaceStyle
-1.40002442,23.86907959,12.33611058,79.99708463,1.12590027,-0.562,22.35294151,1725.0,11.10999966,0.281,18.72770119,UnevenCondition,LowCongestionCondition,EvenPaceStyle
-1.29998779,23.64389992,12.44870061,81.80015708,-0.22517967,-0.586,23.13725471,1738.0,10.81999969,0.367,18.73520088,UnevenCondition,LowCongestionCondition,EvenPaceStyle
-1.59997559,24.76979828,12.61383258,84.24676552,1.12589836,-0.547,23.52941132,1749.0,11.18000031,0.336,18.79806137,UnevenCondition,LowCongestionCondition,EvenPaceStyle
-1.5,24.99497986,12.80523558,86.79405623,0.22518158,-0.641,23.13725471,1777.0,11.81000042,0.398,18.83870506,UnevenCondition,LowCongestionCondition,EvenPaceStyle
-1.7000122,25.22015953,12.99288558,89.34797868,0.22517967,-0.742,22.35294151,1788.0,11.85999966,0.469,18.80713844,UnevenCondition,LowCongestionCondition,EvenPaceStyle
-1.60003662,25.67051888,13.19554757,92.02577255,0.45035935,-0.695,31.37254906,1809.0,12.14999962,0.477,18.83629036,UnevenCondition,LowCongestionCondition,EvenPaceStyle
-1.29998779,26.12088013,13.42448059,94.79293274,0.45036125,-0.738,31.76470566,1892.0,15.93000031,0.48,18.84606171,UnevenCondition,LowCongestionCondition,EvenPaceStyle
-0.60003662,27.69713783,13.67593156,98.17008258,1.5762577,-0.695,24.70588303,1980.0,16.59000015,0.551,18.82096863,UnevenCondition,LowCongestionCondition,EvenPaceStyle
-2.59997559,96.15185547,92.42888145,67.15104596,2.25180054,0.082,87.05882263,2394.0,53.54999924,-0.0039,17.16226196,SmoothCondition,LowCongestionCondition,EvenPaceStyle
-2.29998779,98.62883759,92.91677144,58.53703707,2.47698212,0.0117,81.17647552,2446.0,51.59000015,0.0469,17.11705017,SmoothCondition,LowCongestionCondition,EvenPaceStyle
-2.70001221,100.6554489,93.40841421,51.28096313,2.02661131,-0.0664,76.47058868,2479.0,47.18999863,0.109,17.05815125,SmoothCondition,LowCongestionCondition,EvenPaceStyle
-2.60003662,103.1324463,94.38794746,39.27941051,1.1259003,-0.121,49.41176605,2510.0,37.43000031,0.0937,16.92200851,SmoothCondition,LowCongestionCondition,EvenPaceStyle
-2.70001221,103.3576202,94.85707245,34.18553444,0.2251739,-0.0703,83.13725281,2537.0,49.20000076,0.156,16.88743973,SmoothCondition,LowCongestionCondition,EvenPaceStyle
-2.59997559,104.4835205,95.72776845,27.48111494,-0.2251816,-0.0117,43.52941132,2083.0,37.15000153,0.0625,16.78714561,SmoothCondition,LowCongestionCondition,EvenPaceStyle
-2.59997558,103.8079758,96.07679736,25.66012517,-0.6755447,-0.0391,92.94117737,2101.0,48.75999832,0.0977,16.7941494,SmoothCondition,LowCongestionCondition,EvenPaceStyle
-2.40002441,104.933876,96.40330836,24.92862527,1.1259002,-0.0664,88.62744904,2122.0,44.77000046,0.168,16.78929329,SmoothCondition,LowCongestionCondition,EvenPaceStyle
-2.2999878,106.0597763,96.72981923,24.72799459,1.1259003,-0.207,91.37255096,2156.0,43.33000183,0.125,16.77709389,SmoothCondition,LowCongestionCondition,EvenPaceStyle
-1.59997559,107.4108582,97.08635432,24.58783559,1.3510819,-0.27,87.05882263,2171.0,42.47999954,0.219,16.75507545,SmoothCondition,LowCongestionCondition,EvenPaceStyle
-0.69995118,109.4374771,97.84821332,24.73676003,0.9007187,-0.176,85.88235474,2210.0,44.27000046,0.398,16.70465851,SmoothCondition,LowCongestionCondition,EvenPaceStyle
0.0,110.1130219,98.1859834,26.08519849,0.6755448,-0.344,76.86274719,2207.0,40.66999817,0.246,16.65124512,SmoothCondition,LowCongestionCondition,EvenPaceStyle
0.70001221,110.3381958,98.48622335,27.91405307,0.2251739,-0.512,66.27451324,2219.0,41.45000076,0.133,16.64004517,SmoothCondition,LowCongestionCondition,EvenPaceStyle
1.7000122,111.0137405,99.06043243,31.75795711,0.6755447,-0.449,70.19608307,2218.0,38.20999908,0.207,16.58328819,SmoothCondition,LowCongestionCondition,EvenPaceStyle
1.60003662,110.7885513,99.33440132,33.63695711,-0.2251892,-0.488,72.94117737,2228.0,39.13000107,0.172,16.5647049,SmoothCondition,LowCongestionCondition,EvenPaceStyle
1.69995118,111.2389145,99.60837034,35.61424716,0.4503632,-0.5,65.49019623,2225.0,36.77999878,0.133,16.52410698,SmoothCondition,LowCongestionCondition,EvenPaceStyle
1.90002441,111.2389145,100.1900853,38.97122831,-0.4503631,-0.445,70.19608307,2238.0,37.75,0.0586,16.40232468,SmoothCondition,LowCongestionCondition,EvenPaceStyle
1.0,112.5899963,101.2184073,41.10024787,0.6755447,-0.418,75.6862793,2269.0,45.06999969,0.117,16.25674248,SmoothCondition,LowCongestionCondition,EvenPaceStyle
1.09997558,114.1662521,102.3330481,42.52503924,0.6755371,-0.504,78.03921509,2295.0,43.81000137,0.0899,16.14378548,SmoothCondition,LowCongestionCondition,EvenPaceStyle
1.39996338,116.8684235,104.273349,53.1826556,0.4503708,-0.535,70.98039246,2348.0,42.97000122,-0.352,15.96239281,SmoothCondition,LowCongestionCondition,EvenPaceStyle
1.7999878,117.0935974,104.558577,55.57323072,0.2251739,-0.422,73.72549438,2347.0,43.52000046,-0.113,15.93821049,SmoothCondition,LowCongestionCondition,EvenPaceStyle
1.40002442,117.318779,104.8287931,58.05662336,0.2251816,-0.355,74.90196228,2353.0,45.0,0.0664,15.91639042,SmoothCondition,LowCongestionCondition,EvenPaceStyle
0.90002442,117.9943161,105.091503,60.80993213,0.6755371,-0.457,78.8235321,2377.0,47.86999893,-0.109,15.87847996,SmoothCondition,LowCongestionCondition,EvenPaceStyle
1.09997558,118.4446716,105.3467068,63.70080452,0.4503555,-0.434,80.39215851,2370.0,48.11000061,-0.043,15.8444891,SmoothCondition,LowCongestionCondition,EvenPaceStyle
1.20001221,118.8950424,105.5944049,66.72030834,0.4503708,-0.348,78.03921509,2390.0,47.33000183,-0.0312,15.83819199,SmoothCondition,LowCongestionCondition,EvenPaceStyle
1.5,119.120224,105.8421029,69.72846853,0.2251816,-0.262,72.94117737,2382.0,42.20999908,-0.0156,15.77696514,SmoothCondition,LowCongestionCondition,EvenPaceStyle
2.40002441,116.8684235,107.054322,75.63155473,-0.900711,-0.0156,47.05882263,2327.0,26.80999947,-0.125,15.34395504,SmoothCondition,LowCongestionCondition,EvenPaceStyle
-0.09997559,28.59786034,13.92738257,101.8792865,0.90072251,-0.691,25.88235283,2053.0,15.93000031,0.648,18.77214432,UnevenCondition,LowCongestionCondition,EvenPaceStyle
0.79998779,30.39929962,14.57665157,113.7892593,0.45036125,-0.539,24.31372643,2181.0,16.80999947,0.633,18.57066727,UnevenCondition,LowCongestionCondition,EvenPaceStyle
1.2999878,29.94893837,14.9256805,122.5076442,-1.12590027,-0.355,16.07843208,2090.0,14.76000023,0.609,18.44006348,UnevenCondition,LowCongestionCondition,EvenPaceStyle
1.20001221,29.04821777,14.97071647,123.6754289,-0.9007206,-0.348,23.13725471,2039.0,14.48999977,0.59,18.38053131,UnevenCondition,LowCongestionCondition,EvenPaceStyle
1.0,28.82304001,15.03451747,125.2204591,-0.22517776,-0.285,22.74509811,2056.0,15.14000034,0.555,18.32275581,UnevenCondition,LowCongestionCondition,EvenPaceStyle
1.29998779,29.04821777,15.14710747,128.0213224,-0.22518158,-0.129,0.0,1979.0,19.57999992,0.488,18.3276844,UnevenCondition,LowCongestionCondition,EvenPaceStyle
2.0,15.76259995,14.91066846,124.774804,-4.27841949,0.23,19.6078434,958.0,6.929999828,0.129,18.53018379,UnevenCondition,LowCongestionCondition,EvenPaceStyle
1.80004882,10.35828018,14.74178348,124.5691868,-5.40431977,0.348,27.05882454,919.0,5.090000153,0.113,18.57871056,UnevenCondition,LowCongestionCondition,EvenPaceStyle
1.79998779,6.079859734,14.54662747,125.6447274,-4.278420446,0.465,28.62745094,856.0,5.0,0.0625,18.64550018,UnevenCondition,LowCongestionCondition,EvenPaceStyle
2.0,4.953959465,14.38524846,127.1777541,-1.125900269,0.437,26.66666794,854.0,6.059999943,0.0312,18.74426079,UnevenCondition,LowCongestionCondition,AggressiveStyle
1.69995118,4.728779793,14.31769448,128.2214387,-0.225179672,0.465,36.47058868,847.0,4.659999847,0.0273,18.8584919,UnevenCondition,LowCongestionCondition,AggressiveStyle
1.29998779,0.0,14.23888148,130.1312082,-4.728779793,0.359,39.2156868,853.0,5.650000095,0.0156,18.95389175,UnevenCondition,LowCongestionCondition,AggressiveStyle
0.7999878,6.305039883,14.30643548,128.7580202,6.305039883,0.27,34.50980377,1077.0,10.06999969,-0.0234,18.96776581,UnevenCondition,LowCongestionCondition,AggressiveStyle
0.39996338,8.782018661,14.45280246,125.7844556,2.476978778,0.207,36.07843018,1376.0,10.78999996,0.0039,18.9387455,UnevenCondition,LowCongestionCondition,AggressiveStyle
0.30004882,11.25899982,14.64045246,122.3811357,2.476981159,0.16,18.8235302,1771.0,16.28000069,0.0117,18.9326973,UnevenCondition,LowCongestionCondition,AggressiveStyle
0.0,13.96115971,14.87313845,118.7009666,2.70215989,0.187,17.25490189,2021.0,14.68000031,0.0039,18.90621376,UnevenCondition,LowCongestionCondition,AggressiveStyle
-0.2000122,14.8618803,15.12083646,114.8892483,0.90072059,0.168,24.70588303,2083.0,16.59000015,0.0234,18.92795944,UnevenCondition,LowCongestionCondition,AggressiveStyle
-0.20001221,15.76259995,15.38354646,110.9507936,0.90071965,0.105,0.0,2306.0,18.54999924,-0.0391,18.94134903,UnevenCondition,LowCongestionCondition,AggressiveStyle
-0.19995118,16.43813896,15.65751544,106.8822364,0.67553901,-0.0898,72.94117737,1111.0,13.02000046,0.0,18.93707657,UnevenCondition,LowCongestionCondition,AggressiveStyle
-0.09997559,17.33885956,15.94649643,102.6900081,0.9007206,-0.195,51.76470566,1396.0,16.46999931,0.0313,18.92941475,UnevenCondition,LowCongestionCondition,AggressiveStyle
-0.09997558,21.1669178,16.29927839,98.7153427,3.82805824,-0.25,32.54901886,1650.0,21.45000076,-0.0195,18.94961166,UnevenCondition,LowCongestionCondition,AggressiveStyle
0.2000122,24.54461861,16.70835537,95.19463966,3.37770081,-0.352,28.62745094,1818.0,16.62000084,0.0469,18.92905045,SmoothCondition,LowCongestionCondition,AggressiveStyle
0.30004882,26.12088013,17.14370337,91.77183983,1.57626152,-0.461,23.13725471,1894.0,13.71000004,0.0938,18.89574432,SmoothCondition,LowCongestionCondition,AggressiveStyle
0.89996338,27.02159882,17.59406335,88.2378874,0.90071869,-0.535,12.54901981,1924.0,13.31000042,0.141,18.86148071,SmoothCondition,LowCongestionCondition,AggressiveStyle
1.39996338,24.99497986,18.46100633,79.4150815,-2.02661896,-0.754,3.921568632,1715.0,11.97000027,0.188,18.8622036,SmoothCondition,LowCongestionCondition,AggressiveStyle
1.39996338,24.31943893,19.02770931,75.65081812,0.67553901,-0.867,18.4313736,1716.0,10.85999966,0.277,18.80573082,SmoothCondition,LowCongestionCondition,AggressiveStyle
1.20001221,24.09425926,19.29041931,74.07663932,-0.22517967,-0.863,18.03921509,1688.0,10.52999973,0.281,18.76306152,SmoothCondition,LowCongestionCondition,AggressiveStyle
1.2999878,23.19353867,20.0522783,68.43152553,-0.67554092,-0.66,23.92156982,1629.0,10.55000019,0.148,18.7340889,SmoothCondition,LowCongestionCondition,EvenPaceStyle
0.70001221,22.74317932,20.28496431,66.34633281,-0.45035935,-0.555,7.058823586,1532.0,10.17000008,0.0859,18.792593,SmoothCondition,LowCongestionCondition,EvenPaceStyle
0.40002441,21.1669178,20.51014428,63.60476934,-1.57626152,-0.488,23.92156982,1495.0,9.590000153,-0.0039,18.80655098,SmoothCondition,LowCongestionCondition,EvenPaceStyle
3.7999878,106.960495,103.9093079,17.98504456,-0.6755447,-0.34,86.66667175,2157.0,34.24000168,0.301,10.35521317,SmoothCondition,LowCongestionCondition,EvenPaceStyle
3.7000122,108.3115768,104.153253,17.95245609,1.3510818,-0.402,92.54901886,2214.0,49.90000153,0.332,10.35291195,SmoothCondition,LowCongestionCondition,EvenPaceStyle
3.2999878,109.4374771,104.273349,18.34847901,1.1259003,-0.387,76.47058868,2210.0,42.97000122,0.324,10.3521862,SmoothCondition,LowCongestionCondition,EvenPaceStyle
3.5,110.7885513,104.6974379,19.99437558,0.2251739,-0.254,69.80392456,2228.0,40.63999939,0.375,10.4196558,SmoothCondition,LowCongestionCondition,EvenPaceStyle
3.4000244,109.6626511,104.9714067,20.7124084,-1.1259002,-0.113,40.7843132,2161.0,25.47999954,0.395,10.46342468,SmoothCondition,LowCongestionCondition,EvenPaceStyle
3.7999878,107.1856766,105.0389605,20.73355086,-2.4769745,-0.133,90.19608307,2140.0,36.34000015,0.375,10.46388817,SmoothCondition,LowCongestionCondition,EvenPaceStyle
4.6000366,106.5101395,105.0990086,20.68954852,-0.6755371,-0.234,100.0,2151.0,48.56999969,0.34,10.46091461,SmoothCondition,LowCongestionCondition,EvenPaceStyle
6.5,108.76194,105.3467065,20.74163143,2.2518005,-0.152,36.07843018,2162.0,19.37000084,0.164,10.44276047,SmoothCondition,LowCongestionCondition,EvenPaceStyle
6.6000366,106.735321,105.4555436,20.3141964,-2.026619,-0.148,85.09803772,2127.0,33.81000137,0.172,10.45724106,SmoothCondition,LowCongestionCondition,EvenPaceStyle
6.7000122,105.1590576,105.6694647,18.89163454,-0.6755448,-0.176,27.05882454,2129.0,33.70999908,0.266,10.48938274,SmoothCondition,LowCongestionCondition,EvenPaceStyle
6.2000122,105.8346024,105.7933139,17.98171891,0.6755448,-0.148,1.960784316,2093.0,26.04000092,0.27,10.46190834,SmoothCondition,LowCongestionCondition,EvenPaceStyle
5.5999756,103.5828018,106.029753,15.79701804,-2.4769745,-0.0156,20.3921566,2032.0,29.64999962,0.234,10.45794868,SmoothCondition,LowCongestionCondition,EvenPaceStyle
6.3999634,101.5561752,106.123578,14.39722995,-2.0266266,-0.0234,61.17647171,2035.0,37.97000122,0.207,10.47449589,SmoothCondition,LowCongestionCondition,EvenPaceStyle
5.0,101.3309937,106.2999688,11.65012515,0.2251816,-0.043,42.74509811,2031.0,35.27999878,0.176,10.45567799,SmoothCondition,LowCongestionCondition,EvenPaceStyle
5.3999634,101.5561752,106.4012998,10.31049805,0.2251815,-0.043,50.19607925,2023.0,29.23999977,0.164,10.40932751,SmoothCondition,LowCongestionCondition,EvenPaceStyle
5.7999878,100.2050934,106.3900408,10.42389874,-0.9007187,-0.0547,34.11764908,1999.0,24.03000069,0.121,10.34748745,SmoothCondition,LowCongestionCondition,EvenPaceStyle
5.9000244,99.07919312,106.3637699,10.77172145,-1.12590028,0.0352,0.0,1942.0,21.87999916,0.0508,10.31532669,SmoothCondition,LowCongestionCondition,EvenPaceStyle
5.0999756,64.85183716,103.1024127,103.5390782,-5.17913818,0.949,2.745098114,1150.0,6.860000134,-0.418,9.948913574,SmoothCondition,LowCongestionCondition,EvenPaceStyle
5.1999512,56.29499817,102.2842587,139.9045826,-8.55683899,0.933,20.7843132,935.0,4.849999905,-0.445,9.830583572,SmoothCondition,LowCongestionCondition,EvenPaceStyle
5.1000366,47.06261826,101.3009727,190.3649887,-9.23237991,0.996,23.52941132,896.0,7.769999981,-0.516,9.78456974,SmoothCondition,LowCongestionCondition,EvenPaceStyle
2.1000366,40.08203888,99.13549163,305.7876547,-2.92733765,1.18,15.29411793,1183.0,10.56999969,-0.434,9.684456825,SmoothCondition,LowCongestionCondition,AggressiveStyle
1.6000366,38.05541992,97.99457964,366.7756025,-2.02661896,1.11,44.31372452,1660.0,21.72999954,-0.359,9.700586319,SmoothCondition,LowCongestionCondition,AggressiveStyle
3.09997558,115.9676971,107.3995981,74.49562491,-0.9007264,-0.0273,54.90196228,2304.0,30.71999931,-0.137,15.24703979,SmoothCondition,LowCongestionCondition,EvenPaceStyle
3.89996338,115.0669708,107.737368,72.68567432,-0.9007263,-0.0195,66.66666412,2298.0,37.61999893,-0.0625,15.18047523,SmoothCondition,LowCongestionCondition,EvenPaceStyle
4.09997559,114.1662521,108.3378478,69.69946042,-0.9007187,-0.0781,66.27451324,2278.0,36.77999878,-0.219,15.03388977,SmoothCondition,LowCongestionCondition,EvenPaceStyle
3.7999878,113.490715,108.5892988,68.41251498,-0.6755371,-0.0312,64.70588684,2272.0,39.15000153,-0.176,14.97655487,SmoothCondition,LowCongestionCondition,EvenPaceStyle
4.2000122,113.2655411,108.8407499,66.88180853,-0.2251739,0.0391,74.50980377,2278.0,45.27999878,0.043,14.92720318,SmoothCondition,LowCongestionCondition,EvenPaceStyle
4.90002442,113.9410706,109.9704028,56.98320281,0.225174,-0.156,80.0,2283.0,44.08000183,0.0039,14.70729637,SmoothCondition,LowCongestionCondition,EvenPaceStyle
4.80004881,114.3914413,110.2706428,54.0909544,0.4503707,-0.152,100.0,2303.0,55.11000061,0.043,14.68262959,SmoothCondition,LowCongestionCondition,EvenPaceStyle
6.10003661,115.7425156,110.9386768,46.80882303,0.9007187,-0.133,98.8235321,2339.0,51.27000046,0.164,14.64218616,SmoothCondition,LowCongestionCondition,EvenPaceStyle
6.59997559,117.0935974,111.7755959,34.82230755,0.4503555,-0.223,72.94117737,2351.0,41.72999954,0.105,14.57955742,SmoothCondition,LowCongestionCondition,EvenPaceStyle
6.79998779,115.9676971,112.4924189,25.52380769,-1.1259003,-0.254,46.27450943,2293.0,31.07999992,0.234,14.48804379,SmoothCondition,LowCongestionCondition,EvenPaceStyle
6.7999878,114.6166153,112.7588819,22.27047162,-1.3510818,-0.156,25.49019623,2267.0,16.96999931,0.348,14.34490871,SmoothCondition,LowCongestionCondition,EvenPaceStyle
6.59997559,113.0403519,112.9652969,19.74555137,-1.5762634,-0.168,27.05882454,2219.0,17.21999931,0.266,14.21166611,SmoothCondition,LowCongestionCondition,EvenPaceStyle
6.5,111.0137405,113.1154168,17.75169021,-2.0266114,-0.211,27.84313774,2184.0,17.06999969,0.363,14.0790863,SmoothCondition,LowCongestionCondition,EvenPaceStyle
6.1000366,109.2122955,113.2167477,16.3103102,-1.801445,-0.266,57.64706039,2175.0,38.95000076,0.34,14.05767059,SmoothCondition,LowCongestionCondition,EvenPaceStyle
5.5999756,108.3115768,113.2993136,15.0636878,-0.9007187,-0.344,94.11764526,2178.0,49.18999863,0.305,14.05479622,SmoothCondition,LowCongestionCondition,EvenPaceStyle
5.5,108.5367584,113.3631145,14.19316395,0.2251816,-0.289,68.23529816,2180.0,42.20999908,0.562,14.02765751,SmoothCondition,LowCongestionCondition,EvenPaceStyle
4.6000366,109.2122955,113.5244935,11.93366646,0.4503555,-0.32,88.23529816,2201.0,44.95000076,0.551,13.97955322,SmoothCondition,LowCongestionCondition,EvenPaceStyle
4.7999878,109.6626511,113.6033064,10.92930085,0.4503556,-0.363,84.70588684,2209.0,43.47000122,0.445,13.95745945,SmoothCondition,LowCongestionCondition,EvenPaceStyle
4.0,110.3381958,113.6746134,10.14033507,0.6755447,-0.375,62.74509811,2208.0,34.68000031,0.367,13.91773987,SmoothCondition,LowCongestionCondition,EvenPaceStyle
4.2999878,110.5633774,113.7271554,9.636598132,0.2251816,-0.258,0.0,2168.0,26.10000038,0.395,13.84871292,SmoothCondition,LowCongestionCondition,EvenPaceStyle
3.8999634,105.3842392,113.6558484,10.53975238,-2.9273376,-0.0195,23.52941132,2079.0,28.07999992,0.43,13.72959232,SmoothCondition,LowCongestionCondition,EvenPaceStyle
3.2999878,103.3576202,113.5432584,12.11163871,-2.026619,0.0547,5.09803915,2042.0,24.40999985,0.305,13.66758728,SmoothCondition,LowCongestionCondition,EvenPaceStyle
2.5,101.5561752,113.3968914,14.35116989,-1.801445,0.105,42.35294342,2011.0,26.07999992,0.398,13.613904,SmoothCondition,LowCongestionCondition,EvenPaceStyle
1.8000488,100.2050934,113.2280064,17.11314593,-1.3510818,0.0781,66.66666412,2023.0,37.20999908,0.336,13.59082031,SmoothCondition,LowCongestionCondition,EvenPaceStyle
0.6000366,101.1058121,112.8939892,21.98549901,0.4503632,0.0742,70.58823395,2053.0,39.08000183,0.352,13.54026318,SmoothCondition,LowCongestionCondition,EvenPaceStyle
-0.3999634,102.6820755,112.5899963,25.59709729,0.6755295,0.0976,20.7843132,2069.0,31.25,0.266,13.44001484,SmoothCondition,LowCongestionCondition,EvenPaceStyle
-1.0,102.23172,112.4398764,27.36178046,-0.4503555,0.0039,59.60784531,2064.0,36.93000031,0.238,13.40051937,SmoothCondition,LowCongestionCondition,EvenPaceStyle
-1.2999878,102.6820755,112.2897564,28.94312146,0.4503555,0.0078,67.45098114,2076.0,38.40000153,0.395,13.37726974,SmoothCondition,LowCongestionCondition,EvenPaceStyle
-1.1999512,103.3576202,112.1471425,30.27230587,0.6755447,0.0195,63.13725662,2086.0,33.77999878,0.379,13.3305769,SmoothCondition,LowCongestionCondition,EvenPaceStyle
-1.0,104.0331573,112.0045285,31.36417557,0.6755371,0.0352,44.31372452,2081.0,29.87999916,0.285,13.26342106,SmoothCondition,LowCongestionCondition,EvenPaceStyle
-0.7999878,103.3576202,111.6855237,33.5493325,-0.6755371,0.152,39.2156868,2066.0,23.01000023,0.25,13.06025028,SmoothCondition,LowCongestionCondition,EvenPaceStyle
-0.4000244,102.9072571,111.4978738,34.71528508,-0.4503631,0.219,41.5686264,2065.0,26.69000053,0.293,12.98309898,SmoothCondition,LowCongestionCondition,EvenPaceStyle
0.7000122,14.18633938,38.0629252,299.4027251,2.70215893,0.637,84.70588684,1284.0,11.85999966,-0.148,10.11960983,SmoothCondition,LowCongestionCondition,EvenPaceStyle
1.1000366,20.71656036,36.65179725,292.026117,3.82806205,0.469,37.64706039,1717.0,19.62999916,-0.0703,10.17829704,SmoothCondition,LowCongestionCondition,EvenPaceStyle
1.7000122,23.64389992,36.04381128,285.1808031,2.92733956,0.34,32.15686417,1839.0,14.89999962,-0.0859,10.20385551,SmoothCondition,LowCongestionCondition,EvenPaceStyle
1.5,26.12088013,35.46960225,276.3160544,2.47698021,0.23,24.31372643,1925.0,13.59000015,-0.102,10.21548653,SmoothCondition,LowCongestionCondition,EvenPaceStyle
1.7999878,27.69713783,34.36997323,256.5896465,0.90071869,0.156,14.90196133,1906.0,13.15999985,-0.141,10.24635315,SmoothCondition,LowCongestionCondition,AggressiveStyle
2.0999756,27.47196007,33.85581222,247.4038747,-0.22517776,0.0468,0.0,1734.0,18.60000038,-0.0547,10.26721382,SmoothCondition,LowCongestionCondition,AggressiveStyle
1.7999878,16.43813896,31.97931222,238.1851177,-3.15252114,-0.227,6.666666985,1048.0,11.77999973,0.172,10.39647961,SmoothCondition,LowCongestionCondition,AggressiveStyle
1.3999634,14.41152,31.59275321,242.7277043,-2.02661896,-0.293,26.27450943,1010.0,6.110000134,0.23,10.41129208,SmoothCondition,LowCongestionCondition,AggressiveStyle
1.5999756,13.28561974,31.2061942,247.851577,-1.12590026,-0.309,17.64705849,939.0,5.889999866,0.203,10.41710091,SmoothCondition,LowCongestionCondition,EvenPaceStyle
2.0,12.83525944,30.78585819,252.5969738,-0.4503603,-0.184,23.52941132,916.0,6.039999962,0.156,10.42716789,SmoothCondition,LowCongestionCondition,EvenPaceStyle
1.7999878,11.25899982,30.3054742,257.3602466,-1.57625962,-0.0859,24.31372643,883.0,5.239999771,0.0937,10.43310642,SmoothCondition,LowCongestionCondition,EvenPaceStyle
2.1000366,5.179140091,29.08199621,269.3518486,-2.702159882,0.0391,25.49019623,848.0,4.900000095,0.039,10.50904751,SmoothCondition,LowCongestionCondition,EvenPaceStyle
1.2000122,39.40649796,96.88369166,422.5971549,1.35107804,0.965,68.62744904,1758.0,28.76000023,-0.375,9.721055984,SmoothCondition,LowCongestionCondition,AggressiveStyle
0.0999756,41.65829849,95.80282765,471.5307063,2.25180053,0.898,58.8235321,1870.0,33.04000092,-0.344,9.745969772,SmoothCondition,LowCongestionCondition,EvenPaceStyle
-1.0999756,44.13527679,94.7444816,513.2646914,2.4769783,0.801,50.98039246,1965.0,35.02000046,-0.328,9.771010399,SmoothCondition,LowCongestionCondition,EvenPaceStyle
-2.0,48.41369629,92.72161459,578.143905,1.57625961,0.609,20.7843132,2110.0,19.95000076,-0.266,9.798151016,SmoothCondition,LowCongestionCondition,EvenPaceStyle
-2.2000122,49.53959656,91.71581052,603.7254112,1.12590027,0.586,25.88235283,2142.0,16.31999969,-0.184,9.791291237,SmoothCondition,LowCongestionCondition,EvenPaceStyle
-2.7999878,50.21513748,90.70625363,625.7149725,0.67554092,0.535,36.07843018,2175.0,18.12999916,-0.0352,9.787184715,SmoothCondition,LowCongestionCondition,AggressiveStyle
-1.9000244,52.46693802,88.73968188,659.4607844,1.35107803,0.465,25.09803963,2273.0,19.76000023,0.0117,9.782255173,SmoothCondition,LowCongestionCondition,AggressiveStyle
-2.2000122,53.14247894,87.77891401,671.7594915,0.67554092,0.437,16.86274529,2303.0,18.01000023,0.133,9.777190208,SmoothCondition,LowCongestionCondition,AggressiveStyle
-1.9000244,53.59283829,86.82565213,681.6700317,0.45035935,0.324,22.74509811,2304.0,17.06999969,0.137,9.770423889,SmoothCondition,LowCongestionCondition,AggressiveStyle
-1.2000122,54.49356079,84.94539923,695.591111,0.9007225,0.125,23.13725471,2329.0,18.12999916,0.281,9.760530472,SmoothCondition,LowCongestionCondition,AggressiveStyle
-0.2999878,54.26837921,83.11393522,703.6891689,-0.22518158,-0.145,18.4313736,2347.0,17.81999969,0.477,9.75047493,SmoothCondition,LowCongestionCondition,AggressiveStyle
0.5,54.94392014,82.23573323,706.162759,0.67554093,-0.105,0.0,2311.0,23.29999924,0.484,9.755397797,SmoothCondition,LowCongestionCondition,AggressiveStyle
1.0,53.59283829,81.34627228,708.9023037,-1.35108185,-0.148,22.35294151,2272.0,18.95999908,0.555,9.753764153,SmoothCondition,LowCongestionCondition,AggressiveStyle
0.3000488,54.04319763,78.61033542,703.8558916,0.67553711,-0.133,41.5686264,2310.0,20.15999985,0.43,9.73726368,SmoothCondition,LowCongestionCondition,EvenPaceStyle
0.0999756,54.26837921,77.67208545,695.6985215,0.22518158,-0.082,60.0,2370.0,26.25,0.402,9.743330002,SmoothCondition,LowCongestionCondition,EvenPaceStyle
0.1000366,59.22233582,75.90817554,669.1248441,2.92733765,0.0859,38.4313736,2577.0,34.20000076,0.379,9.780927658,SmoothCondition,LowCongestionCondition,EvenPaceStyle
-0.2000122,61.47413635,75.08626862,651.3480477,2.25180053,0.168,56.07843399,2331.0,20.40999985,0.34,9.788218498,SmoothCondition,LowCongestionCondition,EvenPaceStyle
-0.7000122,61.69932175,74.2868798,633.4725015,0.2251854,0.0937,87.45098114,1965.0,30.90999985,0.375,9.818808556,SmoothCondition,LowCongestionCondition,EvenPaceStyle
-1.2000122,63.50076294,73.5587979,616.5606929,1.80144119,0.0,72.94117737,2069.0,44.22000122,0.391,9.861361504,SmoothCondition,LowCongestionCondition,EvenPaceStyle
-1.0,66.87845612,72.89826985,598.4701541,3.37769318,-0.0078,76.07843018,2161.0,46.59000015,0.414,9.895676613,SmoothCondition,LowCongestionCondition,EvenPaceStyle
-1.2999878,70.25614929,72.29403668,579.06875,3.37769317,0.0508,0.0,2259.0,35.16999817,0.34,9.910609245,SmoothCondition,LowCongestionCondition,EvenPaceStyle
-0.8999634,43.23456192,66.20667076,414.3550196,-6.07985687,0.551,12.15686321,1229.0,10.21000004,-0.332,9.877520561,SmoothCondition,LowCongestionCondition,EvenPaceStyle
0.1999512,36.47916031,65.08827674,404.3838568,-6.75540161,0.504,10.98039246,1026.0,5.840000153,-0.316,9.820536613,SmoothCondition,LowCongestionCondition,EvenPaceStyle
0.5999756,34.00217819,63.96237679,396.9326511,-2.47698212,0.461,9.019607544,1424.0,11.48999977,-0.418,9.808505058,SmoothCondition,LowCongestionCondition,AggressiveStyle
1.2000122,31.52519989,61.66929398,378.2746331,-1.80143738,0.496,30.58823586,1287.0,12.31999969,-0.48,9.802681923,SmoothCondition,LowCongestionCondition,AggressiveStyle
1.5999756,29.27339935,60.46833407,367.9340446,-2.25180054,0.504,55.68627548,1242.0,9.069999695,-0.519,9.797665596,SmoothCondition,LowCongestionCondition,AggressiveStyle
1.7999878,29.49857903,59.26737414,354.1099218,0.22517968,0.449,79.21569061,1311.0,15.35999966,-0.504,9.816030502,SmoothCondition,LowCongestionCondition,AggressiveStyle
2.0,32.200737,58.11895622,335.5169749,2.70215797,0.336,70.19608307,1450.0,18.88999939,-0.508,9.844242096,SmoothCondition,LowCongestionCondition,AggressiveStyle
2.5,36.02880096,57.03433937,311.2715776,3.82806396,0.297,54.90196228,1602.0,23.69000053,-0.461,9.921189308,SmoothCondition,LowCongestionCondition,AggressiveStyle
2.7999878,40.08203888,56.03228846,283.5329356,4.05323792,0.309,41.96078491,1761.0,26.01000023,-0.453,9.995893478,SmoothCondition,LowCongestionCondition,AggressiveStyle
2.6000366,42.78419876,55.09403855,254.20509,2.70215988,0.316,41.5686264,1866.0,18.93000031,-0.504,10.05936813,SmoothCondition,LowCongestionCondition,EvenPaceStyle
2.5999756,44.58563995,54.23460163,226.7536358,1.80144119,0.277,52.15686417,1936.0,19.46999931,-0.539,10.06721401,SmoothCondition,LowCongestionCondition,EvenPaceStyle
3.1000366,46.16189957,53.45022465,201.4661802,1.57625962,0.16,60.39215851,2034.0,32.84000015,-0.437,10.07908916,SmoothCondition,LowCongestionCondition,EvenPaceStyle
3.0,48.86405945,52.76342567,178.6115533,2.70215988,0.039,54.90196228,2184.0,36.56999969,-0.406,10.09771633,SmoothCondition,LowCongestionCondition,EvenPaceStyle
2.7999878,52.46693802,52.17795757,157.7010665,3.60287857,-0.0782,58.03921509,2314.0,32.02000046,-0.34,10.11277485,SmoothCondition,LowCongestionCondition,EvenPaceStyle
2.5999756,55.84463882,51.70507962,140.3028847,3.3777008,-0.227,38.03921509,2446.0,31.35000038,-0.191,10.12235355,SmoothCondition,LowCongestionCondition,EvenPaceStyle
2.0999756,58.54679871,51.36730967,128.5253369,2.70215989,-0.254,21.96078491,2535.0,22.85000038,-0.0351,10.12158966,SmoothCondition,LowCongestionCondition,EvenPaceStyle
2.2000122,59.89787674,51.11961165,120.4216535,1.35107803,-0.414,16.47058868,2561.0,19.64999962,0.0586,10.12352848,SmoothCondition,LowCongestionCondition,AggressiveStyle
0.8000488,59.67269897,50.92445567,114.52314,-0.22517777,-0.848,60.0,1891.0,27.53000069,0.359,10.19159985,SmoothCondition,LowCongestionCondition,AggressiveStyle
0.5,61.47413635,51.16464764,116.0980628,1.80143738,-0.902,54.11764908,1961.0,32.06999969,0.328,10.22711182,SmoothCondition,LowCongestionCondition,AggressiveStyle
0.0,63.7259407,51.50992371,117.5239052,2.25180435,-0.91,53.72549057,2024.0,34.22000122,0.41,10.25899792,SmoothCondition,LowCongestionCondition,AggressiveStyle
-0.0999756,65.75255585,51.93776566,118.5624322,2.02661515,-0.969,31.76470566,2090.0,25.04000092,0.457,10.26003933,SmoothCondition,LowCongestionCondition,AggressiveStyle
-0.2999878,66.42809296,52.41064355,118.6274026,0.67553711,-0.926,12.54901981,2115.0,18.15999985,0.453,10.24122906,SmoothCondition,LowCongestionCondition,AggressiveStyle
-0.0999756,67.32881927,52.87601557,119.3129941,0.90072631,-0.867,21.17647171,2104.0,13.78999996,0.457,10.20498562,SmoothCondition,LowCongestionCondition,EvenPaceStyle
0.0999756,67.1036377,53.30010455,120.4281969,-0.22518157,-0.785,29.80392265,2103.0,15.84000015,0.441,10.18681812,SmoothCondition,LowCongestionCondition,EvenPaceStyle
0.0,68.00435638,54.35845054,127.196846,0.45036315,-0.48,13.33333397,2093.0,15.56999969,0.363,10.12909889,SmoothCondition,LowCongestionCondition,EvenPaceStyle
-0.1000366,66.42809296,54.90263548,130.968498,0.45035553,-0.336,10.1960783,2076.0,15.06999969,0.316,10.09585476,SmoothCondition,LowCongestionCondition,EvenPaceStyle
-0.4000244,65.75255585,55.14658041,132.6602023,-0.67553711,-0.254,15.29411793,2051.0,14.59000015,0.262,10.09952545,SmoothCondition,LowCongestionCondition,EvenPaceStyle
-0.5999756,64.401474,55.54064531,135.3607265,-0.45036316,-0.043,3.921568632,2024.0,15.23999977,0.242,10.09282112,SmoothCondition,LowCongestionCondition,EvenPaceStyle
-1.6999512,62.8252182,55.86715631,137.2220247,-1.12590027,0.0,12.94117641,1953.0,14.42000008,0.184,10.04109287,SmoothCondition,LowCongestionCondition,EvenPaceStyle
-1.4000244,62.14967728,55.99475826,137.8424716,-0.67554092,0.0469,11.76470566,1937.0,15.0,0.219,10.01489162,SmoothCondition,LowCongestionCondition,EvenPaceStyle
-0.9000244,61.47413635,56.11110118,138.2993843,-0.67554093,0.0313,13.72549057,1911.0,14.05000019,0.242,10.01022625,SmoothCondition,LowCongestionCondition,EvenPaceStyle
-1.1000366,60.79859924,56.21993818,138.6022027,-0.67553711,0.0352,23.92156982,1913.0,13.52000046,0.117,9.999084473,SmoothCondition,LowCongestionCondition,EvenPaceStyle
-0.7999878,60.12305832,56.30625715,138.8252377,-0.67554092,0.117,24.31372643,1907.0,13.22999954,0.113,9.973841667,SmoothCondition,LowCongestionCondition,EvenPaceStyle
-0.1000366,59.89787674,56.65528619,139.0964302,-0.67554474,0.316,0.0,1845.0,18.93000031,0.043,9.954994202,SmoothCondition,LowCongestionCondition,EvenPaceStyle
1.2999878,37.60506058,55.75081333,148.6327575,-4.9539566,0.684,60.39215851,1157.0,11.56999969,-0.168,10.00198269,SmoothCondition,LowCongestionCondition,EvenPaceStyle
0.5999756,36.47916031,55.30045328,153.7033582,-1.12590027,0.695,79.60784149,1151.0,12.89000034,-0.0859,10.02402306,SmoothCondition,LowCongestionCondition,EvenPaceStyle
0.7999878,38.05541992,54.82006934,156.2371701,1.57625961,0.59,78.8235321,1227.0,14.0,-0.0664,10.0301609,SmoothCondition,LowCongestionCondition,EvenPaceStyle
0.9000244,40.08203888,54.3171675,155.6229729,2.02661896,0.559,73.72549438,1295.0,15.15999985,-0.0273,10.03043365,SmoothCondition,LowCongestionCondition,EvenPaceStyle
-1.5,17.11367989,9.776564647,36.11522463,-2.02661895,0.0273,18.4313736,1116.0,7.699999809,0.32,31.68546486,SmoothCondition,LowCongestionCondition,EvenPaceStyle
-1.2999878,15.76259995,9.892907668,36.69202725,-1.35107994,-0.1251,32.54901886,1136.0,9.779999733,0.457,31.3939991,SmoothCondition,LowCongestionCondition,EvenPaceStyle
-0.90002442,15.53741932,10.02801565,37.11073874,-0.22518063,-0.293,68.23529816,1234.0,13.89000034,0.41,31.31268311,SmoothCondition,LowCongestionCondition,EvenPaceStyle
-0.69995118,20.26619911,10.44835159,39.17289804,2.70216179,-0.3633,57.64706039,1607.0,19.29999924,0.48,31.19906425,SmoothCondition,LowCongestionCondition,EvenPaceStyle
-0.90002442,22.51799965,10.77486259,40.57483397,2.25180054,-0.2969,26.27450943,1600.0,13.93000031,0.41,30.93420029,SmoothCondition,LowCongestionCondition,EvenPaceStyle
-1.0,22.74317932,11.11638558,41.65279555,0.22517967,-0.25,31.76470566,1551.0,11.13000011,0.379,30.54196548,SmoothCondition,LowCongestionCondition,EvenPaceStyle
-0.40002441,21.61728096,12.03962351,42.52167334,0.45036316,-0.2539,25.49019623,1544.0,11.03999996,0.519,29.5453186,SmoothCondition,LowCongestionCondition,EvenPaceStyle
-0.09997558,21.39209938,12.56504353,43.93342146,-0.22518158,-0.2227,33.72549057,1558.0,12.11999989,0.539,28.99592972,SmoothCondition,LowCongestionCondition,EvenPaceStyle
0.0,21.84246063,12.84276554,44.38920329,0.45036125,-0.2852,35.68627548,1594.0,12.89000034,0.531,28.79780006,SmoothCondition,LowCongestionCondition,EvenPaceStyle
0.19995118,22.74317932,13.01915653,46.0109798,0.90071869,-0.3125,37.64706039,1671.0,13.85999966,0.539,28.62370491,SmoothCondition,LowCongestionCondition,EvenPaceStyle
0.0,23.86907959,13.08295754,47.16640416,1.12590027,-0.2344,29.41176605,1762.0,15.22999954,0.559,28.46226311,SmoothCondition,LowCongestionCondition,EvenPaceStyle
0.09997559,25.89570045,13.18428858,49.39356014,0.90072059,-0.2696,28.62745094,1844.0,14.56000042,0.406,28.05438995,SmoothCondition,LowCongestionCondition,EvenPaceStyle
0.0,26.3460598,13.28937259,51.52160938,0.45035935,-0.25,11.76470566,1890.0,14.75,0.398,27.85480499,SmoothCondition,LowCongestionCondition,EvenPaceStyle
0.10003662,26.57123947,13.40196261,53.77673901,0.22517967,-0.2579,0.0,1764.0,17.77000046,0.394,27.77238274,SmoothCondition,LowCongestionCondition,EvenPaceStyle
0.2000122,24.54461861,13.49203461,55.31476447,-2.02662086,-0.211,1.960784316,1582.0,11.97000027,0.379,27.58302116,SmoothCondition,LowCongestionCondition,EvenPaceStyle
-0.10003662,21.39209938,13.56709463,56.17132408,-3.15251923,-0.3593,0.0,1385.0,12.92000008,0.121,27.48332977,SmoothCondition,LowCongestionCondition,EvenPaceStyle
0.0,14.63669968,13.74348566,56.140972,-3.60288047,-0.1094,65.88235474,1003.0,10.56999969,0.0507,27.31180954,SmoothCondition,LowCongestionCondition,EvenPaceStyle
0.40002441,16.21295929,13.98743066,55.10472108,1.57625961,-0.1445,48.62745285,1265.0,14.02999973,-0.0898,27.28759956,SmoothCondition,LowCongestionCondition,EvenPaceStyle
0.2000122,19.81583786,14.26890563,55.5514065,1.35107803,-0.1641,11.76470566,1335.0,11.27999973,-0.227,27.01170158,SmoothCondition,LowCongestionCondition,EvenPaceStyle
0.20001221,17.11367989,14.4528026,56.11609094,-2.70215797,-0.1719,21.96078491,957.0,9.630000114,-0.379,26.82644081,SmoothCondition,LowCongestionCondition,EvenPaceStyle
0.40002441,14.41152,14.49033261,56.0255649,-2.70215989,-0.1875,18.03921509,1058.0,10.85999966,-0.309,26.81289482,SmoothCondition,LowCongestionCondition,EvenPaceStyle
0.5,15.08705902,14.5728986,55.70287971,0.67553902,-0.1719,71.37255096,1192.0,11.85999966,-0.16,26.80554008,SmoothCondition,LowCongestionCondition,EvenPaceStyle
0.40002441,15.76259995,14.6854886,55.18894413,0.67554093,-0.2773,81.5686264,1395.0,13.30000019,-0.215,26.81308365,SmoothCondition,LowCongestionCondition,EvenPaceStyle
0.29998779,18.01440048,14.84686762,54.66602746,2.25180053,-0.3086,66.66666412,1693.0,17.26000023,-0.102,26.8309288,SmoothCondition,LowCongestionCondition,EvenPaceStyle
0.09997559,21.61728096,15.06829464,54.6736336,3.60288048,-0.3828,45.88235474,1904.0,23.05999947,-0.0664,26.88625526,SmoothCondition,LowCongestionCondition,EvenPaceStyle
0.20001221,27.92231941,15.69504559,57.14878915,2.47698211,-0.4062,45.88235474,2234.0,25.64999962,-0.039,26.95906258,SmoothCondition,LowCongestionCondition,EvenPaceStyle
0.10003662,30.62447739,16.06659256,59.86718995,2.70215798,-0.5039,50.98039246,2415.0,24.89999962,-0.0664,26.94590569,SmoothCondition,LowCongestionCondition,EvenPaceStyle
0.09997559,32.87627792,16.49068152,63.20956186,2.25180053,-0.664,56.07843399,2584.0,32.88999939,0.0313,26.98995209,SmoothCondition,LowCongestionCondition,AggressiveStyle
0.40002441,35.12807465,16.96731243,67.18432471,2.25179673,-0.707,3.529411793,1687.0,33.70999908,0.0547,27.02554512,SmoothCondition,LowCongestionCondition,AggressiveStyle
0.90002441,36.47916031,17.50399144,70.61521885,1.35108566,-0.8867,72.54901886,1607.0,17.23999977,0.148,26.82164764,SmoothCondition,LowCongestionCondition,AggressiveStyle
1.40002441,41.43312073,19.30918447,79.66626328,2.70215988,-1.3788,80.0,1946.0,34.75,0.273,26.58766556,SmoothCondition,LowCongestionCondition,AggressiveStyle
0.59997559,47.28779984,20.8141375,89.49591736,2.92733765,-1.2304,25.09803963,2047.0,22.06999969,0.383,26.36453819,SmoothCondition,LowCongestionCondition,AggressiveStyle
1.80004882,47.06261826,22.35286742,98.35571977,-0.90071868,-1.0273,0.392156869,1914.0,19.81999969,0.473,25.88741112,SmoothCondition,LowCongestionCondition,AggressiveStyle
1.59997559,45.71154022,23.02090143,102.409625,-1.35107804,-1.121,0.0,1814.0,14.68000031,0.488,25.58155441,SmoothCondition,LowCongestionCondition,AggressiveStyle
2.0,43.00937653,23.59886338,105.1845894,-2.70216369,-1.0116,19.2156868,1778.0,14.14999962,0.441,25.28134346,SmoothCondition,LowCongestionCondition,EvenPaceStyle
2.2000122,41.65829849,24.14304835,106.8025272,-1.35107804,-1.0233,23.52941132,1744.0,12.69999981,0.434,24.94880486,SmoothCondition,LowCongestionCondition,EvenPaceStyle
2.7000122,40.98275757,24.66846832,107.6728366,-0.67554092,-0.9843,25.09803963,1721.0,12.26000023,0.297,24.61154366,SmoothCondition,LowCongestionCondition,EvenPaceStyle
1.60003662,39.40649796,25.63674229,108.0276076,-0.9007225,-0.7382,8.235294342,1610.0,12.22000027,0.0977,24.30035019,SmoothCondition,LowCongestionCondition,EvenPaceStyle
2.60003662,38.28059769,26.05707825,107.876807,-1.12590027,-0.5663,0.0,1485.0,14.89999962,0.0273,24.11413002,SmoothCondition,LowCongestionCondition,EvenPaceStyle
3.70001221,28.82304001,26.95779831,102.3575855,-3.82806015,-0.0078,38.82352829,1123.0,11.64000034,0.0352,23.66480064,SmoothCondition,LowCongestionCondition,EvenPaceStyle
3.09997559,23.41871834,27.02535227,101.5882293,-5.40432167,0.0352,25.88235283,927.0,6.880000114,-0.129,23.40740967,SmoothCondition,LowCongestionCondition,EvenPaceStyle
2.2999878,18.46475983,26.99532828,102.0550684,-4.95395851,0.168,30.98039246,915.0,7.099999905,-0.176,23.27064705,SmoothCondition,LowCongestionCondition,EvenPaceStyle
1.59997559,15.31223869,26.93152728,103.3186084,-3.15252114,0.3359,33.72549057,899.0,5.820000172,-0.211,23.11288452,SmoothCondition,LowCongestionCondition,EvenPaceStyle
3.09997558,7.430940151,26.69884129,110.005215,-4.053240299,0.5117,50.19607925,1211.0,5.690000057,-0.23,23.14080048,SmoothCondition,LowCongestionCondition,AggressiveStyle
-0.2999878,15.98777962,26.22221035,121.1468902,1.57625962,0.0742,72.94117737,1295.0,15.47999954,-0.0625,23.43323517,SmoothCondition,LowCongestionCondition,EvenPaceStyle
-0.70001221,19.5906601,26.16966837,121.6843167,3.60288048,-0.1093,45.88235474,1581.0,20.71999931,-0.0312,23.47948265,SmoothCondition,LowCongestionCondition,EvenPaceStyle
-0.20001221,23.19353867,26.20344538,121.4090859,3.60287857,-0.0273,25.09803963,1753.0,20.57999992,-0.0352,23.50505447,SmoothCondition,LowCongestionCondition,EvenPaceStyle
0.0,25.22015953,26.27099941,120.9908898,2.02662086,-0.0039,3.529411793,1751.0,17.17000008,-0.082,23.49878883,SmoothCondition,LowCongestionCondition,EvenPaceStyle
-0.2000122,23.64389992,26.30477639,120.7396373,-1.57625961,0.0586,9.8039217,1567.0,12.78999996,-0.109,23.44846153,SmoothCondition,LowCongestionCondition,EvenPaceStyle
-0.39996338,21.1669178,26.29727034,120.8145796,-2.47698212,0.0821,12.54901981,1421.0,11.73999977,-0.102,23.41117859,SmoothCondition,LowCongestionCondition,EvenPaceStyle
-0.70001221,18.6899395,26.25223434,121.3855811,-2.4769783,0.086,31.37254906,1272.0,8.68999958,-0.0469,23.32832146,SmoothCondition,LowCongestionCondition,EvenPaceStyle
0.0,17.33885956,26.17717432,122.3968371,-1.35107994,0.1211,14.11764717,1233.0,8.369999886,-0.043,23.25227737,SmoothCondition,LowCongestionCondition,EvenPaceStyle
1.0,12.38489914,25.7155553,128.8101621,-2.25180054,0.1133,33.72549057,938.0,6.760000229,-0.0508,23.11557007,SmoothCondition,LowCongestionCondition,EvenPaceStyle
2.90002442,9.457559586,23.21605733,189.9648997,9.457559586,-0.1679,38.4313736,1999.0,19.53000069,0.133,23.42436028,SmoothCondition,LowCongestionCondition,EvenPaceStyle
3.09997559,14.41152,23.09596135,191.7983378,1.35107994,0.0938,18.4313736,1985.0,18.30999947,0.0508,23.59127045,SmoothCondition,LowCongestionCondition,AggressiveStyle
3.20001221,13.28561974,22.90080541,194.2389876,-1.35107994,0.1953,14.50980377,1551.0,14.14999962,0.0351,23.71352768,SmoothCondition,LowCongestionCondition,AggressiveStyle
0.0,0.0,8.928386722,120.367217,0.0,-0.57,34.11764908,791.0,4.849999905,0.422,10.50904751,SmoothCondition,LowCongestionCondition,EvenPaceStyle
-1.09997559,7.656119347,19.78581511,241.0933507,-1.351080894,0.6523,23.52941132,902.0,5.210000038,0.0078,21.80326653,SmoothCondition,LowCongestionCondition,EvenPaceStyle
2.5,7.205760002,20.02976011,232.6606085,7.205760002,0.1523,23.52941132,1078.0,6.900000095,0.152,21.81996727,SmoothCondition,LowCongestionCondition,EvenPaceStyle
2.60003662,7.881299973,20.28121111,224.2854191,0.675539971,-0.0586,31.76470566,1177.0,9.760000229,0.258,21.83116341,SmoothCondition,LowCongestionCondition,EvenPaceStyle
2.39996338,8.556839943,20.42382511,219.6229281,0.67553997,-0.1992,25.09803963,1339.0,9.010000229,0.34,21.83112335,SmoothCondition,LowCongestionCondition,EvenPaceStyle
1.5,9.90791893,20.74283009,209.3765147,0.675539017,-0.2734,34.50980377,1427.0,9.970000267,0.359,21.7548542,SmoothCondition,LowCongestionCondition,EvenPaceStyle
1.0,11.70935917,20.93798608,203.428268,1.80144024,-0.3671,3.137254953,1786.0,16.80999947,0.316,21.73467636,SmoothCondition,LowCongestionCondition,EvenPaceStyle
0.30004882,13.28561974,21.36958107,190.5458572,0.67553997,-0.6757,81.5686264,1293.0,15.46000004,0.457,21.64260864,SmoothCondition,LowCongestionCondition,EvenPaceStyle
-1.09997559,18.01440048,21.55347808,187.1930571,4.72878074,-0.5898,68.23529816,1597.0,20.87000084,0.41,21.65919876,SmoothCondition,LowCongestionCondition,EvenPaceStyle
-1.60003662,22.9683609,21.74112811,185.548692,4.95396042,-0.5507,42.74509811,1857.0,21.68000031,0.426,21.66163826,SmoothCondition,LowCongestionCondition,EvenPaceStyle
-1.90002442,25.89570045,21.91001312,185.2064267,2.92733955,-0.5586,31.37254906,1954.0,15.15999985,0.414,21.61458397,SmoothCondition,LowCongestionCondition,EvenPaceStyle
-2.0,26.3460598,22.34536112,186.280821,-0.45035934,-0.6757,18.4313736,1857.0,12.14999962,0.457,21.52098656,SmoothCondition,LowCongestionCondition,AggressiveStyle
-1.60003662,25.4453373,22.28906608,185.7464736,-0.9007225,-0.4179,0.0,1631.0,16.22999954,0.312,21.57931519,SmoothCondition,LowCongestionCondition,EvenPaceStyle
-1.89996338,22.29281998,21.01679915,173.7973385,3.15252114,-0.3594,38.4313736,1739.0,16.56999969,0.227,21.46949959,SmoothCondition,LowCongestionCondition,EvenPaceStyle
-1.7000122,24.76979828,20.79161916,168.9329978,2.4769783,-0.332,40.39215851,1922.0,21.28000069,0.34,21.44296837,SmoothCondition,LowCongestionCondition,EvenPaceStyle
-1.70001221,27.69713783,20.59271019,163.6849397,2.92733955,-0.3476,47.05882263,2182.0,29.45999908,0.348,21.43582726,SmoothCondition,LowCongestionCondition,EvenPaceStyle
-1.89996338,31.07483864,20.43883716,158.9356598,3.37770081,-0.3359,45.09804153,2362.0,24.12999916,0.371,21.40326881,SmoothCondition,LowCongestionCondition,EvenPaceStyle
-1.79998779,33.55181885,20.32249417,154.9930657,2.47698021,-0.3164,34.50980377,1447.0,18.69000053,0.391,21.34592056,SmoothCondition,LowCongestionCondition,EvenPaceStyle
-1.39996338,37.83023834,20.14610314,148.3270983,2.92734146,-0.2695,71.37255096,1737.0,24.38999939,0.316,21.25841331,SmoothCondition,LowCongestionCondition,EvenPaceStyle
-1.20001221,40.75757599,20.12733814,147.5185948,2.92733765,-0.2344,41.5686264,1796.0,18.59000015,0.34,21.17311859,SmoothCondition,LowCongestionCondition,EvenPaceStyle
-1.09997558,42.10865784,20.12358518,147.3499345,1.35108185,-0.2851,38.03921509,1835.0,16.95000076,0.379,21.07372093,SmoothCondition,LowCongestionCondition,EvenPaceStyle
-1.09997559,43.68492126,20.1723742,149.5678089,0.67554473,-0.3476,23.92156982,1872.0,12.39000034,0.402,20.76306343,SmoothCondition,LowCongestionCondition,EvenPaceStyle
-1.10003662,44.13527679,20.46510835,161.6028476,0.22517776,-0.4609,6.274509907,1897.0,13.10999966,0.402,20.32517242,SmoothCondition,LowCongestionCondition,EvenPaceStyle
-1.80004882,6.980579853,0.116342998,0.812141585,6.980579853,-0.5273,44.70588303,1668.0,22.79999924,0.352,24.89558983,SmoothCondition,LowCongestionCondition,EvenPaceStyle
3.40002441,12.15971947,22.8182394,195.6198533,-1.12590027,0.2188,0.0,1037.0,14.14999962,0.0312,23.78721428,SmoothCondition,LowCongestionCondition,AggressiveStyle
3.80004882,9.007200241,22.72816741,197.6467193,-3.152519229,0.0821,38.4313736,1090.0,6.619999886,0.0625,23.82692146,SmoothCondition,LowCongestionCondition,AggressiveStyle
4.60003662,9.007200241,22.48046942,203.1664571,2.026620388,-0.0586,24.70588303,1498.0,12.81999969,0.129,23.97413254,SmoothCondition,LowCongestionCondition,AggressiveStyle
3.39996338,11.25899982,22.36787941,204.9497625,2.251799579,-0.1797,29.41176605,1683.0,12.97000027,0.184,24.02803421,SmoothCondition,LowCongestionCondition,AggressiveStyle
3.29998779,12.38489914,22.21400638,206.6052859,1.12589932,-0.1718,16.86274529,1827.0,14.14999962,0.191,24.08221436,SmoothCondition,LowCongestionCondition,AggressiveStyle
4.40002441,11.0338192,21.72236342,209.2396651,-1.80144024,-0.3242,28.62745094,1232.0,8.619999886,0.266,24.17708397,SmoothCondition,LowCongestionCondition,AggressiveStyle
5.29998779,7.656119347,21.33955745,211.1010069,-3.377699853,-0.4414,49.01960754,1089.0,8.159999847,0.305,24.23700523,SmoothCondition,LowCongestionCondition,AggressiveStyle
5.79998779,8.556839943,20.93423348,211.4475272,0.900720596,-0.5039,34.11764908,1440.0,13.21000004,0.32,24.31716156,SmoothCondition,LowCongestionCondition,AggressiveStyle
5.59997559,11.48418045,20.54016858,209.3885635,2.927340507,-0.5078,23.52941132,1795.0,14.22000027,0.328,24.37769699,SmoothCondition,LowCongestionCondition,AggressiveStyle
4.39996338,13.96115971,19.77830956,201.8120071,0.67553997,-0.3906,17.25490189,1956.0,16.14999962,0.277,24.49367905,SmoothCondition,LowCongestionCondition,EvenPaceStyle
4.2000122,13.73598003,19.36172655,196.1661473,-0.22517968,-0.1484,15.29411793,1815.0,14.10000038,0.148,24.54365349,SmoothCondition,LowCongestionCondition,EvenPaceStyle
4.09997559,12.83525944,18.88509552,188.4003457,-0.90072059,0.0078,15.68627453,1561.0,10.96000004,0.0664,24.58368492,SmoothCondition,LowCongestionCondition,EvenPaceStyle
3.60003662,13.73598003,18.37468749,177.5848898,0.90072059,0.164,24.31372643,1142.0,10.55000019,-0.0312,24.65182495,SmoothCondition,LowCongestionCondition,EvenPaceStyle
2.09997559,12.38489914,17.79297248,163.679906,-1.35108089,0.2148,31.76470566,890.0,5.289999962,-0.0547,24.69779587,SmoothCondition,LowCongestionCondition,EvenPaceStyle
-1.40002441,43.45973969,20.88544434,175.9320848,-0.6755371,-0.4844,15.29411793,1837.0,17.0,0.508,20.00061417,SmoothCondition,LowCongestionCondition,EvenPaceStyle
-1.5,42.78419876,21.13314233,183.1584674,-0.67554093,-0.4062,2.745098114,1770.0,18.26000023,0.555,19.91272926,SmoothCondition,LowCongestionCondition,EvenPaceStyle
-1.60003662,41.20793915,21.36207531,189.2546071,-1.57625961,-0.3359,6.274509907,1714.0,12.09000015,0.551,19.76635361,SmoothCondition,LowCongestionCondition,EvenPaceStyle
-1.69995118,39.85686111,21.58725533,194.5796009,-1.35107804,-0.1797,11.76470566,1656.0,15.90999985,0.5,19.67711449,SmoothCondition,LowCongestionCondition,EvenPaceStyle
-1.79998779,38.73096085,21.83870635,199.4250788,-1.12590026,-0.1094,0.0,1567.0,15.72000027,0.437,19.5958519,SmoothCondition,LowCongestionCondition,EvenPaceStyle
-1.09997558,24.99497986,22.85201631,203.4368706,-5.85468101,0.6835,21.96078491,924.0,6.46999979,-0.0078,19.18033981,SmoothCondition,LowCongestionCondition,EvenPaceStyle
-0.79998779,17.56403732,22.95710026,201.6216525,-7.43094254,0.8749,28.23529434,876.0,6.269999981,-0.117,19.17071152,SmoothCondition,LowCongestionCondition,EvenPaceStyle
-0.59997558,9.457559586,22.98337126,200.8575243,-8.106477734,1.0272,26.27450943,864.0,6.559999943,-0.168,19.20628166,SmoothCondition,LowCongestionCondition,EvenPaceStyle
-0.09997559,5.854679585,21.85371828,243.1816896,5.854679585,0.5507,31.37254906,1101.0,6.929999828,-0.168,19.3853035,SmoothCondition,LowCongestionCondition,EvenPaceStyle
-0.20001221,8.106479645,21.83495328,243.6845245,2.25180006,0.4609,24.70588303,1115.0,6.760000229,-0.141,19.43725014,SmoothCondition,LowCongestionCondition,EvenPaceStyle
-0.40002441,6.755399704,21.7223633,246.5713301,-1.351079941,0.1602,27.45098114,906.0,4.920000076,0.0195,19.46978188,SmoothCondition,NormalCongestionCondition,EvenPaceStyle
1.19995118,25.67051888,16.46065755,102.3380043,-1.35107994,-0.332,1.568627477,1627.0,12.18999958,0.441,22.29598236,UnevenCondition,NormalCongestionCondition,EvenPaceStyle
1.20001221,23.64389992,16.61077756,103.1332583,-2.02661896,-0.1172,0.0,1267.0,11.61999989,0.387,22.50199318,UnevenCondition,NormalCongestionCondition,EvenPaceStyle
1.29998779,20.04101944,16.68583756,103.3074349,-3.60288048,0.1015,13.33333397,900.0,8.399999619,0.223,22.59670639,UnevenCondition,NormalCongestionCondition,EvenPaceStyle
0.90002442,13.73598003,16.64830757,103.4452292,-6.30503941,0.3124,18.4313736,966.0,5.400000095,0.117,22.6799469,UnevenCondition,NormalCongestionCondition,EvenPaceStyle
0.59997559,9.232379913,16.53571757,104.3570783,-4.503600117,0.3827,25.49019623,844.0,5.119999886,0.0547,22.91994858,UnevenCondition,NormalCongestionCondition,EvenPaceStyle
1.09997558,7.430940151,12.66262165,125.5057896,7.430940151,0.414,37.64706039,1628.0,13.65999985,0.0742,23.32881927,UnevenCondition,NormalCongestionCondition,AggressiveStyle
1.2000122,13.06044006,12.11468367,116.8933842,2.25179958,0.3515,63.52941132,999.0,11.13000011,0.0898,23.50481606,SmoothCondition,NormalCongestionCondition,EvenPaceStyle
0.89996338,16.88849831,11.66807662,107.8998375,3.3776989,0.1835,45.09804153,1380.0,9.880000114,0.141,23.53339005,SmoothCondition,NormalCongestionCondition,EvenPaceStyle
0.7000122,18.91511917,11.22897562,96.85619322,-1.35107994,-0.2734,13.33333397,1231.0,7.139999866,0.27,23.0759716,SmoothCondition,NormalCongestionCondition,EvenPaceStyle
0.59997558,17.33885956,11.07885562,93.59267266,-1.57625961,-0.4882,27.84313774,1216.0,9.529999733,0.328,23.01547241,SmoothCondition,NormalCongestionCondition,EvenPaceStyle
-0.5,17.11367989,10.96251263,91.32498165,-0.22517967,-0.5351,38.82352829,1284.0,8.470000267,0.371,22.94509697,SmoothCondition,NormalCongestionCondition,EvenPaceStyle
-0.39996338,18.01440048,10.87619366,89.62471159,0.90072059,-0.5898,25.88235283,1283.0,7.800000191,0.383,22.85378647,SmoothCondition,NormalCongestionCondition,EvenPaceStyle
0.0,18.6899395,10.89495869,89.9010886,0.67553902,-0.6289,29.01960754,1315.0,8.159999847,0.441,22.77090073,SmoothCondition,NormalCongestionCondition,EvenPaceStyle
0.7000122,19.36548042,11.15766871,91.80614586,0.67554092,-0.6367,26.27450943,1413.0,10.64999962,0.496,22.60494804,SmoothCondition,NormalCongestionCondition,EvenPaceStyle
0.80004882,20.04101944,11.4203787,92.27138085,0.67553902,-0.6406,27.05882454,1452.0,9.239999771,0.449,22.51791191,SmoothCondition,NormalCongestionCondition,EvenPaceStyle
1.19995118,20.04101944,12.08465966,90.61196119,-0.90071869,-0.6054,23.13725471,1329.0,8.06000042,0.434,22.29813004,SmoothCondition,LowCongestionCondition,EvenPaceStyle
1.20001221,18.46475983,12.39240566,88.73033785,-1.57625961,-0.5156,11.37254906,1258.0,11.47000027,0.281,22.26886749,SmoothCondition,LowCongestionCondition,EvenPaceStyle
1.0,13.51079941,12.90656664,83.69157656,-3.82806015,-0.0469,22.35294151,895.0,4.880000114,0.0352,22.11734009,SmoothCondition,LowCongestionCondition,EvenPaceStyle
0.59997559,8.556839943,13.04918064,81.16819241,-4.953959467,0.1172,26.27450943,848.0,5.090000153,-0.0469,22.14146614,SmoothCondition,LowCongestionCondition,EvenPaceStyle
0.29998779,6.079859734,13.13925263,79.02547595,6.079859734,0.0,29.01960754,1251.0,8.550000191,0.105,22.20535469,SmoothCondition,LowCongestionCondition,EvenPaceStyle
0.5,8.782018661,13.12799362,79.11739152,2.702158927,0.0156,36.47058868,1535.0,12.5,0.129,22.23513794,SmoothCondition,LowCongestionCondition,EvenPaceStyle
1.5,28.14749908,11.87073869,61.4094565,0.0,-0.5703,23.52941132,2037.0,14.01000023,0.305,21.83037949,UnevenCondition,NormalCongestionCondition,EvenPaceStyle
1.2999878,27.92231941,14.71175965,66.69590501,-0.45035935,-0.5117,12.15686321,1866.0,19.40999985,0.273,21.33600044,UnevenCondition,NormalCongestionCondition,EvenPaceStyle
1.30004882,26.3460598,15.15086065,65.12560818,-1.57625961,-0.4922,0.0,1690.0,11.32999992,0.246,21.27472496,UnevenCondition,NormalCongestionCondition,EvenPaceStyle
1.20001221,24.09425926,15.55243164,62.42662927,-2.25180054,-0.2813,1.568627477,1538.0,13.76000023,0.254,21.27552223,UnevenCondition,NormalCongestionCondition,EvenPaceStyle
0.80004882,13.96115971,16.03281558,60.60797262,-3.60287761,0.1836,22.35294151,885.0,4.880000114,0.172,21.1895256,UnevenCondition,NormalCongestionCondition,EvenPaceStyle
0.69995118,8.331659317,15.94274356,61.51552476,-5.629500393,0.3007,25.49019623,854.0,5.989999771,0.113,21.23868752,UnevenCondition,NormalCongestionCondition,EvenPaceStyle
0.29998779,9.457559586,14.11503263,91.63265793,2.927339554,0.1914,29.41176605,1452.0,11.80000019,0.148,21.40252495,UnevenCondition,NormalCongestionCondition,EvenPaceStyle
0.5,9.90791893,14.13379763,91.45024505,0.450359344,-0.0117,36.47058868,1823.0,15.09000015,0.203,21.48373032,UnevenCondition,NormalCongestionCondition,EvenPaceStyle
0.7000122,12.15971947,14.18258663,91.10669025,2.25180054,-0.0977,3.529411793,1065.0,7.550000191,0.262,21.49266434,UnevenCondition,NormalCongestionCondition,EvenPaceStyle
0.79998779,18.46475983,14.63294659,89.89490181,0.90072251,-0.4961,42.74509811,1460.0,10.39999962,0.437,21.7332859,UnevenCondition,NormalCongestionCondition,EvenPaceStyle
0.39996338,25.22015953,15.37604059,93.54333028,3.3776989,-0.6758,27.45098114,1771.0,12.97000027,0.531,22.03156281,UnevenCondition,NormalCongestionCondition,EvenPaceStyle
0.5,24.54461861,15.53366658,94.94144139,-0.67554092,-0.6836,25.09803963,1823.0,12.05000019,0.527,22.10218239,UnevenCondition,NormalCongestionCondition,EvenPaceStyle
0.79998779,25.89570045,16.04407459,99.06518815,1.57626152,-0.7031,24.31372643,1856.0,12.67000008,0.531,22.26628876,UnevenCondition,NormalCongestionCondition,EvenPaceStyle
0.90002441,27.02159882,16.26550157,100.9675092,1.12589837,-0.6484,12.54901981,1806.0,12.18999958,0.508,22.29598236,UnevenCondition,NormalCongestionCondition,EvenPaceStyle
0.0,16.43813896,6.466418812,51.0757393,-1.57626152,-0.539,10.98039246,955.0,5.340000153,0.402,21.67983818,SmoothCondition,NormalCongestionCondition,EvenPaceStyle
-0.29998779,14.18633938,6.496442816,51.49124231,-2.25179958,-0.4257,34.11764908,1005.0,6.199999809,0.371,21.71326447,SmoothCondition,NormalCongestionCondition,EvenPaceStyle
-0.39996338,11.25899982,6.417629819,50.34249291,-2.92733956,-0.3945,26.27450943,879.0,5.139999866,0.352,21.84482002,SmoothCondition,NormalCongestionCondition,EvenPaceStyle
-0.59997558,7.430940151,6.290027838,49.06945663,-3.828059669,-0.4257,29.41176605,807.0,5.039999962,0.371,21.94639206,SmoothCondition,NormalCongestionCondition,EvenPaceStyle
-0.29998779,5.40432024,6.132401837,47.81211876,-2.026619911,-0.414,36.47058868,887.0,6.510000229,0.375,22.0675354,SmoothCondition,NormalCongestionCondition,EvenPaceStyle
-0.30004882,5.854679585,5.922233833,45.19076013,0.450359345,-0.3632,24.70588303,873.0,4.989999771,0.352,22.09866333,SmoothCondition,NormalCongestionCondition,EvenPaceStyle
0.40002442,0.0,5.149115877,39.4208726,-3.828059673,-0.5585,31.37254906,925.0,8.979999542,0.414,22.14788818,SmoothCondition,NormalCongestionCondition,EvenPaceStyle
0.5,6.530220032,5.055290879,39.83676232,6.530220032,-0.3906,27.45098114,1238.0,8.140000343,0.359,22.12634087,SmoothCondition,NormalCongestionCondition,EvenPaceStyle
0.40002441,9.232379913,5.287976858,39.86265952,0.450361252,-0.2695,25.88235283,1352.0,8.079999924,0.309,22.12995911,SmoothCondition,NormalCongestionCondition,EvenPaceStyle
0.2000122,9.90791893,5.45310884,39.72274513,0.675539017,-0.1914,24.70588303,1400.0,8.420000076,0.273,22.12943268,SmoothCondition,NormalCongestionCondition,EvenPaceStyle
0.5,9.007200241,5.603228844,39.40991477,-0.900718689,-0.2226,23.92156982,1432.0,9.199999809,0.301,22.16409683,SmoothCondition,NormalCongestionCondition,EvenPaceStyle
-0.7999878,10.80864048,6.098624838,38.5336459,0.90072155,-0.2148,21.17647171,1880.0,12.26000023,0.254,22.35083008,SmoothCondition,NormalCongestionCondition,EvenPaceStyle
-0.80004882,13.06044006,6.22997983,39.64982312,1.35108089,-0.3359,19.6078434,1968.0,13.55000019,0.289,22.46748924,SmoothCondition,NormalCongestionCondition,EvenPaceStyle
-0.5,13.96115971,6.244991824,39.87189827,0.90071965,-0.4804,22.35294151,2077.0,15.35000038,0.348,22.57061195,SmoothCondition,NormalCongestionCondition,AggressiveStyle
-0.80004882,14.8618803,6.23373284,39.66671102,0.90072059,-0.5,18.8235302,2187.0,16.38999939,0.352,22.62554741,SmoothCondition,NormalCongestionCondition,AggressiveStyle
-0.79998779,15.08705902,6.226226835,39.52805716,0.22517872,-0.4883,15.29411793,2140.0,15.17000008,0.32,22.60637856,SmoothCondition,NormalCongestionCondition,AggressiveStyle
-1.10003662,14.63669968,6.136154807,37.69026371,-0.45035934,-0.5351,14.50980377,2015.0,13.85999966,0.34,22.52239037,SmoothCondition,NormalCongestionCondition,AggressiveStyle
-1.30004882,13.73598003,6.181190821,38.26057781,-0.45035935,-0.5898,17.64705849,1959.0,13.22999954,0.379,22.46869278,SmoothCondition,NormalCongestionCondition,AggressiveStyle
-1.0,14.63669968,6.545231806,39.95784049,0.67553997,-0.4141,19.2156868,2238.0,17.20999908,0.301,22.4653492,SmoothCondition,NormalCongestionCondition,EvenPaceStyle
-1.39996338,15.53741932,6.796682795,40.63442215,0.90071964,-0.3828,18.4313736,2262.0,16.73999977,0.285,22.45175362,SmoothCondition,NormalCongestionCondition,EvenPaceStyle
-1.19995118,15.98777962,7.063145788,41.21105287,0.4503603,-0.3594,17.64705849,2256.0,16.96999931,0.25,22.46047974,SmoothCondition,NormalCongestionCondition,EvenPaceStyle
-0.79998779,16.21295929,7.866287764,42.13734029,0.22517967,-0.4141,24.31372643,2469.0,27.81999969,0.129,22.45679474,SmoothCondition,NormalCongestionCondition,EvenPaceStyle
-0.5,17.78922081,8.162774777,42.66804951,1.57626152,-0.5117,3.921568632,1837.0,18.32999992,0.113,22.44782257,SmoothCondition,NormalCongestionCondition,EvenPaceStyle
0.10003662,19.36548042,8.485532784,43.55990303,1.57625961,-0.5,29.80392265,1574.0,19.29999924,0.137,22.42923355,SmoothCondition,NormalCongestionCondition,EvenPaceStyle
0.7000122,24.09425926,9.258650772,47.87180648,1.80143928,-0.4961,23.92156982,1724.0,11.30000019,0.0625,22.28411865,SmoothCondition,NormalCongestionCondition,EvenPaceStyle
1.0,24.31943893,9.663974754,50.09633993,0.22517967,-0.5703,21.96078491,1722.0,10.90999985,0.0859,22.17077446,SmoothCondition,NormalCongestionCondition,EvenPaceStyle
1.2000122,24.99497986,10.48588173,53.86762242,0.67554093,-0.5508,40.39215851,1909.0,17.94000053,0.16,22.0665741,UnevenCondition,NormalCongestionCondition,EvenPaceStyle
1.2999878,26.79641914,10.93248872,56.31020626,1.80143928,-0.5703,22.35294151,1973.0,13.96000004,0.18,21.98310852,UnevenCondition,NormalCongestionCondition,EvenPaceStyle
1.29998779,28.14749908,11.4016137,59.08363977,1.35107994,-0.5898,23.52941132,1982.0,14.27000046,0.289,21.90742493,UnevenCondition,NormalCongestionCondition,EvenPaceStyle
3.10003662,89.17127991,89.65541458,87.75892943,-1.80143738,0.1133,42.74509811,2167.0,27.27000046,-0.371,13.57892895,SmoothCondition,LowCongestionCondition,EvenPaceStyle
2.70001221,88.4957428,90.15456365,79.07211384,-0.67553711,0.2148,44.70588303,2152.0,16.10000038,-0.336,13.41220665,SmoothCondition,LowCongestionCondition,EvenPaceStyle
0.79998779,89.84681702,90.40601463,74.99246997,1.35107422,0.2734,32.54901886,2102.0,21.65999985,-0.328,13.34056759,SmoothCondition,LowCongestionCondition,EvenPaceStyle
1.0,88.94609833,90.63119456,71.17834761,-0.90071869,0.3476,0.0,2099.0,21.20000076,-0.219,13.28062153,SmoothCondition,LowCongestionCondition,EvenPaceStyle
-0.90002442,85.11803436,90.98022359,64.2659551,-2.25180817,0.2266,47.05882263,2083.0,27.57999992,-0.0859,13.19955826,SmoothCondition,LowCongestionCondition,EvenPaceStyle
-1.90002441,86.01875305,91.32174644,56.83272501,0.90071869,0.1797,50.58823776,2129.0,27.30999947,0.0039,13.14783382,SmoothCondition,LowCongestionCondition,EvenPaceStyle
-3.0,90.0719986,92.35757433,37.24713915,0.67554474,0.1406,49.80392075,2221.0,27.79000092,0.316,13.03153324,SmoothCondition,LowCongestionCondition,EvenPaceStyle
-3.59997558,90.97271729,92.57149531,33.80579021,0.90071869,0.207,14.90196133,2211.0,27.94000053,0.387,12.98821735,SmoothCondition,LowCongestionCondition,EvenPaceStyle
-3.2000122,90.74754333,92.75163943,31.12438556,-0.22517396,0.2383,20.3921566,2186.0,16.70999908,0.395,12.88963985,SmoothCondition,LowCongestionCondition,EvenPaceStyle
-1.90002441,90.74754333,93.02185554,27.50449002,0.67554473,0.1328,49.80392075,2196.0,26.21999931,0.453,12.7995472,SmoothCondition,LowCongestionCondition,EvenPaceStyle
1.10003662,91.19789886,93.3671318,23.4673711,0.45035553,0.0664,35.68627548,2240.0,31.31999969,0.641,12.65121841,SmoothCondition,LowCongestionCondition,EvenPaceStyle
1.79998779,92.32379913,93.47221591,22.55935945,1.12590027,0.0976,14.90196133,2214.0,26.20000076,0.629,12.58621502,SmoothCondition,LowCongestionCondition,EvenPaceStyle
4.0,90.97271729,93.5622879,21.90757253,-0.90072631,0.0508,45.88235474,2231.0,24.95000076,0.773,12.45167065,SmoothCondition,LowCongestionCondition,EvenPaceStyle
4.5,89.62164307,93.53977,22.05659596,-1.35107422,-0.0742,57.25490189,2171.0,28.84000015,0.707,12.40976334,SmoothCondition,LowCongestionCondition,EvenPaceStyle
3.59997559,89.17127991,93.49098104,22.34242585,-0.45036316,-0.1016,47.45098114,2186.0,35.47999954,0.676,12.39255142,SmoothCondition,LowCongestionCondition,EvenPaceStyle
2.7000122,89.84681702,93.44219208,22.55637957,0.67553711,-0.1211,52.15686417,2197.0,24.87000084,0.625,12.34128952,SmoothCondition,LowCongestionCondition,EvenPaceStyle
3.0,90.74754333,93.40466207,22.67469325,0.90072631,-0.1055,47.84313965,2200.0,27.37999916,0.66,12.3083086,SmoothCondition,LowCongestionCondition,EvenPaceStyle
1.0,90.52235413,93.340861,22.7962019,-0.2251892,-0.0586,26.27450943,2206.0,29.17000008,0.551,12.28817272,SmoothCondition,LowCongestionCondition,EvenPaceStyle
0.29998779,85.79357147,92.7141098,23.48954481,-1.1259079,-0.043,69.01960754,2097.0,35.86999893,0.613,12.12981701,SmoothCondition,LowCongestionCondition,EvenPaceStyle
0.29998779,87.14466095,92.25999679,22.99146492,1.80144501,-0.1406,67.05882263,2166.0,42.86999893,0.59,12.13108444,SmoothCondition,LowCongestionCondition,EvenPaceStyle
1.60003662,88.04537964,92.06859398,22.35957529,0.90071869,-0.2187,67.45098114,2190.0,39.93999863,0.496,12.12661076,SmoothCondition,LowCongestionCondition,EvenPaceStyle
1.90002441,89.39645386,91.89595591,21.448987,1.35107422,-0.1836,67.84313965,2210.0,37.06999969,0.586,12.11888599,SmoothCondition,LowCongestionCondition,EvenPaceStyle
4.0,90.29718018,91.73832995,20.42025604,0.90072632,-0.1719,78.8235321,2252.0,38.20999908,0.629,12.11279106,SmoothCondition,LowCongestionCondition,EvenPaceStyle
3.89996338,90.97271729,91.58820991,19.25602221,0.67553711,-0.1836,69.41176605,2268.0,40.99000168,0.574,12.0958128,SmoothCondition,LowCongestionCondition,EvenPaceStyle
3.40002442,92.09861755,91.45310198,17.98338808,1.12590026,-0.1875,34.90196228,2253.0,36.47000122,0.488,12.07501888,SmoothCondition,LowCongestionCondition,EvenPaceStyle
2.79998779,91.19789886,91.14535624,14.94945152,-0.67554474,-0.2187,30.19607925,2213.0,22.10000038,0.457,11.94273567,SmoothCondition,LowCongestionCondition,EvenPaceStyle
2.29998779,90.74754333,90.97271843,13.24028788,-0.45035553,-0.3086,24.31372643,2182.0,23.48999977,0.348,11.87269974,SmoothCondition,LowCongestionCondition,EvenPaceStyle
2.60003662,89.62164307,90.78506851,11.57157234,-1.12590026,-0.293,40.0,2154.0,33.38000107,0.395,11.83256435,SmoothCondition,LowCongestionCondition,EvenPaceStyle
1.7999878,81.28997803,70.46257273,18.78752292,1.35108185,-0.6601,56.86274719,2580.0,39.06999969,-0.0273,17.46723747,SmoothCondition,LowCongestionCondition,EvenPaceStyle
0.70001221,84.21731567,71.20191371,21.53339651,0.90071869,-0.5898,9.8039217,2400.0,18.05999947,-0.0703,17.19720459,SmoothCondition,LowCongestionCondition,EvenPaceStyle
-0.80004882,83.76695251,71.53217761,23.20732386,-0.45036316,-0.6367,72.54901886,2057.0,28.73999977,-0.0859,17.12903023,SmoothCondition,LowCongestionCondition,EvenPaceStyle
-3.89996338,86.01875305,72.19645869,27.52751903,2.02661133,-0.5039,65.49019623,2125.0,39.0,0.0391,17.07385063,SmoothCondition,LowCongestionCondition,EvenPaceStyle
-4.60003662,87.82019806,72.55674667,30.92396425,1.80144501,-0.5117,62.35294342,2201.0,37.99000168,0.0235,17.06607819,SmoothCondition,LowCongestionCondition,EvenPaceStyle
-6.5,92.09861755,73.7164238,45.49443061,1.12590026,-0.4492,43.52941132,2274.0,32.11999893,0.0821,16.9638958,SmoothCondition,LowCongestionCondition,EvenPaceStyle
-7.2999878,92.77415466,74.13300679,50.87635767,0.67553711,-0.4453,47.45098114,2286.0,28.46999931,0.133,16.87846184,SmoothCondition,LowCongestionCondition,EvenPaceStyle
-7.10003662,92.99934387,74.56835492,55.82446766,0.22518921,-0.418,58.03921509,2323.0,30.86000061,0.188,16.78913689,SmoothCondition,LowCongestionCondition,EvenPaceStyle
-6.59997559,94.35041809,75.02246793,61.30302533,1.35107422,-0.3125,57.64706039,2349.0,35.22999954,0.375,16.71269226,SmoothCondition,LowCongestionCondition,EvenPaceStyle
-5.5,96.82739258,75.97948303,73.78723212,1.12589264,-0.3086,54.90196228,2368.0,27.71999931,0.34,16.50761604,SmoothCondition,LowCongestionCondition,EvenPaceStyle
-4.7000122,97.7281189,76.51991501,79.57494048,0.90072632,-0.3164,59.60784531,2392.0,35.40000153,0.336,16.41476631,SmoothCondition,LowCongestionCondition,EvenPaceStyle
-4.29998779,98.85401917,77.07911199,85.57855082,1.12590027,-0.2695,30.98039246,2417.0,34.58000183,0.312,16.33862686,SmoothCondition,LowCongestionCondition,EvenPaceStyle
-3.30004882,99.52954865,78.64786593,105.3703399,-0.45037078,-0.1523,47.45098114,2413.0,30.84000015,0.273,15.96420574,SmoothCondition,LowCongestionCondition,EvenPaceStyle
-2.2999878,99.75473785,79.17703896,110.716345,0.2251892,-0.0898,37.25490189,2423.0,30.11000061,0.34,15.87848568,SmoothCondition,LowCongestionCondition,EvenPaceStyle
-1.89996338,99.97991943,80.2316321,120.0277035,0.22518158,-0.1328,50.58823776,2432.0,29.54000092,0.387,15.67336655,SmoothCondition,LowCongestionCondition,EvenPaceStyle
-1.30004882,100.2050934,80.73453407,124.7685702,0.22517397,-0.0664,50.19607925,2446.0,32.65000153,0.441,15.59555244,SmoothCondition,LowCongestionCondition,EvenPaceStyle
-1.19995118,100.6554489,81.22617683,129.6941413,0.4503555,-0.0273,38.82352829,2458.0,29.70000076,0.402,15.50880241,SmoothCondition,LowCongestionCondition,EvenPaceStyle
-0.60003662,100.8806381,81.7290788,134.1087184,0.2251892,-0.082,41.5686264,2457.0,23.78000069,0.371,15.38951206,SmoothCondition,LowCongestionCondition,EvenPaceStyle
-0.7999878,101.1058121,82.25074577,137.7860893,0.225174,-0.1055,47.05882263,2454.0,28.45000076,0.309,15.29873466,SmoothCondition,LowCongestionCondition,EvenPaceStyle
0.40002442,100.8806381,82.77616577,140.5694784,-0.225174,-0.1016,41.17647171,2460.0,30.56999969,0.273,15.21347809,SmoothCondition,LowCongestionCondition,EvenPaceStyle
0.79998779,99.52954865,84.4199796,141.8852535,-1.35108945,0.0156,0.0,2407.0,23.04000092,0.121,14.85344505,SmoothCondition,LowCongestionCondition,EvenPaceStyle
0.39996338,99.07919312,84.9453996,140.4253734,-0.45035553,0.0039,23.52941132,2364.0,25.30999947,0.0273,14.75736046,SmoothCondition,LowCongestionCondition,EvenPaceStyle
0.10003662,96.37703705,85.41077156,137.8108911,-2.70215607,0.043,31.76470566,2325.0,22.30999947,-0.0312,14.65030479,SmoothCondition,LowCongestionCondition,EvenPaceStyle
0.09997559,95.0259552,85.84236666,134.6959739,-1.35108185,0.082,6.666666985,2312.0,19.85000038,-0.105,14.52880955,SmoothCondition,LowCongestionCondition,EvenPaceStyle
0.2000122,94.35041809,86.24769071,131.5185093,-0.67553711,0.1367,11.37254906,2305.0,18.39999962,-0.141,14.39389324,SmoothCondition,LowCongestionCondition,EvenPaceStyle
1.89996338,93.4496994,86.6267437,128.1578326,-0.90071869,0.1836,21.17647171,2247.0,18.02000046,-0.168,14.26265526,SmoothCondition,LowCongestionCondition,EvenPaceStyle
1.0,92.54897308,86.97577247,124.8049213,-0.90072632,0.0977,45.09804153,2215.0,19.38999939,-0.191,14.14715195,SmoothCondition,LowCongestionCondition,EvenPaceStyle
0.90002441,92.32379913,87.33606046,120.6714361,-0.22517395,0.0195,51.37255096,2211.0,26.61000061,-0.227,14.07152462,SmoothCondition,LowCongestionCondition,EvenPaceStyle
2.20001221,91.42308044,87.69259554,115.7495839,-0.90071869,-0.0195,49.41176605,2237.0,29.85000038,-0.258,14.00810146,SmoothCondition,LowCongestionCondition,EvenPaceStyle
3.0,91.8734436,88.04162458,111.1604763,0.45036316,-0.0117,50.19607925,2244.0,26.73999977,-0.234,13.9333477,SmoothCondition,LowCongestionCondition,EvenPaceStyle
5.0,92.32379913,88.73217672,101.8270145,0.45035553,0.0273,5.09803915,2226.0,22.87000084,-0.289,13.76041603,SmoothCondition,LowCongestionCondition,EvenPaceStyle
5.70001221,92.54897308,89.08120549,96.97947939,0.22517395,0.1055,0.0,2182.0,22.17000008,-0.34,13.67357349,SmoothCondition,LowCongestionCondition,EvenPaceStyle
4.59997558,65.30220032,33.7807517,604.9925036,0.0,-0.2617,46.27450943,2153.0,20.28000069,0.48,22.22343445,SmoothCondition,LowCongestionCondition,EvenPaceStyle
4.5,68.67989349,34.5913996,621.7677723,3.37769317,-0.2188,32.94117737,2157.0,22.85000038,0.449,22.03675842,SmoothCondition,LowCongestionCondition,EvenPaceStyle
4.0,68.45471954,36.18267158,650.8049674,0.45036316,-0.25,30.58823586,2161.0,19.92000008,0.367,21.6085453,SmoothCondition,LowCongestionCondition,EvenPaceStyle
5.0,67.7791748,37.84900344,670.7260738,-0.22518158,-0.2812,58.8235321,2158.0,32.66999817,0.336,21.28080177,SmoothCondition,LowCongestionCondition,EvenPaceStyle
4.89996338,68.67989349,38.76848834,675.9374036,0.90071869,-0.3164,53.33333588,2194.0,34.36999893,0.348,21.19454765,SmoothCondition,LowCongestionCondition,EvenPaceStyle
5.29998779,70.03097534,39.79305726,675.9647749,1.35108185,-0.3047,40.7843132,2223.0,28.29999924,0.328,21.05963135,SmoothCondition,LowCongestionCondition,EvenPaceStyle
6.90002442,70.70652008,42.05986932,657.476851,-0.45036316,-0.2656,29.01960754,2199.0,14.93999958,0.348,20.55677986,SmoothCondition,LowCongestionCondition,EvenPaceStyle
7.60003662,69.80579376,43.22329922,639.1648098,-0.90072632,-0.2344,41.17647171,2177.0,21.61000061,0.336,20.40018082,SmoothCondition,LowCongestionCondition,EvenPaceStyle
8.10003662,69.35543823,44.37922319,617.7150721,-0.45035553,-0.2383,20.0,2174.0,22.87000084,0.328,20.28060532,SmoothCondition,LowCongestionCondition,EvenPaceStyle
9.40002441,68.45471954,45.52013518,592.833941,-0.90071869,-0.2969,37.64706039,2111.0,15.90999985,0.297,20.08320427,SmoothCondition,LowCongestionCondition,EvenPaceStyle
10.40002441,67.32881927,46.64228217,564.4946726,-1.12590027,-0.3594,49.80392075,2113.0,21.63999939,0.32,19.96918297,SmoothCondition,LowCongestionCondition,EvenPaceStyle
9.90002442,67.55399323,48.63512502,522.6270009,0.67553711,-0.3555,54.90196228,2149.0,27.72999954,0.348,19.77755547,SmoothCondition,LowCongestionCondition,EvenPaceStyle
10.20001221,68.45471954,49.58838701,504.6832566,0.90072631,-0.3281,52.94117737,2175.0,28.65999985,0.402,19.6655159,SmoothCondition,LowCongestionCondition,EvenPaceStyle
10.09997559,69.13024902,50.52663684,487.3658536,0.67552948,-0.3516,61.96078491,2202.0,27.90999985,0.43,19.56722832,SmoothCondition,LowCongestionCondition,EvenPaceStyle
10.0,70.70652008,52.44066677,449.1197594,0.67554474,-0.3164,32.54901886,2231.0,26.11000061,0.566,19.39996719,SmoothCondition,LowCongestionCondition,EvenPaceStyle
9.79998779,71.6072464,53.40518788,429.0093686,0.90072632,-0.3477,41.96078491,2221.0,21.35000038,0.531,19.26612854,SmoothCondition,LowCongestionCondition,EvenPaceStyle
8.89996339,70.70652008,54.34343788,407.4163377,-0.90072632,-0.3945,49.01960754,2213.0,23.84000015,0.535,19.1613121,SmoothCondition,LowCongestionCondition,EvenPaceStyle
6.5,70.03097534,55.27793481,383.0599541,-0.67554474,-0.4141,56.47058868,2220.0,29.21999931,0.582,19.08589554,SmoothCondition,LowCongestionCondition,EvenPaceStyle
5.0,70.93170166,56.28749183,351.9771189,0.90072632,-0.4492,50.58823776,2241.0,31.89999962,0.574,19.0106163,SmoothCondition,LowCongestionCondition,EvenPaceStyle
3.5,71.38205719,57.36835578,312.6883696,0.45035553,-0.4336,47.45098114,2264.0,26.45000076,0.555,18.924263,SmoothCondition,LowCongestionCondition,EvenPaceStyle
-0.39996338,71.6072464,59.40998786,239.7865108,0.22518921,-0.3477,56.07843399,2285.0,29.57999992,0.586,18.80141449,SmoothCondition,LowCongestionCondition,EvenPaceStyle
-2.7000122,72.28277588,60.3519908,209.4029859,0.67552948,-0.3555,55.68627548,2313.0,31.97999954,0.602,18.77315331,SmoothCondition,LowCongestionCondition,EvenPaceStyle
-3.90002441,73.40867615,61.27522872,181.0447381,1.12590027,-0.4062,41.96078491,2334.0,28.48999977,0.582,18.71791458,SmoothCondition,LowCongestionCondition,EvenPaceStyle
-4.5,73.63385773,62.11965367,158.0368801,0.22518158,-0.457,57.25490189,2342.0,25.90999985,0.543,18.70571136,SmoothCondition,LowCongestionCondition,EvenPaceStyle
-4.70001221,74.08422089,62.90027768,139.2313064,0.45036316,-0.5078,51.37255096,2359.0,33.27999878,0.488,18.67589569,SmoothCondition,LowCongestionCondition,EvenPaceStyle
-3.90002441,74.759758,63.65087763,122.386594,0.67553711,-0.5469,44.70588303,2383.0,29.79999924,0.5,18.60828972,SmoothCondition,LowCongestionCondition,EvenPaceStyle
-0.2999878,74.98493958,67.06235466,50.51780374,-0.6755371,-0.6094,50.98039246,2365.0,29.42000008,0.207,17.98733711,SmoothCondition,LowCongestionCondition,EvenPaceStyle
0.90002441,75.43530273,68.13195972,32.05372204,0.45036315,-0.5898,49.01960754,2395.0,29.17000008,0.133,17.84184074,SmoothCondition,LowCongestionCondition,EvenPaceStyle
1.40002441,76.33602142,68.59733181,26.38427195,0.90071869,-0.6289,47.05882263,2413.0,28.25,0.0899,17.76805115,SmoothCondition,LowCongestionCondition,EvenPaceStyle
2.10003662,77.91227722,69.40797971,20.20570254,0.90071869,-0.6055,47.84313965,2496.0,27.79999924,0.0977,17.63353348,SmoothCondition,LowCongestionCondition,EvenPaceStyle
3.0,78.1374588,69.74574973,19.12540656,0.22518158,-0.6211,40.7843132,2532.0,29.42000008,0.0508,17.6059494,SmoothCondition,LowCongestionCondition,EvenPaceStyle
2.30004882,79.93889618,70.09102573,18.88820424,1.80143738,-0.6367,50.19607925,2580.0,26.20000076,0.0235,17.52556229,SmoothCondition,LowCongestionCondition,EvenPaceStyle
0.59997559,11.25899982,13.15051163,79.00033784,2.476981159,0.0234,26.27450943,1813.0,12.40999985,0.117,22.30106354,SmoothCondition,LowCongestionCondition,EvenPaceStyle
0.5,12.83525944,13.16177063,78.98525494,1.57625962,0.0586,15.29411793,1874.0,12.68000031,0.113,22.38073349,SmoothCondition,LowCongestionCondition,EvenPaceStyle
0.5,13.06044006,13.11298164,78.91640077,0.22518062,0.0117,21.17647171,1939.0,13.47000027,0.0703,22.53613091,SmoothCondition,LowCongestionCondition,EvenPaceStyle
1.10003662,13.96115971,12.88029569,77.2739268,-0.45036029,0.125,0.0,1553.0,14.25,0.0,22.72339058,SmoothCondition,LowCongestionCondition,AggressiveStyle
1.20001221,10.35828018,12.7189167,76.4861642,-3.60287953,0.0234,45.49019623,979.0,5.690000057,0.0313,22.74420547,SmoothCondition,LowCongestionCondition,AggressiveStyle
1.60003662,8.106479645,12.23477968,74.43587802,1.576259613,-0.4101,42.74509811,1717.0,21.61000061,0.359,22.91893959,SmoothCondition,LowCongestionCondition,AggressiveStyle
1.40002441,12.38489914,12.02085867,71.53175453,4.278419495,-0.6835,38.82352829,2144.0,23.45000076,0.484,22.96914291,SmoothCondition,LowCongestionCondition,AggressiveStyle
1.69995118,15.76259995,11.87449169,69.08888448,3.37770081,-0.8984,76.07843018,1257.0,15.15999985,0.598,23.00462532,SmoothCondition,LowCongestionCondition,AggressiveStyle
1.70001221,18.01440048,11.76940772,67.09158295,2.25180053,-1.0077,58.03921509,1571.0,21.51000023,0.695,23.0424366,SmoothCondition,LowCongestionCondition,AggressiveStyle
1.5,27.2467804,11.76940775,67.22565393,4.2784195,-1.2343,33.33333206,2065.0,25.52000046,0.57,23.06080437,SmoothCondition,LowCongestionCondition,AggressiveStyle
1.09997559,29.7237606,11.81444378,68.74442951,2.4769802,-1.1913,34.90196228,2170.0,23.59000015,0.574,23.06843185,SmoothCondition,LowCongestionCondition,EvenPaceStyle
0.5,31.52519989,11.9120218,72.06564648,1.80143929,-1.1522,35.68627548,2303.0,23.93000031,0.5,23.10724258,SmoothCondition,LowCongestionCondition,EvenPaceStyle
0.0,35.12807465,12.31734568,85.03022835,2.25179673,-1.1171,57.25490189,2265.0,20.45000076,0.457,23.13531113,SmoothCondition,LowCongestionCondition,EvenPaceStyle
-0.09997559,35.57844162,12.68138671,94.03216917,0.45036697,-1.1327,79.60784149,1574.0,21.07999992,0.484,23.17614365,SmoothCondition,LowCongestionCondition,AggressiveStyle
-0.59997559,37.83023834,13.15801769,104.3192618,2.25179672,-1.2655,76.07843018,1733.0,28.71999931,0.5,23.2693615,SmoothCondition,LowCongestionCondition,AggressiveStyle
-0.70001221,41.20793915,13.78852167,115.6292849,3.37770081,-1.3983,69.41176605,1888.0,33.70999908,0.484,23.42235184,SmoothCondition,LowCongestionCondition,AggressiveStyle
-0.59997559,45.0359993,14.52035666,128.9161988,3.82806015,-1.4999,65.09803772,2032.0,38.56999969,0.465,23.61511993,SmoothCondition,LowCongestionCondition,AggressiveStyle
-0.5,48.41369629,15.3272516,144.1509945,3.37769699,-1.5546,64.70588684,2171.0,39.88000107,0.535,23.75958633,SmoothCondition,LowCongestionCondition,AggressiveStyle
-0.70001221,51.56622314,16.18668865,161.6767656,3.15252685,-1.6092,61.96078491,2304.0,37.75,0.574,23.8985939,SmoothCondition,LowCongestionCondition,AggressiveStyle
-0.79998779,54.71873856,17.09866763,181.5548613,3.15251542,-1.7108,45.49019623,2444.0,37.66999817,0.645,24.06304741,SmoothCondition,LowCongestionCondition,AggressiveStyle
-1.2000122,57.87125778,18.06318859,203.8298042,3.15251922,-1.6796,2.352941275,2521.0,33.25999832,0.801,24.21212769,SmoothCondition,LowCongestionCondition,AggressiveStyle
-1.10003662,59.22233582,19.05022752,226.0220392,1.35107804,-1.6132,59.2156868,1880.0,16.95000076,0.824,24.1281414,SmoothCondition,LowCongestionCondition,AggressiveStyle
-0.29998779,60.57342148,21.04307051,265.9512793,1.57626343,-1.4452,47.45098114,1960.0,33.11000061,0.777,24.28002548,SmoothCondition,LowCongestionCondition,EvenPaceStyle
-0.5,63.95111847,23.02840737,311.7730936,1.35108566,-1.1952,41.17647171,2028.0,22.03000069,0.656,24.25874901,SmoothCondition,LowCongestionCondition,EvenPaceStyle
-0.7000122,64.62665558,23.92537428,337.7530694,0.67553711,-1.1132,45.88235474,2054.0,23.52000046,0.578,24.20986176,SmoothCondition,LowCongestionCondition,EvenPaceStyle
0.20001221,65.52737427,24.79982319,364.3090008,0.90071869,-0.9843,34.90196228,2076.0,22.45999908,0.672,24.14859962,SmoothCondition,LowCongestionCondition,EvenPaceStyle
0.2000122,66.20291901,25.67802518,390.4191696,0.67554474,-0.9257,50.19607925,2096.0,21.27000046,0.766,24.1994381,SmoothCondition,LowCongestionCondition,EvenPaceStyle
0.60003662,66.87845612,26.51119114,417.1745899,0.67553711,-0.914,38.03921509,2124.0,25.12000084,0.695,24.1924057,SmoothCondition,LowCongestionCondition,EvenPaceStyle
1.2000122,67.7791748,27.32183908,444.4506478,0.90071868,-0.7929,27.05882454,2145.0,19.98999977,0.742,24.01541901,SmoothCondition,LowCongestionCondition,EvenPaceStyle
1.5,68.45471954,28.12498108,471.6274203,0.67554474,-0.7812,13.72549057,2140.0,17.64999962,0.727,23.7313118,SmoothCondition,LowCongestionCondition,EvenPaceStyle
2.29998779,67.7791748,28.93938201,496.1670574,-0.67554474,-0.7226,25.88235283,2120.0,14.46000004,0.703,23.37796402,SmoothCondition,LowCongestionCondition,EvenPaceStyle
2.79998779,66.87845612,29.76504195,517.5890635,-0.90071868,-0.6992,40.39215851,2114.0,20.52000046,0.645,23.15966606,SmoothCondition,LowCongestionCondition,EvenPaceStyle
3.5,67.1036377,30.59820792,537.8003151,0.22518158,-0.5898,40.0,2129.0,21.59000015,0.598,22.98757744,SmoothCondition,LowCongestionCondition,EvenPaceStyle
4.7000122,67.55399323,31.4238678,557.5710778,0.45035553,-0.4805,32.15686417,2134.0,17.62999916,0.637,22.76006699,SmoothCondition,LowCongestionCondition,EvenPaceStyle
4.89996338,65.30220032,33.01513971,591.0777345,-2.25179291,-0.3359,23.13725471,2136.0,20.02000046,0.5,22.42361832,SmoothCondition,LowCongestionCondition,EvenPaceStyle
-0.7999878,59.22233582,48.6313729,66.86831056,-0.22518539,-0.6406,19.2156868,2510.0,26.62999916,0.281,11.53353882,SmoothCondition,LowCongestionCondition,AggressiveStyle
-0.8999634,58.54679871,48.74396286,68.35253602,-0.67553711,-0.7187,22.35294151,2520.0,28.78000069,0.277,11.5355711,SmoothCondition,LowCongestionCondition,AggressiveStyle
-1.0999756,59.89787674,49.39323171,75.47605726,0.67554092,-0.5898,12.15686321,2540.0,25.30999947,0.273,11.557024,SmoothCondition,LowCongestionCondition,EvenPaceStyle
-0.5999756,59.89787674,49.71974277,78.92230581,0.45035553,-0.4414,15.68627453,1890.0,27.14999962,0.289,11.57858181,SmoothCondition,LowCongestionCondition,EvenPaceStyle
-1.2000122,61.24895477,50.08003076,82.87290563,1.12589645,-0.2461,9.019607544,1945.0,23.09000015,0.16,11.58283138,SmoothCondition,LowCongestionCondition,EvenPaceStyle
-1.4000244,62.37486267,50.28644581,85.39152171,1.1259079,-0.0703,0.0,1894.0,21.39999962,0.113,11.58329391,SmoothCondition,LowCongestionCondition,EvenPaceStyle
-1.0999756,58.99715805,50.67675775,88.43892386,-2.25179672,0.2148,14.11764717,1824.0,19.95000076,0.125,11.57432175,SmoothCondition,LowCongestionCondition,EvenPaceStyle
-1.3000488,59.22233582,50.87191372,89.468284,0.22517777,0.2383,16.86274529,1814.0,16.54000092,0.133,11.55876923,SmoothCondition,LowCongestionCondition,EvenPaceStyle
-0.8000488,58.54679871,51.0783287,90.04732125,-0.67553711,0.207,20.0,1804.0,22.06999969,0.0859,11.56143284,SmoothCondition,LowCongestionCondition,EvenPaceStyle
-0.3000488,58.32162094,51.64503174,91.07288727,0.45036316,0.2227,13.72549057,1808.0,15.52000046,0.23,11.53422832,SmoothCondition,LowCongestionCondition,EvenPaceStyle
0.0,57.19572067,51.76137479,91.54667384,-1.12590027,0.2148,32.54901886,1818.0,18.76000023,0.281,11.533638,SmoothCondition,LowCongestionCondition,EvenPaceStyle
0.6000366,57.64608002,51.86270574,92.12253136,0.45035935,0.2461,29.01960754,1793.0,17.34000015,0.277,11.51977158,SmoothCondition,LowCongestionCondition,EvenPaceStyle
1.5,58.32162094,52.01282578,92.69662725,0.67554092,0.332,0.0,1768.0,18.01000023,0.344,11.50192261,SmoothCondition,LowCongestionCondition,EvenPaceStyle
0.5999756,56.74535751,52.13667475,92.93722288,-1.57626343,0.3164,3.137254953,1751.0,16.11000061,0.348,11.49357414,SmoothCondition,LowCongestionCondition,EvenPaceStyle
1.1000366,54.71873856,52.24926478,92.74213329,-2.02661895,0.3437,22.35294151,1696.0,16.35000038,0.289,11.48853302,SmoothCondition,LowCongestionCondition,EvenPaceStyle
0.8000488,53.36766052,52.34684283,92.37344014,-1.35107804,0.4023,0.0,1645.0,16.65999985,0.281,11.50214291,SmoothCondition,LowCongestionCondition,EvenPaceStyle
-0.1999512,47.96333694,52.20798175,92.44281005,-2.47698212,0.5234,8.627450943,1473.0,16.39999962,0.164,11.47062492,SmoothCondition,LowCongestionCondition,EvenPaceStyle
0.0,46.83743668,52.05410868,92.65481584,-1.12590026,0.5312,20.3921566,1440.0,12.31999969,0.109,11.49549484,SmoothCondition,LowCongestionCondition,EvenPaceStyle
-0.9000244,45.26117706,51.45738176,95.90055884,1.5762558,0.3437,43.13725662,1438.0,15.97999954,0.102,11.49071884,SmoothCondition,LowCongestionCondition,EvenPaceStyle
0.0999756,45.9367218,51.34479179,96.37839814,0.67554474,0.3281,0.0,1412.0,11.18000031,0.125,11.47480774,SmoothCondition,LowCongestionCondition,EvenPaceStyle
0.7000122,45.0359993,51.23595473,97.04011171,-0.9007225,0.3437,22.35294151,1406.0,13.14000034,0.0781,11.47276497,SmoothCondition,LowCongestionCondition,EvenPaceStyle
1.2999878,43.68492126,50.80435975,99.02645489,-0.90071869,0.4609,0.0,1332.0,12.80000019,0.0781,11.4422245,SmoothCondition,LowCongestionCondition,EvenPaceStyle
0.5999756,43.23456192,50.67675788,99.98098802,-0.45035934,0.4258,7.058823586,1328.0,14.57999992,0.0508,11.45434093,SmoothCondition,LowCongestionCondition,EvenPaceStyle
0.8999634,41.88347626,50.56416785,101.2082466,-1.35108566,0.4219,49.41176605,1329.0,15.64999962,0.0273,11.4640646,SmoothCondition,LowCongestionCondition,EvenPaceStyle
1.9000244,43.23456192,50.59419187,100.3025278,0.67554474,0.2851,49.80392075,1385.0,16.69000053,0.0195,11.50808048,SmoothCondition,LowCongestionCondition,EvenPaceStyle
1.7999878,44.13527679,50.77058283,96.05521052,0.90071487,0.2969,36.86274719,1437.0,18.05999947,0.0,11.52306938,SmoothCondition,LowCongestionCondition,EvenPaceStyle
1.0,45.26117706,50.98825684,90.67676068,1.12590027,0.3008,12.54901981,1467.0,12.93999958,0.0234,11.50122261,SmoothCondition,LowCongestionCondition,EvenPaceStyle
0.2000122,36.25397873,52.03534387,59.06185018,-0.9007225,0.6054,47.05882263,1131.0,11.64000034,0.129,11.44925785,SmoothCondition,LowCongestionCondition,EvenPaceStyle
-0.2000122,37.15470123,51.90023594,62.01861188,0.9007225,0.5937,1.568627477,1103.0,11.14999962,0.105,11.43928242,SmoothCondition,LowCongestionCondition,EvenPaceStyle
-0.1000366,36.25397873,51.69006793,65.96669258,-0.9007225,0.6015,44.70588303,1086.0,10.93000031,0.145,11.43830776,SmoothCondition,LowCongestionCondition,EvenPaceStyle
-0.0999756,35.12807465,51.39358082,70.50091705,-1.12590408,0.5468,34.50980377,1566.0,18.67000008,0.152,11.4560194,SmoothCondition,LowCongestionCondition,EvenPaceStyle
-0.2000122,38.05541992,50.68801696,75.74225831,2.4769783,0.5195,0.392156869,1581.0,17.26000023,0.0898,11.48631954,SmoothCondition,LowCongestionCondition,EvenPaceStyle
-0.8000488,37.15470123,50.29770495,77.03528889,-0.90071869,0.5156,0.0,1501.0,13.56999969,0.102,11.48725796,SmoothCondition,LowCongestionCondition,EvenPaceStyle
-1.5,36.25397873,49.89238091,78.42136755,-0.9007225,0.4765,23.52941132,1488.0,14.97000027,0.0937,11.50166988,SmoothCondition,LowCongestionCondition,EvenPaceStyle
-1.7000122,34.00217819,49.4570329,80.73425075,-2.25180054,0.5625,4.313725471,1457.0,13.59000015,0.109,11.51328278,SmoothCondition,LowCongestionCondition,EvenPaceStyle
-2.0,33.55181885,49.0216849,83.0604258,-0.45035934,0.6093,0.0,1378.0,13.15999985,0.082,11.5238924,SmoothCondition,LowCongestionCondition,EvenPaceStyle
-2.5,29.7237606,47.61055695,92.74968877,-0.67553902,0.5039,56.07843399,1359.0,16.20000076,0.129,11.59823513,SmoothCondition,LowCongestionCondition,EvenPaceStyle
-2.9000244,31.97555923,47.16019697,94.48916373,2.25179863,0.4375,59.60784531,1450.0,18.07999992,0.176,11.63256073,SmoothCondition,LowCongestionCondition,EvenPaceStyle
-2.7000122,33.77699661,46.73610798,94.87600729,1.80143738,0.2851,45.09804153,1538.0,19.27000046,0.277,11.66395473,SmoothCondition,LowCongestionCondition,EvenPaceStyle
-2.0,34.67771912,46.32703104,94.52784152,0.90072251,0.1992,29.80392265,1610.0,14.53999996,0.254,11.67451477,SmoothCondition,LowCongestionCondition,EvenPaceStyle
-1.2000122,38.73096085,45.61396106,90.17313857,0.90072251,0.1445,0.0,1636.0,16.42000008,0.266,11.66906929,SmoothCondition,LowCongestionCondition,EvenPaceStyle
-1.0,27.69713783,42.38262831,74.67381544,-2.25180054,0.5976,20.3921566,917.0,8.909999847,0.0547,11.68266392,SmoothCondition,LowCongestionCondition,EvenPaceStyle
-1.2999878,21.84246063,41.77088935,77.01558849,-5.8546772,0.5547,21.17647171,900.0,7.429999828,-0.0273,11.69500732,SmoothCondition,LowCongestionCondition,EvenPaceStyle
-1.0,17.56403732,41.1028553,82.22192471,-4.27842331,0.5234,43.92156982,1019.0,10.47999954,-0.0352,11.74960709,SmoothCondition,LowCongestionCondition,EvenPaceStyle
-1.5,14.8618803,39.65044432,94.23637431,0.67554092,0.2383,63.92156982,1263.0,14.60999966,-0.0625,11.83105373,SmoothCondition,LowCongestionCondition,EvenPaceStyle
-1.2000122,21.39209938,38.3931893,95.50695932,3.3776989,0.1211,17.64705849,1641.0,13.01000023,0.0156,11.86616135,SmoothCondition,LowCongestionCondition,EvenPaceStyle
-0.7000122,22.9683609,37.8039683,92.45529933,1.57626152,0.25,19.6078434,1662.0,13.03999996,0.0391,11.88166046,SmoothCondition,LowCongestionCondition,EvenPaceStyle
0.7999878,23.64389992,36.22020235,85.61554287,0.67553902,0.3477,24.31372643,1722.0,13.93000031,0.16,11.94306946,SmoothCondition,LowCongestionCondition,EvenPaceStyle
1.2000122,24.31943893,35.75107737,83.31837431,0.67553901,0.3711,10.58823586,1698.0,16.01000023,0.0547,11.96635342,SmoothCondition,LowCongestionCondition,EvenPaceStyle
1.9000244,23.41871834,35.30071735,82.03267616,-0.90072059,0.3516,9.019607544,1570.0,11.52000046,0.0078,11.98421288,SmoothCondition,LowCongestionCondition,EvenPaceStyle
2.2999878,20.26619911,34.41876246,83.27275543,-1.35108185,0.4726,7.058823586,1279.0,12.31999969,-0.0235,12.04669094,SmoothCondition,LowCongestionCondition,EvenPaceStyle
2.4000244,17.33885956,33.94213142,85.73765487,-2.92733955,0.4844,21.56862831,894.0,6.230000019,-0.0586,12.0860281,SmoothCondition,LowCongestionCondition,EvenPaceStyle
2.5999756,11.93453979,33.4129584,92.0530903,-5.40431977,0.4726,24.70588303,871.0,8.210000038,-0.148,12.16699696,SmoothCondition,LowCongestionCondition,EvenPaceStyle
2.6000366,6.755399704,32.79746637,101.9239782,-5.179140086,0.4297,22.74509811,854.0,7.769999981,-0.0938,12.26432705,SmoothCondition,LowCongestionCondition,EvenPaceStyle
3.4000244,6.980579853,27.80597636,173.7815816,6.980579853,0.2422,14.90196133,1392.0,11.65999985,0.273,12.63532925,SmoothCondition,LowCongestionCondition,EvenPaceStyle
4.0,8.331659317,26.14715042,177.1945282,-2.026620863,0.3633,23.13725471,1193.0,9.680000305,0.168,12.85413551,SmoothCondition,LowCongestionCondition,EvenPaceStyle
3.7999878,9.90791893,25.57669446,175.8490154,1.576259613,0.4492,18.4313736,997.0,7.820000172,0.133,12.88850689,SmoothCondition,LowCongestionCondition,EvenPaceStyle
4.4000244,6.755399704,24.9349315,174.8668239,-3.152519226,0.5039,23.52941132,887.0,7.320000172,-0.0547,12.9233942,SmoothCondition,LowCongestionCondition,EvenPaceStyle
-0.35897824593764377,37.47805300018729,38.811063580731144,171.92088758076872,-0.00018182406055956946,0.0039,27.05882454,802.0,7.630000114,0.0039,16.344780882093918,SmoothCondition,LowCongestionCondition,EvenPaceStyle
2.89996338,88.4957428,90.57865359,9.889607247,-1.12590027,-0.2773,46.66666794,2148.0,33.38000107,0.359,11.83256435,SmoothCondition,LowCongestionCondition,EvenPaceStyle
3.59997558,86.91947937,90.16207085,6.856830894,-1.57626343,-0.1445,17.25490189,2056.0,22.20999908,0.402,11.72604084,SmoothCondition,LowCongestionCondition,EvenPaceStyle
4.5,84.44249725,89.91812592,6.003066567,-2.47698212,-0.1172,58.03921509,2047.0,29.29999924,0.461,11.69114113,SmoothCondition,LowCongestionCondition,EvenPaceStyle
6.09997559,83.99214172,89.71171099,5.847868744,-0.45035553,-0.207,62.74509811,2069.0,35.93999863,0.566,11.68202114,SmoothCondition,LowCongestionCondition,EvenPaceStyle
6.4000244,84.6676712,89.53907293,5.770121487,0.67552948,-0.3242,68.62744904,2094.0,39.31999969,0.613,11.68294811,SmoothCondition,LowCongestionCondition,EvenPaceStyle
7.10003661,85.79357147,89.39645882,5.59485728,1.12590027,-0.3906,67.05882263,2115.0,36.70999908,0.543,11.68362713,SmoothCondition,LowCongestionCondition,EvenPaceStyle
8.29998779,87.14466095,89.19004402,5.335812437,0.67553711,-0.1992,20.7843132,2101.0,32.09000015,0.457,11.66325283,SmoothCondition,LowCongestionCondition,EvenPaceStyle
8.00000001,86.69429779,89.096219,5.265984302,-0.45036316,-0.1094,0.0,2056.0,23.04000092,0.434,11.59989929,SmoothCondition,LowCongestionCondition,EvenPaceStyle
8.20001221,85.34321594,88.99488792,5.402504109,-1.35108185,-0.0977,10.98039246,2025.0,28.32999992,0.441,11.58448696,SmoothCondition,LowCongestionCondition,EvenPaceStyle
8.40002441,83.31659698,88.85227381,5.787869841,-2.02661896,-0.1328,69.41176605,2042.0,37.02000046,0.469,11.5746994,SmoothCondition,LowCongestionCondition,EvenPaceStyle
7.80004881,83.99214172,88.72091878,6.015974391,0.67554474,-0.1875,65.09803772,2065.0,37.15000153,0.375,11.56586075,SmoothCondition,LowCongestionCondition,EvenPaceStyle
6.2999878,84.44249725,88.58956375,6.088667532,0.45035553,-0.1406,44.31372452,2058.0,28.45000076,0.309,11.54854012,SmoothCondition,LowCongestionCondition,EvenPaceStyle
5.7999878,85.56839752,88.47322083,5.963894356,1.12590027,-0.1875,40.7843132,2071.0,32.63000107,0.324,11.54295921,SmoothCondition,LowCongestionCondition,EvenPaceStyle
6.5999756,84.89285278,88.37188975,6.064834585,-0.67554474,-0.2148,58.03921509,2084.0,35.66999817,0.266,11.54131413,SmoothCondition,LowCongestionCondition,EvenPaceStyle
6.7999878,85.34321594,88.30808868,6.20533638,0.45036316,-0.168,0.0,2052.0,24.29999924,0.258,11.50181007,SmoothCondition,LowCongestionCondition,EvenPaceStyle
6.8999634,84.6676712,88.23302854,6.411599072,-0.67554474,-0.2187,38.03921509,2033.0,36.81000137,0.285,11.49381542,SmoothCondition,LowCongestionCondition,EvenPaceStyle
6.7999878,83.76695251,88.15421537,6.742177467,-0.90071869,-0.25,90.58823395,2094.0,47.59999847,0.309,11.49414539,SmoothCondition,LowCongestionCondition,EvenPaceStyle
6.7000122,85.34321594,88.07915535,6.821817756,1.57626343,-0.3555,89.80392456,2143.0,46.27000046,0.172,11.47538948,SmoothCondition,LowCongestionCondition,EvenPaceStyle
5.7000122,87.36984253,88.05288442,6.816904618,2.02662659,-0.4101,74.90196228,2193.0,41.63000107,0.129,11.44041824,SmoothCondition,LowCongestionCondition,EvenPaceStyle
5.5,89.39645386,88.08666127,6.838433094,2.02661133,-0.5039,69.41176605,2222.0,39.09999847,0.187,11.41246128,SmoothCondition,LowCongestionCondition,EvenPaceStyle
4.1000366,90.52235413,88.17673327,6.781366586,1.12590027,-0.543,60.0,2251.0,36.59000015,0.176,11.37775803,SmoothCondition,LowCongestionCondition,EvenPaceStyle
3.2999878,92.09861755,88.29307632,6.869729212,1.57626342,-0.5625,72.15686035,2286.0,38.5,0.117,11.34848499,SmoothCondition,LowCongestionCondition,EvenPaceStyle
2.2999878,93.67487335,88.42067833,7.256411527,1.5762558,-0.5859,69.41176605,2314.0,39.63000107,0.0547,11.3213644,SmoothCondition,LowCongestionCondition,EvenPaceStyle
2.5,95.0259552,88.54828021,7.960623261,1.35108185,-0.5156,67.05882263,2353.0,40.18999863,0.0508,11.29465866,SmoothCondition,LowCongestionCondition,EvenPaceStyle
2.2000122,96.15185547,88.68338814,8.917677475,1.12590027,-0.4648,49.01960754,2367.0,37.27000046,0.0703,11.26409435,SmoothCondition,LowCongestionCondition,EvenPaceStyle
1.8999634,98.17847443,88.96486308,11.54257189,1.12590027,-0.6015,60.7843132,2419.0,39.75,0.0273,11.20737839,SmoothCondition,LowCongestionCondition,EvenPaceStyle
1.6999512,99.52954865,89.26134987,15.06776831,0.22517396,-0.707,49.80392075,2446.0,35.5,-0.0117,11.1427145,SmoothCondition,LowCongestionCondition,EvenPaceStyle
2.2999878,99.07919312,89.4002107,16.64445196,-0.45035553,-0.6133,57.25490189,2459.0,38.66999817,0.0547,11.10455799,SmoothCondition,LowCongestionCondition,EvenPaceStyle
2.5,101.1058121,89.73798052,20.70952704,1.12589267,-0.6094,50.58823776,2466.0,37.63000107,0.0508,11.02530289,SmoothCondition,LowCongestionCondition,EvenPaceStyle
1.0,102.006546,89.92563057,23.20759025,0.9007339,-0.6406,41.96078491,2476.0,37.31999969,-0.0508,10.99529266,SmoothCondition,LowCongestionCondition,EvenPaceStyle
-0.2000122,102.23172,90.29717763,28.06879897,0.225174,-0.6484,49.01960754,2503.0,34.77000046,0.082,10.92852211,SmoothCondition,LowCongestionCondition,EvenPaceStyle
-0.0999756,103.1324463,90.47732175,30.75845681,0.9007263,-0.6601,49.80392075,2511.0,38.27999878,-0.0508,10.89960957,SmoothCondition,LowCongestionCondition,EvenPaceStyle
-0.5,103.3576202,90.6687247,33.50006404,0.2251739,-0.5664,48.23529434,2519.0,35.84000015,-0.0195,10.87068939,SmoothCondition,LowCongestionCondition,EvenPaceStyle
-0.8999634,103.8079758,90.88264567,36.37806027,0.4503556,-0.4765,37.25490189,2528.0,38.72000122,0.0195,10.8462038,SmoothCondition,LowCongestionCondition,EvenPaceStyle
-0.5,104.4835205,91.37428856,42.02257367,0.6755447,-0.4023,47.45098114,2557.0,35.38000107,0.0469,10.80580521,SmoothCondition,LowCongestionCondition,EvenPaceStyle
-0.2000122,104.4835205,91.8546725,47.77074776,-0.4503555,-0.3047,23.13725471,2531.0,27.44000053,0.0117,10.73872566,SmoothCondition,LowCongestionCondition,EvenPaceStyle
-0.1999512,104.0331573,92.07985255,50.20291821,-0.4503632,-0.2422,50.58823776,2543.0,44.65999985,0.0664,10.72014618,SmoothCondition,LowCongestionCondition,EvenPaceStyle
-0.3999634,103.8079758,92.30127958,52.44327885,-0.2251815,-0.2656,60.7843132,2556.0,44.88000107,0.0977,10.70078087,SmoothCondition,LowCongestionCondition,EvenPaceStyle
-1.0999756,105.6094208,92.88299471,56.85005074,1.1259003,-0.1562,49.80392075,2488.0,21.32999992,0.0938,10.61458206,SmoothCondition,LowCongestionCondition,EvenPaceStyle
-0.7999878,106.735321,93.23202387,59.12662261,1.1259002,-0.1601,6.666666985,2093.0,32.70000076,0.195,10.58569145,SmoothCondition,LowCongestionCondition,EvenPaceStyle
-0.8999634,103.8079758,93.83625679,61.28914768,-1.1259002,-0.125,85.09803772,2147.0,41.41999817,0.277,10.59565067,SmoothCondition,LowCongestionCondition,EvenPaceStyle
-0.7999878,104.933876,94.11773173,62.72760879,1.1259002,-0.082,50.58823776,2141.0,32.20999908,0.285,10.57397747,SmoothCondition,LowCongestionCondition,EvenPaceStyle
0.0,105.3842392,94.64690475,66.38622057,-0.6755371,-0.0859,35.29411697,2105.0,32.20999908,0.227,10.52954483,SmoothCondition,LowCongestionCondition,EvenPaceStyle
1.1000366,104.0331573,95.07474683,69.07037568,-0.6755448,-0.0859,63.92156982,2098.0,37.52999878,0.168,10.53132629,SmoothCondition,LowCongestionCondition,EvenPaceStyle
1.7000122,104.4835205,95.28491478,70.35217984,0.4503632,-0.1328,67.05882263,2105.0,34.95000076,0.133,10.53049183,SmoothCondition,LowCongestionCondition,EvenPaceStyle
1.7999878,104.933876,95.51384773,71.59377536,0.4503555,-0.0625,58.03921509,2102.0,30.35000038,0.203,10.52475357,SmoothCondition,LowCongestionCondition,EvenPaceStyle
2.1000366,104.4835205,95.74278068,72.51907628,-0.4503555,-0.125,29.80392265,2081.0,32.43000031,0.125,10.51587963,SmoothCondition,LowCongestionCondition,EvenPaceStyle
2.6999512,103.8079758,95.97921956,72.92966689,-0.6755447,-0.1016,50.58823776,2068.0,29.98999977,0.102,10.51505375,SmoothCondition,LowCongestionCondition,EvenPaceStyle
3.0999756,103.1324463,96.22316462,72.78722074,-0.6755295,-0.0664,21.17647171,2018.0,24.12999916,-0.0039,10.50905704,SmoothCondition,LowCongestionCondition,EvenPaceStyle
3.7000122,101.7813492,96.44459139,72.24889156,-1.3510971,-0.0742,10.1960783,2021.0,30.64999962,0.0742,10.53259277,SmoothCondition,LowCongestionCondition,EvenPaceStyle
3.5999756,99.75473785,96.65851237,70.85030817,-2.02661135,-0.1758,81.17647552,2014.0,40.13999939,0.0313,10.54555988,SmoothCondition,LowCongestionCondition,EvenPaceStyle
3.7999878,100.2050934,96.9212223,68.46397293,0.45035555,-0.2266,76.47058868,2026.0,41.13000107,0.043,10.55682182,SmoothCondition,LowCongestionCondition,EvenPaceStyle
3.6999512,100.6554489,97.19894409,65.78864344,0.4503555,-0.2305,70.58823395,2040.0,35.65000153,0.0781,10.5741024,SmoothCondition,LowCongestionCondition,EvenPaceStyle
3.5,101.5561752,97.48041916,63.368287,0.9007263,-0.293,69.41176605,2051.0,36.20000076,-0.0859,10.58022881,SmoothCondition,LowCongestionCondition,EvenPaceStyle
3.8999634,102.006546,97.7506354,61.32629389,0.4503708,-0.3398,66.66666412,2057.0,35.52999878,-0.125,10.58902073,SmoothCondition,LowCongestionCondition,EvenPaceStyle
4.1999512,102.4569016,98.01709836,59.47233266,0.4503556,-0.3867,76.86274719,2072.0,36.47000122,-0.043,10.59835911,SmoothCondition,LowCongestionCondition,EvenPaceStyle
3.8000488,103.5828018,98.56128336,55.92498962,0.6755447,-0.4141,71.76470947,2092.0,39.13000107,-0.117,10.61930275,SmoothCondition,LowCongestionCondition,EvenPaceStyle
3.6999512,104.0331573,98.87278239,53.37248452,0.4503555,-0.3906,56.47058868,2100.0,40.22999954,-0.0664,10.63430214,SmoothCondition,LowCongestionCondition,EvenPaceStyle
3.7999878,104.4835205,99.22556444,49.67787718,0.4503632,-0.4453,57.64706039,2103.0,33.61999893,-0.0859,10.64667892,SmoothCondition,LowCongestionCondition,EvenPaceStyle
4.1000366,104.7087021,99.90485751,42.54954351,0.2251816,-0.539,69.01960754,2112.0,39.58000183,-0.121,10.62363529,SmoothCondition,LowCongestionCondition,EvenPaceStyle
4.0,105.1590576,100.2313685,39.42540737,0.4503555,-0.5703,76.47058868,2121.0,38.13999939,-0.18,10.61918163,SmoothCondition,LowCongestionCondition,EvenPaceStyle
3.8000488,105.8346024,100.5803977,35.84603252,0.6755448,-0.4844,61.17647171,2139.0,40.0,-0.0273,10.644104,SmoothCondition,LowCongestionCondition,EvenPaceStyle
3.5,106.735321,100.9369328,32.42373317,0.9007186,-0.4609,54.90196228,2153.0,35.61999893,0.0156,10.67314911,SmoothCondition,LowCongestionCondition,EvenPaceStyle
3.2999878,107.1856766,101.3122328,28.45605383,0.4503556,-0.5156,73.72549438,2158.0,34.54000092,0.0273,10.6745863,SmoothCondition,LowCongestionCondition,EvenPaceStyle
3.0,107.6360397,101.710051,23.75534393,0.4503631,-0.4883,63.13725662,2175.0,36.22000122,0.0781,10.67499638,SmoothCondition,LowCongestionCondition,EvenPaceStyle
2.2999878,108.76194,102.4493919,16.75529158,0.4503632,-0.6055,49.41176605,2184.0,32.27000046,0.0,10.69152927,SmoothCondition,LowCongestionCondition,EvenPaceStyle
1.5,109.2122955,102.779656,14.53178671,0.4503555,-0.5976,46.27450943,2180.0,31.69000053,-0.0664,10.67403603,SmoothCondition,LowCongestionCondition,EvenPaceStyle
0.7000122,108.9871216,103.0874021,12.54210401,-0.2251739,-0.5,47.45098114,2184.0,30.86000061,0.0234,10.65554333,SmoothCondition,LowCongestionCondition,EvenPaceStyle
0.6999512,109.2122955,103.3726301,11.04853849,0.2251739,-0.457,52.54901886,2190.0,32.65000153,0.0508,10.63855171,SmoothCondition,LowCongestionCondition,EvenPaceStyle
-0.3999634,109.8878403,103.8792852,9.31013555,0.6755448,-0.4336,70.98039246,2228.0,47.50999832,0.129,10.62500095,SmoothCondition,LowCongestionCondition,EvenPaceStyle
0.0,111.0137405,104.1269833,9.098373221,1.1259002,-0.4141,100.0,2261.0,54.95000076,0.207,10.63666248,SmoothCondition,LowCongestionCondition,EvenPaceStyle
5.0,107.6360397,110.9274178,77.11627156,-0.2251816,-0.3282,35.68627548,2126.0,32.56000137,-0.0859,10.61071777,SmoothCondition,LowCongestionCondition,EvenPaceStyle
4.8000488,106.2849579,110.9536887,76.82540036,-1.3510818,-0.5742,31.37254906,2104.0,32.31000137,-0.0508,10.61254501,SmoothCondition,LowCongestionCondition,EvenPaceStyle
4.0,104.933876,110.9499357,76.87047748,-1.3510819,-0.625,52.54901886,2097.0,35.45000076,0.0859,10.6148243,SmoothCondition,LowCongestionCondition,EvenPaceStyle
3.8000488,104.2583389,110.9236646,77.18521346,-0.6755371,-0.664,62.35294342,2085.0,35.52999878,0.172,10.62250519,SmoothCondition,LowCongestionCondition,EvenPaceStyle
4.4000244,104.0331573,110.8786285,77.69055539,-0.2251816,-0.6914,69.01960754,2094.0,35.58000183,0.0977,10.64488697,SmoothCondition,LowCongestionCondition,EvenPaceStyle
5.4000244,104.4835205,110.8335926,78.15051842,0.4503632,-0.6093,57.64706039,2093.0,34.59000015,0.102,10.65380955,SmoothCondition,LowCongestionCondition,EvenPaceStyle
6.7999878,90.52235413,109.7076927,95.7016793,-3.3777008,0.1797,10.1960783,1774.0,21.80999947,-0.082,10.65891743,SmoothCondition,LowCongestionCondition,EvenPaceStyle
5.7000122,88.27055359,109.3474046,103.3581205,-2.25180054,0.2695,47.84313965,1754.0,24.21999931,-0.0742,10.68452835,SmoothCondition,LowCongestionCondition,EvenPaceStyle
4.2999878,87.36984253,108.9533396,111.339804,-0.90071106,0.3711,43.92156982,1741.0,24.23999977,-0.0977,10.71098995,SmoothCondition,LowCongestionCondition,EvenPaceStyle
3.0,86.91947937,108.5179918,119.0926118,-0.45036316,0.4883,37.64706039,1728.0,23.52000046,0.0039,10.72914791,SmoothCondition,LowCongestionCondition,EvenPaceStyle
2.5999756,86.01875305,108.0338548,126.707244,-0.90072632,0.5898,29.41176605,1718.0,18.29999924,0.0195,10.7075882,SmoothCondition,LowCongestionCondition,EvenPaceStyle
2.2000122,84.6676712,107.4934227,134.272932,-1.35108185,0.668,0.0,1653.0,16.97999954,-0.0625,10.67537975,SmoothCondition,LowCongestionCondition,EvenPaceStyle
6.3999634,64.17630005,102.0177961,229.1696207,-2.70215607,1.0117,15.68627453,1077.0,8.350000381,-0.371,10.51149368,SmoothCondition,LowCongestionCondition,EvenPaceStyle
6.5,61.02377701,101.0682871,252.4097286,-3.15252304,0.9961,20.0,919.0,8.789999962,-0.418,10.49468803,SmoothCondition,LowCongestionCondition,EvenPaceStyle
6.3999634,57.19572067,100.0887541,280.2951621,-3.82805634,0.9375,20.3921566,1266.0,21.32999992,-0.422,10.5202055,SmoothCondition,LowCongestionCondition,EvenPaceStyle
5.7000122,54.49356079,99.03416125,309.1018712,-2.70215988,0.9453,21.56862831,2254.0,32.25999832,-0.258,10.56337738,SmoothCondition,LowCongestionCondition,EvenPaceStyle
4.8999634,52.91730118,97.91952037,336.579424,-1.57625961,0.9023,19.6078434,2219.0,18.71999931,-0.215,10.58269024,SmoothCondition,LowCongestionCondition,EvenPaceStyle
2.5,49.98995972,95.55888341,386.7270618,-1.80144119,0.7617,25.88235283,2107.0,18.26000023,-0.176,10.58545876,SmoothCondition,LowCongestionCondition,EvenPaceStyle
1.5999756,49.31441879,94.34666449,409.5869322,-0.67554093,0.6289,34.90196228,2109.0,27.75,-0.156,10.59438515,SmoothCondition,LowCongestionCondition,EvenPaceStyle
1.0,49.08923721,93.12318662,429.3484278,-0.22518158,0.5664,47.45098114,2152.0,25.69000053,-0.117,10.61602783,SmoothCondition,LowCongestionCondition,EvenPaceStyle
0.4000244,49.98995972,91.91096776,444.5374523,0.90072251,0.6015,28.23529434,2098.0,20.47999954,-0.129,10.62212181,SmoothCondition,LowCongestionCondition,AggressiveStyle
-0.1999512,50.66549683,90.71000786,455.8131073,0.67553711,0.5508,11.37254906,2111.0,19.70000076,-0.0508,10.62996864,SmoothCondition,LowCongestionCondition,AggressiveStyle
-0.5,49.08923721,89.48277696,466.2721804,-1.57625962,0.4687,19.6078434,2136.0,26.69000053,-0.133,10.64887333,SmoothCondition,LowCongestionCondition,AggressiveStyle
-0.6000366,49.53959656,88.26680508,473.3356283,0.45035935,0.3945,30.98039246,2176.0,20.39999962,-0.129,10.6627779,SmoothCondition,LowCongestionCondition,AggressiveStyle
-0.3999634,50.21513748,87.09586919,478.9040193,0.67554092,0.3906,19.6078434,2186.0,19.31999969,-0.0742,10.67311668,SmoothCondition,LowCongestionCondition,AggressiveStyle
0.4000244,48.18851852,84.84406923,493.0845181,-1.8014412,0.3984,5.09803915,2075.0,20.19000053,0.0586,10.75828552,SmoothCondition,LowCongestionCondition,AggressiveStyle
0.7000122,47.5129776,82.74614238,511.1691794,-1.12590027,0.418,6.274509907,1975.0,17.27000046,0.141,10.78244114,SmoothCondition,LowCongestionCondition,AggressiveStyle
0.5,46.16189957,81.75159734,523.8129531,-1.35107803,0.3828,18.8235302,1963.0,21.10000038,0.18,10.79110241,SmoothCondition,LowCongestionCondition,AggressiveStyle
-2.800003052,0.0,0.0,0.0,0.0,-0.0625,30.98039246,794.0,4.559999943,-0.0234,21.711483,SmoothCondition,LowCongestionCondition,EvenPaceStyle
2.30004882,11.48418045,38.811063580731144,171.92088758076872,1.35108089,6.9506,33.72549057,1676.0,12.47999954,17.2901,56.37753296,SmoothCondition,LowCongestionCondition,EvenPaceStyle
0.10003662,11.70935917,3.227579898,14.16445683,3.602879525,7.1573,27.05882454,1852.0,16.20000076,17.1667,45.31012726,SmoothCondition,LowCongestionCondition,EvenPaceStyle
0.0,13.51079941,3.452759888,15.72860886,1.80144024,7.0676,43.92156982,1078.0,16.55999947,17.2206,45.03737259,SmoothCondition,LowCongestionCondition,EvenPaceStyle
-0.09997559,17.11367989,4.297184867,23.58825841,-0.22517967,7.052,28.62745094,1411.0,10.81000042,17.2283,40.84712601,SmoothCondition,LowCongestionCondition,EvenPaceStyle
0.0,13.73598003,5.400566835,31.47296004,-3.15251828,7.157,24.31372643,1081.0,6.679999828,17.1974,35.00256729,SmoothCondition,LowCongestionCondition,EvenPaceStyle
-0.10003662,9.007200241,5.550686839,31.17617226,-4.728779789,7.1063,29.01960754,922.0,6.659999847,17.1241,34.40745544,SmoothCondition,LowCongestionCondition,EvenPaceStyle
0.0,6.980579853,5.633252838,30.99340138,-2.026620388,7.0595,52.15686417,900.0,5.699999809,17.1588,34.31491852,SmoothCondition,LowCongestionCondition,EvenPaceStyle
0.09997559,8.556839943,5.734583841,30.95898143,1.57626009,7.0322,48.62745285,1088.0,12.43000031,17.1395,34.71615982,SmoothCondition,LowCongestionCondition,EvenPaceStyle
0.0,10.80864048,5.869691847,31.22093409,2.251800537,6.9231,34.11764908,1498.0,12.80000019,17.2051,34.88631821,SmoothCondition,LowCongestionCondition,EvenPaceStyle
0.09997559,12.83525944,6.061094837,31.65997092,2.02661896,6.8373,26.27450943,1752.0,14.18000031,17.1742,34.98568344,SmoothCondition,LowCongestionCondition,EvenPaceStyle
0.5,13.51079941,6.684092826,33.00101667,-0.22518062,6.8062,12.94117641,1861.0,15.98999977,17.1781,35.23082352,SmoothCondition,LowCongestionCondition,EvenPaceStyle
0.69995118,11.70935917,6.879248812,32.63306843,-1.80144024,6.9309,21.17647171,1561.0,11.53999996,17.1203,35.21847153,SmoothCondition,LowCongestionCondition,EvenPaceStyle
0.90002442,9.232379913,7.033121811,31.90073873,-2.476979257,6.7904,25.88235283,1285.0,9.079999924,17.074,35.17364883,SmoothCondition,LowCongestionCondition,EvenPaceStyle
0.89996338,10.35828018,7.205759814,31.21944454,1.125900267,6.8723,29.80392265,1080.0,7.670000076,16.9389,35.08708954,SmoothCondition,LowCongestionCondition,EvenPaceStyle
0.79998779,10.13309956,7.374644807,30.45563124,-0.22518062,6.8217,28.62745094,1174.0,8.600000381,16.9312,35.0978241,SmoothCondition,LowCongestionCondition,EvenPaceStyle
0.90002441,8.782018661,7.521011784,29.54562984,-1.351080899,6.9192,33.72549057,1231.0,8.31000042,16.9389,35.08183289,SmoothCondition,LowCongestionCondition,EvenPaceStyle
0.80004882,9.682740211,7.840016781,27.66742983,0.225180625,7.114,12.54901981,1332.0,9.180000305,16.8617,35.03910065,SmoothCondition,LowCongestionCondition,EvenPaceStyle
0.7000122,8.782018661,7.986383759,26.61888927,-0.90072155,7.2309,19.2156868,1198.0,10.78999996,16.8887,35.19352722,SmoothCondition,LowCongestionCondition,EvenPaceStyle
0.59997559,7.205760002,8.076455759,25.97260225,-1.576258659,7.262,30.19607925,913.0,5.739999771,16.8694,35.11515808,SmoothCondition,LowCongestionCondition,EvenPaceStyle
0.60003662,5.40432024,8.113985764,25.68125741,-1.801439762,7.2815,29.41176605,887.0,5.840000153,16.8772,35.30431747,SmoothCondition,LowCongestionCondition,EvenPaceStyle
0.10003662,0.0,4.541129854,33.2376589,0.0,7.2197,39.60784531,888.0,7.849999905,17.1668,20.43588448,SmoothCondition,HighCongestionCondition,AggressiveStyle
-0.59997559,8.782018661,4.687496831,33.17118229,8.782018661,7.1183,30.58823586,1184.0,9.779999733,17.2246,20.4551506,SmoothCondition,HighCongestionCondition,AggressiveStyle
-0.29998779,12.38489914,5.040278795,33.58817468,3.602880479,6.9468,23.13725471,1807.0,13.44999981,17.2554,20.52485275,SmoothCondition,HighCongestionCondition,AggressiveStyle
-0.2000122,14.41152,5.280470795,34.58739874,2.02662086,6.9273,20.7843132,2075.0,15.93999958,17.2786,20.57935333,SmoothCondition,HighCongestionCondition,EvenPaceStyle
-0.10003662,15.31223869,5.535674773,35.75426741,0.90071869,6.9117,3.529411793,2202.0,17.02000046,17.2516,20.62803268,SmoothCondition,HighCongestionCondition,AggressiveStyle
-0.2000122,14.8618803,5.783372778,36.64669378,-0.45035839,6.744,64.31372833,1369.0,9.170000076,17.3325,20.62682915,SmoothCondition,HighCongestionCondition,AggressiveStyle
-0.10003662,19.36548042,6.395111777,40.52219624,2.02662086,6.7791,9.019607544,1422.0,10.43000031,17.3248,20.64731598,SmoothCondition,HighCongestionCondition,AggressiveStyle
0.29998779,18.6899395,7.051886775,44.73559565,-2.02662086,6.8297,0.0,1283.0,11.53999996,17.3055,20.63002777,SmoothCondition,HighCongestionCondition,AggressiveStyle
0.5,16.66331863,7.329608752,45.38004897,-2.02662087,6.8064,21.96078491,1050.0,8.81000042,17.2939,20.62590218,SmoothCondition,HighCongestionCondition,AggressiveStyle
0.2000122,8.556839943,7.678637737,43.89371768,-3.828059197,6.7596,31.37254906,867.0,5.329999924,17.3672,20.57749176,SmoothCondition,HighCongestionCondition,AggressiveStyle
0.10003662,8.106479645,7.813745731,42.87890957,-0.450360298,6.7635,30.58823586,962.0,8.949999809,17.3595,20.65305138,SmoothCondition,HighCongestionCondition,AggressiveStyle
0.7999878,6.079859734,8.204057703,38.97036287,2.251800061,6.7984,20.7843132,1070.0,8.31000042,17.3903,20.89188385,SmoothCondition,HighCongestionCondition,AggressiveStyle
1.10003662,6.755399704,8.316647698,37.85225196,0.67553997,6.9427,10.98039246,1162.0,6.510000229,17.3402,20.9368763,SmoothCondition,HighCongestionCondition,AggressiveStyle
1.20001221,6.980579853,8.432990696,36.69642665,0.225180149,7.0558,26.27450943,850.0,5.519999981,17.2747,20.96206093,SmoothCondition,HighCongestionCondition,EvenPaceStyle
1.89996338,5.854679585,8.620640693,34.51807271,0.450359345,7.0753,29.80392265,971.0,10.77000046,17.3132,21.08860779,SmoothCondition,HighCongestionCondition,AggressiveStyle
2.2000122,13.06044006,9.15356668,30.81521488,3.15252113,7.0051,20.3921566,2061.0,15.85999966,17.4057,21.19029427,SmoothCondition,HighCongestionCondition,EvenPaceStyle
2.10003662,15.08705902,9.405017664,29.92750119,2.02661896,7.1026,21.56862831,2155.0,16.18000031,17.3942,21.25631714,SmoothCondition,HighCongestionCondition,EvenPaceStyle
1.89996338,13.73598003,9.885401648,27.55950099,-1.35107899,7.1728,11.76470566,2252.0,16.61000061,17.3787,21.36568069,SmoothCondition,HighCongestionCondition,AggressiveStyle
1.7000122,14.41152,10.00549765,27.7703465,0.67553997,7.1065,13.33333397,2140.0,14.71000004,17.4057,21.39440727,SmoothCondition,HighCongestionCondition,AggressiveStyle
1.40002441,13.28561974,10.05053366,27.94498154,-1.12590026,7.0403,16.86274529,1968.0,13.5,17.4212,21.41024017,SmoothCondition,HighCongestionCondition,AggressiveStyle
1.10003662,12.83525944,10.08806367,28.070171,-0.4503603,6.9468,18.4313736,1958.0,13.36999989,17.4829,21.42089081,SmoothCondition,HighCongestionCondition,AggressiveStyle
1.39996338,15.98777962,10.38455064,28.98681861,2.47698021,6.7052,23.52941132,2316.0,20.40999985,17.5793,21.53769302,SmoothCondition,HighCongestionCondition,AggressiveStyle
0.7999878,14.63669968,10.66602561,30.35480699,-1.80143928,6.8378,23.92156982,1102.0,6.849999905,17.5022,21.46875572,SmoothCondition,HighCongestionCondition,AggressiveStyle
0.69995118,13.51079941,10.6284956,30.05028424,-1.12590027,6.7793,29.41176605,1100.0,6.570000172,17.5176,21.45698166,SmoothCondition,HighCongestionCondition,AggressiveStyle
0.2000122,15.53741932,10.62098959,30.01997518,2.02661991,6.6584,60.39215851,1177.0,12.60999966,17.5446,21.56152916,SmoothCondition,HighCongestionCondition,AggressiveStyle
0.09997559,17.78922081,10.65476661,30.44165194,2.25180149,6.6779,29.80392265,1391.0,14.18000031,17.4945,21.63382149,SmoothCondition,HighCongestionCondition,AggressiveStyle
1.5,113.490715,109.4750073,16.88796732,0.6755371,7.1223,83.92156982,2276.0,48.83000183,16.9364,10.92766666,SmoothCondition,LowCongestionCondition,EvenPaceStyle
2.6999512,114.8417969,109.8503071,16.25543126,0.6755448,7.1223,80.0,2299.0,47.38999939,17.2884,10.89166451,SmoothCondition,LowCongestionCondition,EvenPaceStyle
3.1999512,115.29216,110.0754873,15.60226711,0.4503631,7.0521,79.60784149,2309.0,44.52999878,17.1843,10.86658287,SmoothCondition,LowCongestionCondition,EvenPaceStyle
3.5,115.7425156,110.3081734,14.9255538,0.4503556,6.9353,78.8235321,2312.0,43.41999817,16.9955,10.84232426,SmoothCondition,LowCongestionCondition,EvenPaceStyle
3.8000488,116.1928711,110.5521183,14.15371731,0.4503555,6.9314,60.39215851,2320.0,43.66999817,17.011,10.82089996,SmoothCondition,LowCongestionCondition,EvenPaceStyle
4.0,116.8684235,111.253929,12.00935606,0.6755524,6.8612,76.47058868,2346.0,47.09000015,17.1691,10.77519894,SmoothCondition,LowCongestionCondition,EvenPaceStyle
4.3999634,117.7691345,111.734313,10.66510476,0.900711,6.7209,67.05882263,2343.0,43.06000137,17.2193,10.74107647,SmoothCondition,LowCongestionCondition,EvenPaceStyle
4.7000122,117.0935974,111.9669988,9.842753193,-0.6755371,6.6819,66.27451324,2350.0,43.18000031,17.0769,10.71386528,SmoothCondition,LowCongestionCondition,EvenPaceStyle
5.1000366,116.8684235,112.1846729,9.073454653,-0.2251739,6.7326,54.11764908,2352.0,42.02999878,17.1656,10.70202446,SmoothCondition,LowCongestionCondition,EvenPaceStyle
5.2999878,116.4180527,112.3873348,8.270580457,-0.4503708,6.8222,23.92156982,2323.0,30.90999985,17.1463,10.66457462,SmoothCondition,LowCongestionCondition,EvenPaceStyle
5.1999512,115.29216,112.5562199,7.4990328,-1.1258927,6.869,32.94117737,2308.0,21.31999969,17.1811,10.59639931,SmoothCondition,LowCongestionCondition,EvenPaceStyle
5.0,112.8151779,112.7776468,6.385806495,-1.3510742,7.0561,49.01960754,2268.0,30.11000061,17.4557,10.51097584,SmoothCondition,LowCongestionCondition,EvenPaceStyle
4.9000244,112.5899963,112.8864836,5.89305604,0.6755447,6.9821,59.60784531,2256.0,32.56000137,17.2162,10.43865204,SmoothCondition,LowCongestionCondition,EvenPaceStyle
3.3999634,113.490715,113.0178384,5.580584572,0.9007187,6.947,75.6862793,2284.0,45.09000015,17.0735,10.3942337,SmoothCondition,LowCongestionCondition,EvenPaceStyle
3.0,113.2655411,113.0441095,5.551006143,-0.2251739,6.9548,75.29412079,2302.0,44.79999924,17.0696,10.38537407,SmoothCondition,LowCongestionCondition,EvenPaceStyle
2.4000244,113.7158966,113.0816395,5.514910306,0.4503555,6.9431,75.6862793,2312.0,44.52999878,17.058,10.37706757,SmoothCondition,LowCongestionCondition,EvenPaceStyle
2.3999634,115.7425156,113.1529465,5.585397321,2.026619,6.9392,75.29412079,2327.0,43.88000107,17.139,10.37487507,SmoothCondition,LowCongestionCondition,EvenPaceStyle
2.7000122,117.7691345,113.3255844,6.151528682,0.6755371,6.8612,75.6862793,2361.0,43.29999924,16.977,10.37011051,SmoothCondition,LowCongestionCondition,EvenPaceStyle
0.8999634,119.3453979,113.6108122,7.477790445,1.1259078,7.0365,52.54901886,2382.0,30.35000038,16.8575,10.33618641,SmoothCondition,LowCongestionCondition,EvenPaceStyle
0.1000366,118.8950424,113.7083904,7.935864568,-0.4503555,7.1184,0.0,2350.0,28.05999947,16.7996,10.30431747,SmoothCondition,LowCongestionCondition,EvenPaceStyle
-0.9000244,114.3914413,113.8209801,8.002039924,0.2251892,7.056,69.01960754,2292.0,38.20000076,16.9306,10.27833652,SmoothCondition,LowCongestionCondition,EvenPaceStyle
-0.8000488,115.0669708,113.843498,8.027650551,0.6755295,7.1768,66.27451324,2310.0,37.0,17.0964,10.27956009,SmoothCondition,LowCongestionCondition,EvenPaceStyle
-0.1000366,116.1928711,113.944829,8.222095193,0.225174,7.2275,65.88235474,2329.0,36.06000137,17.2741,10.23668766,SmoothCondition,LowCongestionCondition,EvenPaceStyle
0.2999878,116.6432419,113.9936181,8.342200267,0.4503708,7.2314,50.98039246,2327.0,28.48999977,17.1778,10.21042442,SmoothCondition,LowCongestionCondition,EvenPaceStyle
1.3999634,59.22233582,78.28382524,544.4655767,-5.85468292,7.679,0.0,1887.0,21.28000069,16.9619,9.633928299,SmoothCondition,LowCongestionCondition,EvenPaceStyle
1.5999756,46.38707733,76.27221711,533.9655812,-6.75540161,7.932,21.96078491,1472.0,15.28999996,16.8075,9.628901482,SmoothCondition,LowCongestionCondition,EvenPaceStyle
1.0999756,40.53239822,75.10503413,534.2996832,-5.85467911,7.967,16.47058868,1265.0,8.550000191,16.7804,9.599546432,SmoothCondition,LowCongestionCondition,EvenPaceStyle
1.5,37.83023834,72.57926521,524.0485152,-0.22518158,8.0372,9.411765099,1627.0,11.25,16.7804,9.62255764,SmoothCondition,LowCongestionCondition,AggressiveStyle
1.1000366,36.92951965,71.26571528,512.2572164,-0.90071869,8.0411,43.52941132,1619.0,15.81000042,16.7766,9.628938675,SmoothCondition,LowCongestionCondition,AggressiveStyle
1.0,38.50577927,69.98594227,495.9286814,1.57625962,7.9631,54.90196228,1727.0,18.5,16.8152,9.63539505,SmoothCondition,LowCongestionCondition,AggressiveStyle
1.2999878,41.20793915,68.7587113,474.3313936,2.70215988,7.9553,59.60784531,1881.0,22.71999931,16.8229,9.652293205,SmoothCondition,LowCongestionCondition,AggressiveStyle
0.9000244,45.0359993,67.61779938,448.6316327,3.82806015,7.9748,50.19607925,2034.0,28.54000092,16.8306,9.69348526,SmoothCondition,LowCongestionCondition,EvenPaceStyle
1.0,54.94392014,63.66589057,324.3103743,2.02661896,7.8929,47.05882263,2445.0,25.52000046,16.8848,9.847022057,SmoothCondition,LowCongestionCondition,EvenPaceStyle
0.6000366,57.87125778,62.82146556,290.0290145,2.92733764,7.7916,46.27450943,2541.0,28.12999916,16.8925,9.857499123,SmoothCondition,LowCongestionCondition,EvenPaceStyle
0.6999512,60.12305832,62.06711254,258.8688246,2.25180054,7.6825,45.09804153,2629.0,28.95000076,16.9117,9.865653038,SmoothCondition,LowCongestionCondition,EvenPaceStyle
0.4000244,63.50076294,60.68976161,199.7018031,3.37770462,7.5072,25.88235283,2726.0,25.05999947,16.9928,9.878833771,SmoothCondition,LowCongestionCondition,AggressiveStyle
-0.0999756,63.95111847,60.1080466,174.8513345,0.45035553,7.4293,0.0,2008.0,23.42000008,17.0545,9.8817873,SmoothCondition,LowCongestionCondition,AggressiveStyle
-1.7999878,68.90507507,58.39292564,104.2524373,1.35108184,6.6389,34.50980377,2160.0,21.62999916,17.4521,9.88697052,SmoothCondition,LowCongestionCondition,AggressiveStyle
-1.7000122,69.35543823,58.20902875,98.05428878,0.45036316,6.5649,30.58823586,2183.0,18.19000053,17.4792,9.86431694,SmoothCondition,LowCongestionCondition,EvenPaceStyle
-1.0999756,70.03097534,58.10394465,94.84255993,0.67553711,6.5493,32.94117737,2195.0,16.87999916,17.4367,9.833769798,SmoothCondition,LowCongestionCondition,EvenPaceStyle
-1.1999512,70.48134613,58.10769793,94.93617255,0.45037079,6.5026,33.72549057,2228.0,18.22999954,17.456,9.809239388,SmoothCondition,LowCongestionCondition,EvenPaceStyle
0.8000488,69.35543823,59.09849008,103.3430647,-2.02661896,6.717,20.3921566,2192.0,17.0,17.3055,9.714741707,SmoothCondition,LowCongestionCondition,EvenPaceStyle
0.5,69.80579376,59.63892193,105.6590397,0.45035553,6.9314,25.09803963,2189.0,17.17000008,17.2978,9.668431282,SmoothCondition,LowCongestionCondition,EvenPaceStyle
0.9000244,70.03097534,59.90538489,106.8865396,0.22518158,7.0328,24.70588303,2192.0,17.23999977,17.3556,9.650159836,SmoothCondition,LowCongestionCondition,EvenPaceStyle
-0.1000366,69.80579376,60.44581674,108.68514,-0.22518158,7.1186,24.31372643,2200.0,17.03000069,17.2901,9.614292145,SmoothCondition,LowCongestionCondition,EvenPaceStyle
0.7999878,70.03097534,60.69726766,109.6649832,0.22518158,7.2277,19.6078434,2195.0,16.14999962,17.2978,9.592626572,SmoothCondition,LowCongestionCondition,EvenPaceStyle
1.2999878,69.58061981,60.92620068,110.5500903,-0.45035553,7.2511,11.37254906,2186.0,15.39999962,17.2631,9.571146011,SmoothCondition,LowCongestionCondition,EvenPaceStyle
1.0999756,68.45471954,61.13636869,111.0281596,-1.12590027,7.294,9.8039217,2152.0,15.31000042,17.3441,9.547029495,SmoothCondition,LowCongestionCondition,EvenPaceStyle
0.0999756,66.87845612,61.3015007,111.2651305,-1.57626342,7.2706,12.94117641,2108.0,15.03999996,17.3556,9.524227142,SmoothCondition,LowCongestionCondition,EvenPaceStyle
-0.7000122,65.52737427,61.45537364,111.1188988,-1.35108185,7.4031,18.8235302,2083.0,14.59000015,17.3479,9.503411293,SmoothCondition,LowCongestionCondition,EvenPaceStyle
-1.2999878,65.30220032,61.60549367,110.8954486,-0.22517395,7.446,14.50980377,2066.0,15.09000015,17.3055,9.490095139,SmoothCondition,LowCongestionCondition,EvenPaceStyle
-2.1000366,64.62665558,61.74810759,110.5100828,-0.67554474,7.4927,3.921568632,2015.0,14.69999981,17.2554,9.484484673,SmoothCondition,LowCongestionCondition,EvenPaceStyle
-1.0999756,63.27557755,61.86445058,110.031856,-1.35107803,7.5278,9.019607544,1986.0,21.20000076,17.1936,9.494099617,SmoothCondition,LowCongestionCondition,EvenPaceStyle
-0.5999756,62.14967728,61.92825152,109.8163557,-1.12590027,7.5317,10.1960783,1951.0,14.65999985,17.0932,9.480516434,SmoothCondition,LowCongestionCondition,EvenPaceStyle
0.0,0.0,13.8523224,130.4734711,0.0,0.0859,34.50980377,835.0,5.550000191,0.0391,25.74895668,SmoothCondition,LowCongestionCondition,EvenPaceStyle
0.40002442,8.556839943,12.71516346,150.7077114,8.556839943,-0.566,35.29411697,1436.0,14.68000031,0.273,26.10168076,SmoothCondition,LowCongestionCondition,EvenPaceStyle
0.70001221,13.51079941,12.69264546,150.7257592,2.02661896,-0.602,0.0,1209.0,9.970000267,0.277,26.22160912,SmoothCondition,LowCongestionCondition,EvenPaceStyle
0.7999878,14.18633938,12.67012746,150.6258942,0.67553997,-0.734,81.96078491,1154.0,12.68000031,0.363,26.22168159,SmoothCondition,LowCongestionCondition,EvenPaceStyle
0.90002442,24.76979828,12.87654245,153.7157389,3.3776989,-0.953,39.60784531,1861.0,24.64999962,0.445,26.33675766,SmoothCondition,LowCongestionCondition,EvenPaceStyle
0.70001221,27.02159882,12.98537945,156.1121144,2.25180054,-1.03,38.4313736,2006.0,22.57999992,0.508,26.34089088,SmoothCondition,LowCongestionCondition,EvenPaceStyle
0.39996338,30.39929962,13.29687847,163.6626006,1.35108185,-1.14,42.35294342,2209.0,21.96999931,0.547,26.28783607,SmoothCondition,LowCongestionCondition,AggressiveStyle
0.20001221,31.52519989,13.51830547,168.8303906,1.12590027,-1.22,42.74509811,2326.0,25.97999954,0.57,26.28512955,SmoothCondition,LowCongestionCondition,AggressiveStyle
0.0,33.32663727,13.76975642,175.0386265,1.80143738,-1.29,41.96078491,2441.0,26.70999908,0.602,26.28183937,SmoothCondition,LowCongestionCondition,AggressiveStyle
0.10003662,34.90289688,13.99493638,181.5719681,1.57625961,-1.25,0.0,2537.0,24.40999985,0.59,26.23138046,SmoothCondition,LowCongestionCondition,AggressiveStyle
0.30004882,35.12807465,14.16757432,187.1435554,0.22517777,-1.31,72.54901886,1534.0,17.31999969,0.617,26.05717087,SmoothCondition,LowCongestionCondition,AggressiveStyle
0.10003662,35.35326004,14.30643534,191.9308502,0.22518539,-1.37,74.50980377,1561.0,19.61000061,0.68,25.9188652,SmoothCondition,LowCongestionCondition,AggressiveStyle
0.09997558,37.60506058,14.45655534,197.646595,2.25180054,-1.39,60.39215851,1654.0,22.71999931,0.715,25.82221413,SmoothCondition,LowCongestionCondition,AggressiveStyle
0.59997559,39.85686111,14.61793439,204.3681402,2.25180053,-1.42,46.66666794,1744.0,23.45000076,0.734,25.72148514,SmoothCondition,LowCongestionCondition,AggressiveStyle
1.0,41.20793915,14.80183141,212.2156727,1.35107804,-1.37,41.17647171,1780.0,19.40999985,0.738,25.53627968,SmoothCondition,LowCongestionCondition,AggressiveStyle
1.09997559,42.55901718,15.18088434,228.9132942,0.45035934,-1.19,28.23529434,1808.0,14.07999992,0.562,24.87965965,SmoothCondition,LowCongestionCondition,EvenPaceStyle
1.59997558,42.78419876,15.57119637,245.9308117,0.22518158,-1.22,26.66666794,1822.0,15.60000038,0.621,24.34201813,SmoothCondition,LowCongestionCondition,EvenPaceStyle
1.39996338,42.55901718,15.98402634,263.3129522,-0.22518158,-0.934,14.90196133,1767.0,12.89999962,0.383,23.70630455,SmoothCondition,LowCongestionCondition,EvenPaceStyle
1.40002442,40.75757599,16.16417031,270.3767298,-1.80144119,-0.793,19.2156868,1707.0,13.36999989,0.348,23.44101143,SmoothCondition,LowCongestionCondition,EvenPaceStyle
1.29998779,37.60506058,16.47942226,281.6719692,-2.02661514,-0.52,0.0,1536.0,14.81999969,0.266,23.09713936,SmoothCondition,LowCongestionCondition,EvenPaceStyle
1.10003662,19.36548042,16.88099331,290.0556094,-6.75539971,0.164,0.0,916.0,5.909999847,-0.0781,22.33734322,SmoothCondition,LowCongestionCondition,EvenPaceStyle
0.89996338,16.21295929,16.90351129,289.993559,-3.15252113,0.277,9.019607544,1027.0,9.880000114,-0.18,22.33222771,SmoothCondition,LowCongestionCondition,EvenPaceStyle
1.30004882,13.96115971,16.9335353,289.7579622,-2.25179958,0.246,23.92156982,879.0,4.46999979,-0.141,22.16718674,SmoothCondition,LowCongestionCondition,EvenPaceStyle
1.59997558,11.93453979,17.00484231,288.7175288,-2.02661992,0.437,28.62745094,897.0,5.860000134,-0.195,22.11545181,SmoothCondition,LowCongestionCondition,EvenPaceStyle
1.5,9.232379913,17.09491431,286.7903558,-2.702159877,0.566,29.01960754,886.0,5.739999771,-0.289,22.1523838,SmoothCondition,LowCongestionCondition,EvenPaceStyle
0.70001221,0.0,18.23207346,259.064779,0.0,-0.102,33.72549057,865.0,5.260000229,0.156,18.31241226,SmoothCondition,LowCongestionCondition,EvenPaceStyle
0.90002441,8.106479645,16.55823545,268.7324408,8.106479645,-0.145,32.94117737,1323.0,9.069999695,0.184,18.31328773,SmoothCondition,LowCongestionCondition,EvenPaceStyle
0.89996338,9.457559586,16.16417045,264.7904764,1.351079941,-0.105,23.13725471,1285.0,11.03999996,0.121,18.33209991,SmoothCondition,LowCongestionCondition,EvenPaceStyle
0.7000122,8.782018661,15.75509348,260.5515825,-0.675540925,-0.117,10.98039246,1061.0,5.690000057,0.137,18.35247612,SmoothCondition,LowCongestionCondition,EvenPaceStyle
0.59997558,7.205760002,15.27470946,254.5892395,-1.576258659,-0.223,29.01960754,1045.0,7.050000191,0.148,18.39942932,SmoothCondition,LowCongestionCondition,EvenPaceStyle
0.2000122,9.90791893,14.2388815,234.2057606,2.026618957,-0.359,35.29411697,1516.0,11.80000019,0.184,18.4962635,SmoothCondition,LowCongestionCondition,EvenPaceStyle
0.39996338,11.70935917,13.75099153,221.9495128,1.80144024,-0.371,24.31372643,1672.0,14.93999958,0.145,18.53318787,SmoothCondition,LowCongestionCondition,EvenPaceStyle
0.29998779,13.51079941,12.82024761,195.5153452,0.45035935,-0.559,81.17647552,1095.0,11.07999992,0.312,18.56142426,SmoothCondition,LowCongestionCondition,EvenPaceStyle
-0.30004882,15.53741932,12.42242964,183.4993921,2.02661991,-0.664,40.39215851,1170.0,8.81000042,0.391,18.54965019,SmoothCondition,LowCongestionCondition,EvenPaceStyle
-0.7999878,17.11367989,12.04337662,170.9695434,1.57626057,-0.703,23.52941132,1241.0,7.5,0.395,18.52800941,SmoothCondition,LowCongestionCondition,EvenPaceStyle
-0.89996338,16.88849831,11.32280062,146.9977965,-0.67553901,-0.664,13.33333397,1158.0,7.03000021,0.324,18.46400452,SmoothCondition,LowCongestionCondition,EvenPaceStyle
-1.09997559,14.8618803,10.12559366,107.2337408,0.22518062,-0.695,39.2156868,1096.0,8.68999958,0.348,18.33828163,SmoothCondition,LowCongestionCondition,EvenPaceStyle
-1.0,16.88849831,9.408770653,81.82765577,0.90071869,-0.551,5.882352829,1125.0,10.78999996,0.18,18.31192589,SmoothCondition,LowCongestionCondition,EvenPaceStyle
-0.79998779,13.51079941,8.70320671,59.26559406,-1.35108089,-0.48,32.54901886,989.0,6.559999943,0.164,18.25682831,SmoothCondition,LowCongestionCondition,EvenPaceStyle
-0.7000122,13.51079941,8.10272671,41.69151367,-0.4503603,-0.516,32.54901886,895.0,4.96999979,0.203,18.1843605,SmoothCondition,LowCongestionCondition,EvenPaceStyle
-0.39996338,12.38489914,7.892558698,37.1209806,-1.12590027,-0.5,34.11764908,868.0,5.739999771,0.266,18.16728401,SmoothCondition,LowCongestionCondition,EvenPaceStyle
-0.10003662,12.61007977,7.817498696,36.05128379,0.22518063,-0.355,49.80392075,929.0,8.880000114,0.355,18.18476677,SmoothCondition,LowCongestionCondition,EvenPaceStyle
0.0,13.51079941,7.892558683,36.57094893,0.90071964,-0.371,44.70588303,1008.0,8.130000114,0.363,18.18447876,SmoothCondition,LowCongestionCondition,EvenPaceStyle
-0.09997559,14.8618803,8.065196686,37.16922302,1.35108089,-0.383,56.47058868,1129.0,10.55000019,0.352,18.19489288,SmoothCondition,LowCongestionCondition,EvenPaceStyle
0.0,21.61728096,8.977175657,40.07575322,2.47698212,-0.441,41.5686264,1584.0,14.64999962,0.418,18.18994522,SmoothCondition,LowCongestionCondition,EvenPaceStyle
0.20001221,23.86907959,9.374993651,42.30767814,2.25179863,-0.477,33.72549057,1740.0,15.96000004,0.395,18.19245529,SmoothCondition,LowCongestionCondition,EvenPaceStyle
0.39996338,25.67051888,9.802835632,45.13260545,1.80143929,-0.461,16.86274529,1852.0,13.55000019,0.426,18.18307877,SmoothCondition,LowCongestionCondition,EvenPaceStyle
0.29998779,26.3460598,10.24193663,47.94640372,0.67554092,-0.512,21.56862831,1859.0,12.5,0.441,18.18578339,SmoothCondition,LowCongestionCondition,EvenPaceStyle
0.10003662,24.99497986,10.65851963,49.68102296,-1.35107994,-0.562,25.49019623,1844.0,12.31999969,0.512,18.17778969,SmoothCondition,LowCongestionCondition,EvenPaceStyle
0.19995118,26.79641914,11.51795658,52.86803977,2.02662086,-0.566,18.8235302,1944.0,14.06999969,0.516,18.05985451,SmoothCondition,LowCongestionCondition,EvenPaceStyle
0.20001221,21.39209938,12.91782556,58.40641378,-2.47698021,-0.363,17.64705849,1499.0,10.11999989,0.457,17.839674,UnevenCondition,LowCongestionCondition,AggressiveStyle
0.2000122,20.49137878,13.10172254,59.14126431,-0.9007206,-0.277,0.0,1350.0,12.55000019,0.402,17.82756042,UnevenCondition,LowCongestionCondition,EvenPaceStyle
1.7999878,93.22451782,43.27208899,706.8561148,0.90071869,-0.715,73.72549438,2286.0,41.90000153,0.941,18.9969883,SmoothCondition,LowCongestionCondition,EvenPaceStyle
2.60003662,93.67487335,44.4242599,742.6200581,0.45035553,-0.84,74.11764526,2296.0,43.25,0.926,18.97098923,SmoothCondition,LowCongestionCondition,EvenPaceStyle
1.90002441,94.80077362,46.69107178,811.8444973,0.45035553,-0.746,45.09804153,2305.0,35.06999969,0.867,19.04587555,SmoothCondition,LowCongestionCondition,EvenPaceStyle
2.09997559,94.35041809,47.81321877,842.5050447,-0.45035553,-0.785,43.92156982,2293.0,34.18999863,0.727,19.04210091,SmoothCondition,LowCongestionCondition,EvenPaceStyle
2.70001221,93.67487335,48.95788366,867.9966357,-0.67554474,-0.805,4.705882549,2291.0,40.86000061,0.555,19.10909462,SmoothCondition,LowCongestionCondition,EvenPaceStyle
3.59997559,90.97271729,51.23595452,905.3801657,-2.70215606,-0.687,33.72549057,2196.0,33.86000061,0.645,19.16085052,SmoothCondition,LowCongestionCondition,EvenPaceStyle
3.5,89.84681702,52.33183049,916.9406815,-1.12590027,-0.691,67.45098114,2198.0,41.97999954,0.637,19.16953659,SmoothCondition,LowCongestionCondition,EvenPaceStyle
3.79998779,90.29718018,53.4389655,926.3931343,0.45036316,-0.766,86.66667175,2225.0,49.38999939,0.59,19.25026321,SmoothCondition,LowCongestionCondition,EvenPaceStyle
4.7000122,92.54897308,55.71328336,940.6110989,1.57625579,-0.684,96.47058868,2300.0,53.72000122,0.617,19.47605133,SmoothCondition,LowCongestionCondition,EvenPaceStyle
5.70001221,94.12523651,56.90298432,945.7556257,1.57626343,-0.719,91.37255096,2329.0,45.18999863,0.574,19.56921959,SmoothCondition,LowCongestionCondition,EvenPaceStyle
6.2000122,95.47631836,58.14147433,947.7692562,1.35108185,-0.805,87.05882263,2344.0,43.20000076,0.523,19.65530777,SmoothCondition,LowCongestionCondition,EvenPaceStyle
6.59997558,96.15185547,59.39122329,947.4973731,0.67553711,-0.84,70.19608307,2355.0,40.16999817,0.437,19.6717205,SmoothCondition,LowCongestionCondition,EvenPaceStyle
7.0,96.37703705,60.64472528,944.3207097,0.22518158,-0.863,80.78431702,2362.0,49.58000183,0.445,19.74119186,SmoothCondition,LowCongestionCondition,EvenPaceStyle
7.40002441,97.27775574,61.92825122,937.7564252,0.90071869,-0.809,97.2549057,2406.0,53.31999969,0.527,19.78663445,SmoothCondition,LowCongestionCondition,EvenPaceStyle
7.70001221,98.62883759,63.2530602,927.7702733,1.35108185,-0.867,93.72549438,2431.0,55.02000046,0.445,19.82567024,SmoothCondition,LowCongestionCondition,EvenPaceStyle
7.20001221,99.97991943,64.61915218,914.0474499,1.35108184,-0.852,94.90196228,2468.0,55.04000092,0.449,19.85376167,SmoothCondition,LowCongestionCondition,EvenPaceStyle
7.39996338,101.1058121,66.00400904,897.8475136,1.12589267,-0.84,87.84313965,2487.0,52.86999893,0.473,19.96707535,SmoothCondition,LowCongestionCondition,EvenPaceStyle
7.5,102.23172,67.41513709,878.2973312,1.1259079,-0.809,86.27451324,2509.0,51.56999969,0.52,20.02174187,SmoothCondition,LowCongestionCondition,EvenPaceStyle
7.29998779,103.1324463,68.87130119,852.5433779,0.9007263,-0.785,80.39215851,2535.0,50.11000061,0.555,19.98701096,SmoothCondition,LowCongestionCondition,EvenPaceStyle
7.40002442,104.0331573,70.36499515,820.9606839,0.900711,-0.773,75.6862793,2529.0,41.75999832,0.559,19.88152504,SmoothCondition,LowCongestionCondition,EvenPaceStyle
7.70001221,104.2583389,71.86619514,784.6471467,0.2251816,-0.859,38.82352829,2509.0,34.91999817,0.293,19.73968887,SmoothCondition,LowCongestionCondition,EvenPaceStyle
7.79998779,102.9072571,73.3486301,741.9132076,-1.3510818,-0.734,13.72549057,2458.0,22.44000053,0.313,19.51931381,SmoothCondition,LowCongestionCondition,EvenPaceStyle
7.59997559,100.8806381,74.77101707,696.0570092,-2.026619,-0.687,16.07843208,2398.0,19.53000069,0.383,19.28334618,SmoothCondition,LowCongestionCondition,EvenPaceStyle
7.29998779,98.62883759,76.10333204,650.5926795,-2.25180051,-0.664,21.56862831,2362.0,18.82999992,0.305,19.04166412,SmoothCondition,LowCongestionCondition,EvenPaceStyle
7.79998779,97.05257416,77.35683394,606.5308584,-1.57626343,-0.695,0.0,2317.0,18.86000061,0.172,18.82486343,SmoothCondition,LowCongestionCondition,EvenPaceStyle
7.40002441,95.25113678,78.52776988,564.093178,-1.80143738,-0.645,40.7843132,2304.0,32.0,0.156,18.7297821,SmoothCondition,LowCongestionCondition,EvenPaceStyle
6.2999878,94.80077362,79.6574228,522.3195856,-0.45036316,-0.648,67.84313965,2329.0,47.45999908,0.121,18.67716217,SmoothCondition,LowCongestionCondition,EvenPaceStyle
5.40002441,95.70149994,80.77581679,481.2227243,0.90072632,-0.609,72.54901886,2357.0,47.79000092,0.113,18.62342262,SmoothCondition,LowCongestionCondition,EvenPaceStyle
4.0,97.50293732,81.90922276,440.0933159,1.80143738,-0.57,66.27451324,2387.0,38.34999847,-0.0234,18.54057503,SmoothCondition,LowCongestionCondition,EvenPaceStyle
3.0,98.40365601,83.05764071,396.806179,0.90071869,-0.504,32.54901886,2385.0,26.70999908,-0.0507,18.41049385,SmoothCondition,LowCongestionCondition,EvenPaceStyle
2.09997559,98.17847443,84.16477559,354.8173638,-0.22518158,-0.473,34.50980377,2377.0,23.5,-0.0546,18.25631142,SmoothCondition,LowCongestionCondition,EvenPaceStyle
1.80004882,97.7281189,85.21936862,314.917833,-0.45035553,-0.289,39.60784531,2375.0,24.48999977,-0.0156,18.11205101,SmoothCondition,LowCongestionCondition,EvenPaceStyle
-0.5,95.92667389,87.23472958,234.408298,-1.80144501,-0.187,30.98039246,2313.0,29.53000069,-0.199,17.84936142,SmoothCondition,LowCongestionCondition,EvenPaceStyle
-1.29998779,95.25113678,88.13544954,198.7662567,-0.67553711,-0.129,61.17647171,2343.0,39.56000137,-0.176,17.79257774,SmoothCondition,LowCongestionCondition,EvenPaceStyle
-1.20001221,96.37703705,88.9911335,167.6887898,1.12590027,-0.043,56.47058868,2311.0,25.71999931,-0.266,17.64837456,SmoothCondition,LowCongestionCondition,EvenPaceStyle
-1.79998779,91.64825439,90.96896439,103.6559969,-2.47698212,0.141,37.25490189,2233.0,36.79999924,-0.402,17.2844696,SmoothCondition,LowCongestionCondition,EvenPaceStyle
-2.09997559,91.8734436,91.43433647,91.07734963,0.22518921,0.0937,74.11764526,2267.0,45.52999878,-0.387,17.22826195,SmoothCondition,LowCongestionCondition,EvenPaceStyle
-2.60003662,93.90005493,91.93348541,78.12486685,2.02661133,0.145,90.19608307,2328.0,52.38000107,-0.109,17.20043182,SmoothCondition,LowCongestionCondition,EvenPaceStyle
0.10003662,20.26619911,21.11437722,56.16572199,-0.90071869,-0.363,12.15686321,1388.0,8.840000153,-0.0703,18.82375908,SmoothCondition,LowCongestionCondition,EvenPaceStyle
0.29998779,19.14029884,21.21195521,55.18328561,-1.12590027,-0.391,17.25490189,1306.0,7.429999828,-0.0273,18.81604576,SmoothCondition,LowCongestionCondition,EvenPaceStyle
0.0,18.01440048,21.28326221,54.40411731,-1.12589836,-0.195,23.52941132,1263.0,7.699999809,-0.0625,18.81357002,SmoothCondition,LowCongestionCondition,EvenPaceStyle
-0.2999878,17.56403732,21.34331022,53.84996044,-0.45036316,0.0,15.29411793,1148.0,10.56999969,-0.16,18.84854126,SmoothCondition,LowCongestionCondition,EvenPaceStyle
0.0,15.76259995,21.29452123,54.25608127,-1.80143737,0.0078,15.68627453,1037.0,6.25,-0.207,18.86634636,SmoothCondition,LowCongestionCondition,EvenPaceStyle
0.19995118,14.41152,21.17817824,55.04513284,-1.35107995,0.0312,30.19607925,1013.0,6.489999771,-0.219,18.8788147,SmoothCondition,LowCongestionCondition,EvenPaceStyle
0.7000122,14.18633938,21.03556424,55.81151008,-0.22518062,0.0117,26.27450943,1046.0,6.510000229,-0.215,18.92148399,SmoothCondition,LowCongestionCondition,EvenPaceStyle
1.20001221,13.96115971,20.87043224,56.49595543,-0.22517967,-0.0898,42.35294342,1084.0,9.069999695,-0.105,19.0039444,SmoothCondition,LowCongestionCondition,EvenPaceStyle
1.2999878,15.53741932,20.73532423,56.8290682,1.57625961,-0.184,56.47058868,1265.0,14.42000008,-0.0664,19.07356453,SmoothCondition,LowCongestionCondition,EvenPaceStyle
1.29998779,18.6899395,20.63399325,56.61365362,3.15252018,-0.273,58.4313736,1491.0,17.61000061,-0.0234,19.15277672,SmoothCondition,LowCongestionCondition,EvenPaceStyle
1.5,21.84246063,20.58145127,56.31325615,3.15252113,-0.402,47.45098114,1721.0,17.30999947,-0.0547,19.2200489,SmoothCondition,LowCongestionCondition,EvenPaceStyle
1.59997559,24.99497986,20.57769827,56.27869302,3.15251923,-0.496,39.60784531,1896.0,18.48999977,-0.043,19.31438828,SmoothCondition,LowCongestionCondition,EvenPaceStyle
1.2999878,27.02159882,20.60021627,56.54236436,2.02661896,-0.562,24.31372643,2010.0,15.43000031,0.0117,19.2721653,SmoothCondition,LowCongestionCondition,EvenPaceStyle
1.10003662,29.49857903,20.67152329,57.59311121,0.90071869,-0.594,17.64705849,2080.0,15.10999966,0.137,19.1042366,SmoothCondition,LowCongestionCondition,EvenPaceStyle
-0.09997559,31.75038147,20.72781831,58.67190397,2.25180244,-0.668,44.31372452,2431.0,25.47999954,0.211,19.07771111,SmoothCondition,LowCongestionCondition,EvenPaceStyle
-0.10003662,34.45253754,20.80287829,60.41768063,2.70215607,-0.738,0.784313738,1548.0,17.98999977,0.262,19.03483963,SmoothCondition,LowCongestionCondition,AggressiveStyle
0.10003662,34.90289688,20.87793825,62.22075151,0.45035934,-0.902,74.11764526,1612.0,22.60000038,0.293,19.05041313,SmoothCondition,LowCongestionCondition,AggressiveStyle
0.39996338,37.83023834,20.99052824,65.31639745,2.92734146,-1.03,80.39215851,1752.0,29.10000038,0.348,19.09609795,SmoothCondition,LowCongestionCondition,AggressiveStyle
0.5,41.20793915,21.15941325,70.49163573,3.37770081,-1.12,78.8235321,1923.0,35.20999908,0.371,19.1261158,SmoothCondition,LowCongestionCondition,AggressiveStyle
1.0,45.0359993,21.41086427,78.78048239,3.82806015,-1.25,74.50980377,2073.0,41.36999893,0.469,19.16274834,SmoothCondition,LowCongestionCondition,AggressiveStyle
1.5,49.08923721,21.74488126,90.66300984,4.05323791,-1.35,100.0,2294.0,61.22999954,0.684,19.22135925,SmoothCondition,LowCongestionCondition,AggressiveStyle
2.10003662,60.12305832,22.68313123,130.8505471,5.85467911,-1.47,73.72549438,2717.0,43.74000168,0.719,19.31448364,SmoothCondition,LowCongestionCondition,AggressiveStyle
2.59997559,63.95111847,23.26484624,158.6849353,3.82806015,-1.52,0.0,2063.0,30.52000046,0.742,19.31810951,SmoothCondition,LowCongestionCondition,AggressiveStyle
2.10003662,69.35543823,25.4340801,249.2028121,2.92734527,-1.42,59.60784531,2233.0,36.27999878,0.773,19.38048363,SmoothCondition,LowCongestionCondition,EvenPaceStyle
2.09997559,71.15688324,26.35731816,282.1840848,1.80144501,-1.37,45.09804153,2261.0,34.40999985,0.746,19.34568787,SmoothCondition,LowCongestionCondition,EvenPaceStyle
2.0,72.50795746,27.39314611,312.8541851,1.35107422,-1.29,59.2156868,2311.0,35.70000076,0.805,19.31498909,SmoothCondition,LowCongestionCondition,EvenPaceStyle
1.5,73.85903931,28.5227991,340.4517461,1.35108185,-1.22,49.80392075,2358.0,32.18999863,0.855,19.25830841,SmoothCondition,LowCongestionCondition,EvenPaceStyle
1.20001221,75.21012115,29.69373513,366.5864981,1.35108184,-1.2,72.54901886,2415.0,45.66999817,0.914,19.24210167,SmoothCondition,LowCongestionCondition,EvenPaceStyle
0.09997558,82.86624146,33.5067832,445.6592737,3.15251923,-1.36,88.62744904,2681.0,58.34999847,0.957,19.31761551,SmoothCondition,LowCongestionCondition,EvenPaceStyle
0.2000122,85.34321594,34.78280315,479.1848358,2.47697448,-1.3,58.8235321,2422.0,27.98999977,1.02,19.20437622,SmoothCondition,LowCongestionCondition,EvenPaceStyle
0.19995118,86.46912384,36.03630522,513.4870456,1.1259079,-1.25,14.90196133,2066.0,34.25,1.03,19.14217186,SmoothCondition,LowCongestionCondition,EvenPaceStyle
0.40002441,86.01875305,37.23726511,546.1039059,-0.45037079,-1.12,91.37255096,2122.0,47.99000168,1.07,19.11894226,SmoothCondition,LowCongestionCondition,EvenPaceStyle
0.90002441,86.24394226,39.59790203,605.173609,0.22518921,-1.0,83.13725281,2208.0,41.91999817,1.05,19.03806686,SmoothCondition,LowCongestionCondition,EvenPaceStyle
0.29998779,89.84681702,40.82138,637.3560655,3.60287476,-0.926,80.0,2243.0,40.86000061,1.03,19.04457092,SmoothCondition,LowCongestionCondition,EvenPaceStyle
0.79998779,92.32379913,42.07112899,671.3790834,2.47698211,-0.805,76.86274719,2273.0,41.04999924,0.934,19.02407646,SmoothCondition,LowCongestionCondition,EvenPaceStyle
4.2999878,99.30437469,101.4098094,3.93758744,-0.90071871,-0.16,38.4313736,1986.0,22.20999908,0.559,11.44390202,SmoothCondition,LowCongestionCondition,EvenPaceStyle
4.0,98.85401917,101.3009724,3.768523737,-0.45035552,-0.242,38.82352829,1977.0,19.89999962,0.441,11.3727951,SmoothCondition,LowCongestionCondition,EvenPaceStyle
3.4000244,98.40365601,101.2184063,3.832178185,-0.45036316,-0.199,22.74509811,1970.0,19.18000031,0.379,11.29640388,SmoothCondition,LowCongestionCondition,EvenPaceStyle
3.0,98.17847443,101.1621113,3.983651918,-0.22518158,-0.0937,28.23529434,1958.0,13.30000019,0.363,11.17654896,SmoothCondition,LowCongestionCondition,EvenPaceStyle
3.2000122,97.27775574,101.1133223,4.221440274,-0.90071869,-0.0273,4.313725471,1939.0,15.5,0.352,11.07450294,SmoothCondition,LowCongestionCondition,EvenPaceStyle
2.9000244,95.92667389,101.0345094,4.667524772,-1.35108185,-0.0156,54.50980377,1921.0,19.70000076,0.324,11.0044136,SmoothCondition,LowCongestionCondition,EvenPaceStyle
2.2000122,95.47631836,100.9406845,5.182104722,-0.45035553,-0.0703,74.90196228,1937.0,28.67000008,0.187,10.96939564,SmoothCondition,LowCongestionCondition,EvenPaceStyle
1.9000244,96.37703705,100.8468594,5.506895026,0.90071869,-0.109,74.50980377,1966.0,35.45000076,0.0937,10.95786858,SmoothCondition,LowCongestionCondition,EvenPaceStyle
1.7000122,97.7281189,100.7642934,5.607733936,1.35108185,-0.16,85.49019623,2001.0,38.72000122,0.082,10.94015408,SmoothCondition,LowCongestionCondition,EvenPaceStyle
1.0999756,99.07919312,100.7117513,5.616557357,1.35107422,-0.223,76.07843018,2027.0,42.79000092,0.0469,10.92522526,SmoothCondition,LowCongestionCondition,EvenPaceStyle
0.0999756,100.2050934,100.6704683,5.55337545,1.12590028,-0.27,76.47058868,2023.0,40.99000168,-0.16,10.91614723,SmoothCondition,LowCongestionCondition,EvenPaceStyle
0.0,101.7813492,100.6441971,5.451203593,1.5762558,-0.215,1.176470637,2022.0,26.34000015,-0.164,10.88403606,SmoothCondition,LowCongestionCondition,EvenPaceStyle
-0.2999878,101.1058121,100.595408,5.257732654,-0.6755371,-0.277,31.76470566,2016.0,27.04999924,-0.23,10.85373116,SmoothCondition,LowCongestionCondition,EvenPaceStyle
-0.9000244,100.6554489,100.5391129,5.054263775,-0.4503632,-0.258,67.45098114,2023.0,28.95999908,-0.246,10.83310413,SmoothCondition,LowCongestionCondition,EvenPaceStyle
-1.0999756,100.8806381,100.4978298,4.91986375,0.2251892,-0.199,68.62744904,2038.0,39.11999893,-0.113,10.79498386,SmoothCondition,LowCongestionCondition,EvenPaceStyle
-0.5999756,102.9072571,100.486571,4.87745171,0.9007111,-0.238,76.07843018,2094.0,37.54999924,-0.156,10.76888466,SmoothCondition,LowCongestionCondition,EvenPaceStyle
-0.5,104.0331573,100.505336,4.990967399,1.1259002,-0.305,55.68627548,2093.0,32.79999924,-0.105,10.74507713,SmoothCondition,LowCongestionCondition,EvenPaceStyle
0.9000244,104.933876,100.53536,5.222668082,0.2251739,-0.324,69.80392456,2120.0,32.72000122,0.0195,10.73289013,SmoothCondition,LowCongestionCondition,EvenPaceStyle
1.2000122,105.3842392,100.561631,5.438942749,0.4503632,-0.254,41.96078491,2115.0,40.34999847,0.0976,10.71867085,SmoothCondition,LowCongestionCondition,EvenPaceStyle
1.4000244,104.933876,100.6929862,6.155488614,-0.6755448,-0.219,66.27451324,2114.0,36.34000015,0.258,10.68657494,SmoothCondition,LowCongestionCondition,EvenPaceStyle
1.6999512,105.3842392,100.7567872,6.511734801,0.4503632,-0.262,64.70588684,2128.0,38.70999908,0.301,10.67816067,SmoothCondition,LowCongestionCondition,EvenPaceStyle
1.4000244,106.0597763,100.8280944,6.965410792,0.6755371,-0.293,66.27451324,2136.0,36.20000076,0.305,10.66670132,SmoothCondition,LowCongestionCondition,EvenPaceStyle
0.5999756,106.2849579,100.9106604,7.45889253,0.2251816,-0.27,63.92156982,2132.0,34.61000061,0.375,10.65205479,SmoothCondition,LowCongestionCondition,EvenPaceStyle
0.0999756,106.735321,101.0157445,8.018779657,0.4503631,-0.262,41.96078491,2138.0,31.01000023,0.383,10.63044643,SmoothCondition,LowCongestionCondition,EvenPaceStyle
0.0,106.5101395,101.1245815,8.500215468,-0.2251815,-0.207,41.5686264,2130.0,25.97999954,0.418,10.59661961,SmoothCondition,LowCongestionCondition,EvenPaceStyle
-0.1999512,107.6360397,101.402304,10.03377315,1.1259002,-0.184,81.5686264,2159.0,39.40999985,0.578,10.5821619,SmoothCondition,LowCongestionCondition,EvenPaceStyle
-0.2000122,108.0863953,101.5036348,10.7743815,0.4503556,-0.207,98.03921509,2184.0,44.29999924,0.633,10.59988308,SmoothCondition,LowCongestionCondition,EvenPaceStyle
-0.3999634,108.5367584,101.6424959,11.56457937,0.4503631,-0.258,82.35294342,2211.0,49.70999908,0.602,10.60844994,SmoothCondition,LowCongestionCondition,EvenPaceStyle
-0.2999878,109.8878403,101.788863,12.69021115,1.3510819,-0.27,83.52941132,2223.0,44.18999863,0.645,10.60221577,SmoothCondition,LowCongestionCondition,EvenPaceStyle
0.2999878,110.7885513,101.9727599,13.95847624,0.900711,-0.277,70.98039246,2230.0,42.33000183,0.559,10.58893299,SmoothCondition,LowCongestionCondition,EvenPaceStyle
1.7999878,110.5633774,102.9785637,18.44409102,-0.2251739,-0.344,71.37255096,2211.0,35.29000092,0.398,10.49964333,SmoothCondition,LowCongestionCondition,EvenPaceStyle
2.2000122,110.3381958,103.1924847,18.80741254,-0.2251816,-0.379,39.2156868,2200.0,38.86000061,0.316,10.48458385,SmoothCondition,LowCongestionCondition,EvenPaceStyle
2.5999756,109.8878403,103.4026527,18.9293368,-0.4503555,-0.32,30.58823586,2172.0,31.20000076,0.359,10.45671749,SmoothCondition,LowCongestionCondition,EvenPaceStyle
3.2999878,108.76194,103.5903028,18.79039723,-1.1259003,-0.281,34.90196228,2158.0,24.48999977,0.309,10.41302681,SmoothCondition,LowCongestionCondition,EvenPaceStyle
-0.4000244,102.6820755,111.2989648,35.82745226,-0.2251816,0.234,67.05882263,2073.0,37.59999847,0.219,12.93057442,SmoothCondition,LowCongestionCondition,EvenPaceStyle
-0.2999878,102.9072571,111.0887969,36.67450117,0.2251816,0.242,68.23529816,2077.0,38.97999954,0.277,12.88376999,SmoothCondition,LowCongestionCondition,EvenPaceStyle
-0.0999756,103.5828018,110.889888,37.25677467,0.6755447,0.203,79.21569061,2098.0,42.81999969,0.324,12.84032059,SmoothCondition,LowCongestionCondition,EvenPaceStyle
0.0,104.2583389,110.7022381,37.6034092,0.6755371,0.207,8.235294342,2080.0,25.57999992,0.277,12.76230621,SmoothCondition,LowCongestionCondition,EvenPaceStyle
0.0999756,103.8079758,110.4920701,37.81035974,-0.4503631,0.16,0.0,2090.0,26.76000023,0.305,12.68878078,SmoothCondition,LowCongestionCondition,EvenPaceStyle
0.0,101.5561752,109.7076928,39.16706166,0.4503631,0.0273,50.98039246,2051.0,34.09999847,0.227,12.55856895,SmoothCondition,LowCongestionCondition,EvenPaceStyle
0.0999756,99.97991943,108.5254976,37.67273743,-0.45035557,0.187,70.19608307,2016.0,32.25999832,0.344,12.33874798,SmoothCondition,LowCongestionCondition,EvenPaceStyle
0.2000122,100.6554489,108.2177513,36.72370306,0.67552947,0.113,69.41176605,2031.0,37.81999969,0.25,12.29189968,SmoothCondition,LowCongestionCondition,EvenPaceStyle
0.4000244,101.7813492,107.6623072,34.65043262,0.6755371,0.156,37.64706039,1989.0,35.52000046,0.164,12.27150917,SmoothCondition,LowCongestionCondition,EvenPaceStyle
0.7000122,102.006546,107.4146093,33.69371739,0.2251968,0.148,0.0,2001.0,25.52000046,0.125,12.22716045,SmoothCondition,LowCongestionCondition,EvenPaceStyle
1.0,100.2050934,107.1518992,33.26457862,-1.8014526,0.18,45.09804153,1986.0,23.35000038,0.227,12.17956161,SmoothCondition,LowCongestionCondition,EvenPaceStyle
1.0999756,101.1058121,106.9192132,32.76726074,0.9007187,0.0625,70.98039246,1989.0,31.35000038,0.121,12.15918732,SmoothCondition,LowCongestionCondition,EvenPaceStyle
1.3000488,99.75473785,106.1911313,32.1464167,0.2251892,0.117,33.72549057,1982.0,30.81999969,0.23,12.11702156,SmoothCondition,LowCongestionCondition,EvenPaceStyle
1.4000244,97.7281189,105.6957352,32.27154646,-1.35107422,0.184,69.80392456,1964.0,27.13999939,0.238,12.03700352,SmoothCondition,LowCongestionCondition,EvenPaceStyle
1.6999512,97.27775574,105.4255192,32.36848995,-0.45036316,0.0703,72.15686035,1953.0,35.24000168,0.262,12.0243206,SmoothCondition,LowCongestionCondition,EvenPaceStyle
1.7999878,97.50293732,105.1553032,32.19316698,0.22518158,-0.0039,41.96078491,1964.0,35.34999847,0.195,12.01211452,SmoothCondition,LowCongestionCondition,EvenPaceStyle
2.1999512,97.27775574,104.8775813,31.85822253,-0.22518158,0.043,63.52941132,1950.0,33.11000061,0.277,11.99381447,SmoothCondition,LowCongestionCondition,EvenPaceStyle
2.7000122,97.50293732,104.5961062,31.16530978,0.22518158,0.0039,71.76470947,1953.0,29.47999954,0.281,11.97351456,SmoothCondition,LowCongestionCondition,EvenPaceStyle
3.0,97.27775574,104.3033722,30.20670781,-0.22518158,-0.0781,100.0,1989.0,36.15999985,0.305,11.96485329,SmoothCondition,LowCongestionCondition,EvenPaceStyle
3.2999878,98.17847443,104.0106382,28.53753456,0.90071869,-0.156,81.17647552,2011.0,44.91999817,0.375,11.96598339,SmoothCondition,LowCongestionCondition,EvenPaceStyle
3.3999634,99.52954865,103.7254099,26.09035113,1.35107422,-0.187,91.76470947,2045.0,42.13999939,0.402,11.94895172,SmoothCondition,LowCongestionCondition,EvenPaceStyle
3.8999634,102.23172,103.2112489,19.91772124,1.1259079,-0.16,65.49019623,2055.0,34.25,0.516,11.92882538,SmoothCondition,LowCongestionCondition,EvenPaceStyle
4.1000366,102.4569016,102.986069,17.11771631,0.2251816,-0.145,41.96078491,2040.0,36.77999878,0.5,11.91428661,SmoothCondition,LowCongestionCondition,EvenPaceStyle
4.2000122,101.7813492,102.592004,12.98796966,-0.4503708,-0.16,77.2549057,2043.0,28.79000092,0.621,11.82915306,SmoothCondition,LowCongestionCondition,EvenPaceStyle
4.4000244,101.5561752,102.4343779,11.77875842,-0.225174,-0.25,85.09803772,2063.0,39.95000076,0.602,11.79873657,SmoothCondition,LowCongestionCondition,EvenPaceStyle
4.6000366,102.4569016,102.321788,10.98722879,0.9007264,-0.211,51.76470566,2061.0,42.04999924,0.617,11.77592373,SmoothCondition,LowCongestionCondition,EvenPaceStyle
5.0999756,103.1324463,102.2354692,10.38269558,0.6755447,-0.176,63.92156982,2065.0,32.79999924,0.695,11.73956108,SmoothCondition,LowCongestionCondition,EvenPaceStyle
5.2999878,102.9072571,102.1416442,9.708405156,-0.2251892,-0.195,61.56863022,2077.0,37.5,0.652,11.7196331,SmoothCondition,LowCongestionCondition,EvenPaceStyle
5.0999756,103.1324463,102.0478193,8.973238804,0.2251892,-0.258,64.70588684,2083.0,38.81000137,0.684,11.70367718,SmoothCondition,LowCongestionCondition,EvenPaceStyle
4.7000122,100.2050934,101.5599294,4.646898914,-2.7021637,-0.176,43.13725662,2043.0,18.05999947,0.551,11.50087547,SmoothCondition,LowCongestionCondition,EvenPaceStyle
0.8999634,42.10865784,53.82552436,152.8365,2.02661896,0.504,70.58823395,1359.0,16.86000061,-0.0312,10.02932167,SmoothCondition,LowCongestionCondition,EvenPaceStyle
0.5,44.36046219,53.37141129,148.7860702,2.25180435,0.418,62.35294342,1433.0,18.37999916,0.0078,10.04110432,SmoothCondition,LowCongestionCondition,EvenPaceStyle
-0.1000366,46.61225891,53.01487633,145.8019351,2.25179672,0.391,34.11764908,1505.0,19.29999924,0.0234,10.06935596,SmoothCondition,LowCongestionCondition,EvenPaceStyle
0.0999756,48.86405945,52.73715442,143.3619166,2.25180054,0.352,0.0,1496.0,15.68999958,-0.0273,10.07740021,SmoothCondition,LowCongestionCondition,EvenPaceStyle
-0.0999756,47.28779984,52.37686637,142.8297606,-0.6755371,0.305,21.17647171,1458.0,15.35000038,-0.0859,10.06500912,SmoothCondition,LowCongestionCondition,EvenPaceStyle
0.0,45.71154022,52.3168184,143.4201274,-1.57625962,0.332,29.80392265,1462.0,11.48999977,-0.0117,10.04952049,SmoothCondition,LowCongestionCondition,EvenPaceStyle
-0.1000366,47.06261826,52.54199832,138.8290848,0.90071869,0.25,27.45098114,1482.0,9.659999847,-0.0977,9.994290352,SmoothCondition,LowCongestionCondition,EvenPaceStyle
-0.9000244,47.28779984,52.99235837,127.5156226,0.22518158,0.203,13.72549057,1468.0,10.89000034,0.0352,9.920936584,SmoothCondition,LowCongestionCondition,EvenPaceStyle
-1.0999756,46.61225891,53.24380935,120.3304212,-0.67554093,0.102,34.50980377,1469.0,9.579999924,0.125,9.884628296,SmoothCondition,LowCongestionCondition,EvenPaceStyle
-0.1000366,47.28779984,53.83303032,101.9790358,0.45036316,-0.184,32.94117737,1482.0,10.93000031,0.0938,9.846840858,SmoothCondition,LowCongestionCondition,EvenPaceStyle
1.1000366,46.83743668,54.2646253,90.0409887,-0.45036316,-0.324,23.52941132,1445.0,12.72000027,0.172,9.820435524,SmoothCondition,LowCongestionCondition,EvenPaceStyle
1.3000488,45.9367218,54.41849836,86.66203234,-0.22517777,-0.215,24.70588303,1438.0,9.199999809,0.0859,9.724177361,SmoothCondition,LowCongestionCondition,EvenPaceStyle
1.2999878,45.48635864,54.43351034,86.37532885,-0.45036316,-0.0742,14.50980377,1414.0,12.14000034,0.0625,9.710859299,SmoothCondition,LowCongestionCondition,EvenPaceStyle
2.2000122,43.45973969,54.32467334,88.21580001,-1.57625961,0.109,13.33333397,1307.0,12.39000034,-0.0156,9.698824883,SmoothCondition,LowCongestionCondition,EvenPaceStyle
1.9000244,42.10865784,54.15203533,90.65633596,-1.35108185,0.195,0.0,1224.0,11.76000023,-0.0469,9.689186096,SmoothCondition,LowCongestionCondition,EvenPaceStyle
1.2999878,39.63167572,53.88181928,94.10709755,-2.47698212,0.133,23.52941132,1207.0,11.36999989,-0.0586,9.690116882,SmoothCondition,LowCongestionCondition,EvenPaceStyle
0.1999512,38.28059769,53.54404926,97.74761903,-1.35107803,0.105,76.07843018,1257.0,12.97000027,0.0195,9.708657265,SmoothCondition,LowCongestionCondition,EvenPaceStyle
0.5,39.85686111,53.21003234,100.1251437,1.57626342,0.0312,69.41176605,1314.0,15.64000034,0.043,9.775452614,SmoothCondition,LowCongestionCondition,EvenPaceStyle
0.5999756,41.65829849,52.90603937,101.5348147,1.80143738,0.0547,51.37255096,1352.0,9.920000076,0.0586,9.785430908,SmoothCondition,LowCongestionCondition,EvenPaceStyle
0.0999756,43.00937653,52.62456436,102.2857377,1.35107804,0.129,20.7843132,1329.0,11.32999992,0.0664,9.805996895,SmoothCondition,LowCongestionCondition,EvenPaceStyle
-0.2000122,42.78419876,52.34308936,103.004431,-0.22517777,0.297,0.0,1297.0,12.35999966,0.082,9.865122795,SmoothCondition,LowCongestionCondition,EvenPaceStyle
-1.3999634,25.22015953,49.71223653,115.7014666,-3.15251923,0.945,19.6078434,944.0,5.039999962,-0.383,9.891846657,SmoothCondition,LowCongestionCondition,EvenPaceStyle
-0.8999634,12.15971947,47.96333857,143.8693243,-5.17914009,0.933,25.09803963,884.0,4.949999809,-0.391,9.890902519,SmoothCondition,LowCongestionCondition,EvenPaceStyle
-0.5,11.25899982,47.02508868,159.3031542,-0.90071965,1.12,23.52941132,870.0,5.239999771,-0.441,9.896657944,SmoothCondition,LowCongestionCondition,EvenPaceStyle
0.2999878,8.331659317,46.03054373,176.213402,-2.927340503,1.19,27.05882454,847.0,5.53000021,-0.465,9.935946465,SmoothCondition,LowCongestionCondition,EvenPaceStyle
1.2000122,7.881299973,39.71799813,295.2072298,7.881299973,0.746,47.45098114,1776.0,13.36999989,-0.285,10.06259155,SmoothCondition,LowCongestionCondition,EvenPaceStyle
0.3999634,11.48418045,38.86231416,298.9237236,3.602880477,0.742,3.921568632,1322.0,23.26000023,-0.266,10.09508133,SmoothCondition,LowCongestionCondition,EvenPaceStyle
1.2999878,22.0676384,38.811063580731144,171.92088758076872,-0.67554092,-0.3632,7.843137264,1464.0,10.93999958,0.121,38.04820633,SmoothCondition,LowCongestionCondition,EvenPaceStyle
-1.5,8.331659317,7.143641055,41.70311497,0.450359344,-0.0508,29.80392265,1076.0,7.050000191,-0.113,32.14852905,SmoothCondition,LowCongestionCondition,EvenPaceStyle
-2.09997559,7.430940151,7.271760713,40.79256907,-0.900719166,0.125,30.19607925,933.0,6.150000095,-0.176,32.18766022,SmoothCondition,LowCongestionCondition,EvenPaceStyle
-2.7000122,6.530220032,7.259192227,40.09856895,-0.900720119,0.1523,35.68627548,899.0,6.349999905,-0.184,32.47353363,SmoothCondition,LowCongestionCondition,EvenPaceStyle
-0.29998779,2.70216012,7.415927689,37.08220526,2.70216012,0.2695,58.8235321,1011.0,11.03999996,-0.109,33.35356903,SmoothCondition,LowCongestionCondition,EvenPaceStyle
0.2000122,5.629499912,7.509752688,36.19520785,2.927339792,0.3125,50.58823776,1362.0,10.72000027,-0.141,33.46312714,SmoothCondition,LowCongestionCondition,EvenPaceStyle
0.09997558,8.331659317,7.648613677,35.23117738,2.702159405,0.289,24.70588303,1389.0,9.680000305,-0.125,33.50493622,SmoothCondition,LowCongestionCondition,EvenPaceStyle
-0.2999878,9.007200241,7.798733681,34.24799612,0.675540924,0.3086,27.84313774,1375.0,9.649999619,-0.0898,33.54312897,SmoothCondition,LowCongestionCondition,EvenPaceStyle
-0.60003662,9.457559586,7.956359674,33.23851644,0.450359345,0.1718,28.23529434,1439.0,10.43000031,-0.0977,33.56208038,SmoothCondition,LowCongestionCondition,EvenPaceStyle
-1.09997558,11.25899982,8.316647674,31.24327727,0.90071964,0.164,26.66666794,1858.0,14.72999954,-0.0156,33.77273178,SmoothCondition,LowCongestionCondition,EvenPaceStyle
-1.39996338,13.06044006,8.534321675,30.40419286,1.80144024,0.2187,22.74509811,1895.0,15.5,-0.0117,33.86481094,SmoothCondition,LowCongestionCondition,EvenPaceStyle
-1.69995118,13.28561974,8.75574867,29.50247069,0.22517968,0.1211,34.11764908,1319.0,11.93000031,-0.0156,33.79281235,SmoothCondition,LowCongestionCondition,EvenPaceStyle
-2.2000122,16.43813896,9.09727165,29.9237747,3.15251922,0.0,66.66666412,1409.0,16.01000023,0.0781,33.45570755,SmoothCondition,LowCongestionCondition,EvenPaceStyle
-2.0,19.36548042,9.262403664,31.68089655,2.92734146,-0.1094,34.90196228,1453.0,10.85999966,0.113,32.95746231,SmoothCondition,LowCongestionCondition,EvenPaceStyle
-1.60003662,20.26619911,9.442547656,33.69951209,0.90071869,-0.1406,16.86274529,1360.0,9.899999619,0.121,32.44767761,SmoothCondition,LowCongestionCondition,EvenPaceStyle
-1.5,19.14029884,9.630197637,35.2163957,-1.12590027,-0.1289,8.235294342,1208.0,10.86999989,0.0859,32.15697479,SmoothCondition,LowCongestionCondition,EvenPaceStyle
-1.90002441,11.70935917,0.311498984,3.051113394,4.728779317,-0.4961,40.7843132,2000.0,19.12000084,0.355,24.95873451,SmoothCondition,LowCongestionCondition,EvenPaceStyle
-2.0,15.76259995,0.574208983,7.025664188,4.05324078,-0.5976,43.52941132,1182.0,13.90999985,0.406,24.97904205,SmoothCondition,LowCongestionCondition,EvenPaceStyle
-2.2000122,16.66331863,0.85193096,11.3290873,0.90071868,-0.7265,61.96078491,1436.0,16.32999992,0.324,24.99056435,SmoothCondition,LowCongestionCondition,EvenPaceStyle
-2.30004882,19.81583786,1.182194924,17.30128258,3.15251923,-0.7109,44.70588303,1572.0,13.65999985,0.437,24.95786858,SmoothCondition,LowCongestionCondition,EvenPaceStyle
-2.60003662,22.0676384,1.549988898,24.53327952,2.25180054,-0.7656,42.35294342,1717.0,16.55999947,0.383,24.94389915,SmoothCondition,LowCongestionCondition,EvenPaceStyle
-2.40002441,23.86907959,1.947806891,32.77469977,1.80144119,-0.7382,44.31372452,1895.0,20.43000031,0.488,24.94999313,SmoothCondition,LowCongestionCondition,EvenPaceStyle
-2.60003662,26.57123947,2.390660882,42.78745063,2.70215988,-0.7538,36.86274719,2050.0,19.40999985,0.543,24.93124008,SmoothCondition,LowCongestionCondition,AggressiveStyle
-2.7000122,28.59786034,2.867291888,54.10052549,2.02662087,-0.7734,34.90196228,2170.0,21.56999969,0.586,24.92419815,SmoothCondition,LowCongestionCondition,AggressiveStyle
-1.29998779,31.52519989,3.895613853,79.30474509,1.35108185,-0.8124,29.01960754,2311.0,19.78000069,0.594,24.85318947,SmoothCondition,LowCongestionCondition,AggressiveStyle
-1.2000122,32.200737,4.432292803,92.33394393,0.67553711,-0.7812,32.54901886,2228.0,20.75,0.586,24.82514191,SmoothCondition,LowCongestionCondition,AggressiveStyle
-0.90002442,33.1014595,4.983983795,105.6223189,0.9007225,-0.832,48.62745285,1448.0,17.30999947,0.629,24.7573967,SmoothCondition,LowCongestionCondition,AggressiveStyle
-0.7999878,33.32663727,5.539427749,118.5029093,0.22517777,-0.8749,70.98039246,1549.0,19.45999908,0.664,24.70289421,SmoothCondition,LowCongestionCondition,AggressiveStyle
-0.7000122,35.8036232,6.136154803,133.1447953,2.47698593,-0.914,63.92156982,1646.0,21.69000053,0.68,24.6546936,SmoothCondition,LowCongestionCondition,AggressiveStyle
-1.0,38.28059769,6.774164764,149.6056328,2.47697449,-0.957,42.74509811,1697.0,16.85000038,0.668,24.54750824,SmoothCondition,LowCongestionCondition,AggressiveStyle
-0.59997558,39.63167572,7.434692693,166.6827326,1.35107803,-0.9491,41.17647171,1734.0,14.39000034,0.699,24.39406586,SmoothCondition,LowCongestionCondition,AggressiveStyle
-0.2999878,40.30722046,8.106479701,183.6022336,0.67554474,-0.9452,33.72549057,1722.0,14.13000011,0.687,24.23899078,SmoothCondition,LowCongestionCondition,EvenPaceStyle
-0.10003662,40.53239822,8.782019671,199.8453509,0.22517776,-0.8164,40.39215851,1760.0,16.05999947,0.656,24.11566544,SmoothCondition,LowCongestionCondition,EvenPaceStyle
0.5,41.43312073,9.472571683,216.1226188,0.90072251,-0.7968,37.64706039,1784.0,13.07999992,0.633,23.93748856,SmoothCondition,LowCongestionCondition,EvenPaceStyle
0.79998779,41.88347626,10.17062962,231.9107549,0.45035553,-0.6523,31.37254906,1789.0,13.78999996,0.582,23.77944565,SmoothCondition,LowCongestionCondition,EvenPaceStyle
1.2999878,42.3338356,11.57425149,260.9799716,0.45035934,-0.4648,31.37254906,1819.0,14.17000008,0.633,23.48617554,SmoothCondition,LowCongestionCondition,EvenPaceStyle
1.80004882,42.55901718,12.28356844,274.4698797,0.22518158,-0.3594,0.0,1808.0,13.59000015,0.68,23.3348484,SmoothCondition,LowCongestionCondition,EvenPaceStyle
2.20001221,41.20793915,12.97036742,285.6127881,-1.35107803,-0.3047,32.54901886,1750.0,13.94999981,0.57,23.2003727,SmoothCondition,LowCongestionCondition,EvenPaceStyle
1.09997558,40.75757599,13.64966036,295.3790965,-0.45036316,-0.1641,0.0,1665.0,15.67000008,0.574,23.10784531,SmoothCondition,LowCongestionCondition,EvenPaceStyle
0.20001221,29.94893837,15.91271918,306.1194468,-2.47698021,0.0508,5.490196228,1220.0,7.789999962,0.344,22.70842552,SmoothCondition,LowCongestionCondition,EvenPaceStyle
-0.2000122,27.92231941,16.37809117,304.0520163,-2.02661896,0.168,46.27450943,1185.0,10.06999969,0.289,22.60099411,SmoothCondition,LowCongestionCondition,EvenPaceStyle
-0.89996338,27.47196007,16.83595717,301.3783481,-0.45035934,0.2461,2.745098114,1109.0,10.17000008,0.293,22.51352882,SmoothCondition,LowCongestionCondition,EvenPaceStyle
-1.30004882,26.3460598,17.27505817,297.9109586,-1.12590027,0.3242,0.0,1001.0,6.590000153,0.234,22.34248924,SmoothCondition,LowCongestionCondition,EvenPaceStyle
-1.7999878,23.64389992,17.66912317,293.3824379,-2.70215988,0.4023,28.23529434,938.0,5.329999924,0.16,22.13861275,SmoothCondition,LowCongestionCondition,EvenPaceStyle
-0.59997558,21.84246063,18.03316418,288.2513748,-1.80143929,0.6093,21.17647171,1017.0,7.679999828,0.0508,22.07433128,SmoothCondition,LowCongestionCondition,EvenPaceStyle
-0.10003662,18.6899395,18.34466317,282.6482299,-3.15252113,0.6757,27.45098114,896.0,4.760000229,0.0547,21.98217773,SmoothCondition,LowCongestionCondition,EvenPaceStyle
-0.09997559,13.51079941,18.56984316,277.2888605,-5.17914009,0.6679,30.98039246,877.0,6.150000095,0.0391,21.94919395,SmoothCondition,LowCongestionCondition,EvenPaceStyle
-1.0,12.15971947,18.77250515,272.0987978,-1.35107994,0.7968,29.41176605,984.0,5.929999828,0.0547,21.92369843,SmoothCondition,LowCongestionCondition,EvenPaceStyle
-1.2999878,11.25899982,18.96015515,267.0468158,-0.90071965,0.9296,28.23529434,880.0,4.920000076,-0.0234,21.91520119,SmoothCondition,LowCongestionCondition,EvenPaceStyle
-1.5,7.881299973,19.09151015,263.0166175,-3.377699847,0.9335,31.37254906,863.0,5.840000153,0.0195,21.98774147,SmoothCondition,LowCongestionCondition,EvenPaceStyle
-1.20001221,3.828059673,19.15531114,260.7834468,-4.0532403,0.7734,32.54901886,907.0,10.02000046,0.0898,21.99364662,SmoothCondition,LowCongestionCondition,EvenPaceStyle
-1.0,3.377699852,19.21160614,258.7803438,-0.450359821,0.6758,73.33333588,1176.0,13.26000023,0.0156,21.98259544,SmoothCondition,LowCongestionCondition,EvenPaceStyle
-1.40002441,7.881299973,19.34296114,254.6829672,4.503600121,0.6211,32.15686417,1412.0,9.710000038,0.0078,21.93159676,SmoothCondition,LowCongestionCondition,EvenPaceStyle
-1.70001221,9.90791893,19.50809312,249.8225225,2.026618957,0.6484,16.47058868,1291.0,7.239999771,0.0312,21.86859703,SmoothCondition,LowCongestionCondition,EvenPaceStyle
-1.5,9.007200241,19.65821312,245.2183003,-0.900718689,0.625,20.0,1103.0,6.059999943,-0.0078,21.82913208,SmoothCondition,LowCongestionCondition,EvenPaceStyle
0.0,0.0,0.0,0.0,0.0,-0.3086,37.25490189,793.0,4.679999828,0.316,20.05983925,SmoothCondition,NormalCongestionCondition,EvenPaceStyle
2.2000122,6.305039883,0.105083998,0.662558799,6.305039883,-0.4375,27.05882454,1009.0,9.119999886,0.391,20.1658802,SmoothCondition,NormalCongestionCondition,EvenPaceStyle
1.90002441,6.305039883,0.442853991,2.799946891,-0.67553997,-0.3281,19.6078434,910.0,4.760000229,0.32,20.27176857,SmoothCondition,NormalCongestionCondition,EvenPaceStyle
1.80004882,6.079859734,0.544184987,3.324754278,-0.225180149,-0.2773,29.41176605,864.0,5.260000229,0.305,20.32654762,SmoothCondition,NormalCongestionCondition,EvenPaceStyle
-0.59997558,6.079859734,0.908225973,5.137580786,-2.476980209,-0.3125,31.76470566,1210.0,8.539999962,0.363,20.56353188,SmoothCondition,NormalCongestionCondition,EvenPaceStyle
-0.79998779,9.007200241,1.058345978,6.212434156,2.927340507,-0.3203,27.45098114,1351.0,8.979999542,0.402,20.58270836,SmoothCondition,NormalCongestionCondition,EvenPaceStyle
-0.59997558,12.38489914,1.422386956,9.409821501,2.927339554,-0.4844,31.76470566,1535.0,10.32999992,0.48,20.63184166,SmoothCondition,NormalCongestionCondition,EvenPaceStyle
-0.5,15.98777962,1.68884995,12.89909823,3.60288048,-0.4687,1.960784316,1846.0,14.71000004,0.477,20.68919373,SmoothCondition,NormalCongestionCondition,EvenPaceStyle
-0.59997558,15.08705902,1.940300934,15.82903275,-0.9007206,-0.5703,77.64705658,940.0,11.10000038,0.531,20.7126503,SmoothCondition,NormalCongestionCondition,EvenPaceStyle
-0.59997558,18.46475983,2.495744936,22.84571643,3.60287953,-0.5781,27.45098114,1317.0,9.800000191,0.508,20.70483398,SmoothCondition,NormalCongestionCondition,EvenPaceStyle
-0.30004882,17.33885956,2.784725928,26.38942335,-1.12590027,-0.4961,1.176470637,1246.0,10.09000015,0.492,20.67125893,SmoothCondition,NormalCongestionCondition,EvenPaceStyle
0.0,14.18633938,3.291380906,31.12506551,-2.02661991,-0.3633,36.86274719,960.0,4.880000114,0.434,20.54969215,SmoothCondition,NormalCongestionCondition,EvenPaceStyle
0.29998779,12.38489914,3.497795892,32.29968342,-1.80144024,-0.2851,27.45098114,981.0,6.400000095,0.391,20.50377274,SmoothCondition,NormalCongestionCondition,EvenPaceStyle
0.2000122,6.980579853,3.614138889,32.28414217,-5.404319287,-0.2773,29.80392265,881.0,5.400000095,0.402,20.48595047,SmoothCondition,NormalCongestionCondition,EvenPaceStyle
0.40002442,5.179140091,3.700457891,32.09668744,-1.801439762,-0.207,25.88235283,803.0,5.070000172,0.375,20.49510956,SmoothCondition,NormalCongestionCondition,EvenPaceStyle
1.0,4.053239822,3.768011888,31.86206462,-1.125900269,-0.1601,29.41176605,886.0,5.170000076,0.367,20.52761841,SmoothCondition,NormalCongestionCondition,EvenPaceStyle
1.2999878,7.430940151,3.891860891,31.83323099,7.430940151,-0.2383,38.03921509,996.0,11.53999996,0.305,20.56038284,SmoothCondition,NormalCongestionCondition,EvenPaceStyle
1.29998779,9.457559586,4.049486884,32.07627613,2.026619435,-0.2812,35.29411697,1801.0,12.89000034,0.312,20.58402252,SmoothCondition,NormalCongestionCondition,EvenPaceStyle
1.0,13.06044006,4.267160885,33.12637808,3.602880474,-0.1289,22.35294151,1952.0,14.69999981,0.348,20.66950417,SmoothCondition,NormalCongestionCondition,EvenPaceStyle
1.09997559,15.53741932,4.526117873,34.90242113,2.47697926,-0.3007,14.11764717,1162.0,17.17000008,0.418,20.73140717,SmoothCondition,NormalCongestionCondition,EvenPaceStyle
1.09997559,17.78922081,5.370542868,40.95470189,0.45036125,-0.1328,0.0,1087.0,12.89000034,0.422,20.75572586,SmoothCondition,NormalCongestionCondition,EvenPaceStyle
0.10003662,13.73598003,5.907221863,43.93095962,2.25179958,-0.6367,94.11764526,1086.0,12.14999962,0.488,21.50430679,SmoothCondition,NormalCongestionCondition,EvenPaceStyle
0.0,14.63669968,6.008552858,45.09311604,0.90071965,-0.6562,42.74509811,1268.0,9.300000191,0.473,21.59818268,SmoothCondition,NormalCongestionCondition,EvenPaceStyle
0.0,18.01440048,6.350075822,49.52827453,0.45036316,-0.5664,3.529411793,1113.0,10.64000034,0.406,21.68958473,SmoothCondition,NormalCongestionCondition,EvenPaceStyle
-0.5999756,47.73815918,79.31965344,570.72755,1.35108185,0.2187,44.31372452,2133.0,30.35000038,0.383,10.88391876,SmoothCondition,LowCongestionCondition,EvenPaceStyle
-0.7000122,50.21513748,78.62159544,581.8213437,2.4769783,0.3164,21.56862831,2160.0,19.95000076,0.344,10.90347767,SmoothCondition,LowCongestionCondition,EvenPaceStyle
-0.5999756,51.56622314,77.92729053,590.12345,1.35108566,0.2539,0.0,2095.0,20.5,0.172,10.91573524,SmoothCondition,LowCongestionCondition,EvenPaceStyle
-0.2000122,47.96333694,75.51411171,608.2709909,-1.35108185,0.2891,27.84313774,2122.0,22.67000008,0.262,10.96303463,SmoothCondition,LowCongestionCondition,EvenPaceStyle
-0.5999756,47.5129776,74.61339175,609.2404257,-0.45035934,0.3164,32.94117737,2178.0,28.79000092,0.27,10.98819542,SmoothCondition,LowCongestionCondition,EvenPaceStyle
-1.1000366,50.44031906,73.73518963,604.5747754,2.92734146,0.3008,53.33333588,2286.0,41.47000122,0.305,11.03983021,SmoothCondition,LowCongestionCondition,EvenPaceStyle
-1.0999756,52.6921196,72.87575264,595.5379998,2.25180054,0.2617,52.54901886,2391.0,25.36000061,0.297,11.07127094,SmoothCondition,LowCongestionCondition,EvenPaceStyle
-1.4000244,56.0698204,72.0463396,581.2138985,3.3777008,0.3125,11.37254906,2380.0,25.32999992,0.262,11.10407734,SmoothCondition,LowCongestionCondition,EvenPaceStyle
-3.9000244,52.91730118,69.3591917,523.4074157,-1.35107803,0.2891,19.2156868,2263.0,26.93000031,0.281,11.10741138,SmoothCondition,LowCongestionCondition,EvenPaceStyle
-4.7000122,53.14247894,68.42844766,500.367278,0.22517776,0.2422,19.6078434,2296.0,22.21999931,0.324,11.10411739,SmoothCondition,LowCongestionCondition,EvenPaceStyle
-4.9000244,54.04319763,67.5314806,476.7014947,0.90071869,0.1719,20.0,2305.0,22.44000053,0.305,11.10501862,SmoothCondition,LowCongestionCondition,EvenPaceStyle
-4.6000366,52.6921196,66.61574859,452.3204281,-1.35107803,0.1133,18.4313736,2299.0,23.80999947,0.348,11.10762405,SmoothCondition,LowCongestionCondition,EvenPaceStyle
-3.8999634,51.56622314,65.70376968,428.6414402,-1.12589646,0.1328,15.68627453,2304.0,24.81999969,0.309,11.10906506,SmoothCondition,LowCongestionCondition,EvenPaceStyle
-3.4000244,53.81801987,64.85183875,404.2130102,2.25179673,0.1445,1.960784316,2231.0,20.12000084,0.266,11.10800648,SmoothCondition,LowCongestionCondition,EvenPaceStyle
-2.2999878,53.14247894,63.99990775,379.4789367,-0.67554093,0.2227,10.58823586,2196.0,23.86000061,0.227,11.11831188,SmoothCondition,LowCongestionCondition,EvenPaceStyle
-1.8999634,52.24176025,63.1367178,353.9007528,-0.90071869,0.293,0.0,2146.0,19.59000015,0.164,11.12183571,SmoothCondition,LowCongestionCondition,EvenPaceStyle
-1.5999756,28.59786034,54.95517769,192.3450254,-0.90071869,0.707,77.2549057,1282.0,13.36999989,-0.152,11.27791977,SmoothCondition,LowCongestionCondition,AggressiveStyle
-0.7000122,29.27339935,52.99611174,174.5745377,0.45035934,0.5195,70.58823395,1389.0,18.09000015,-0.082,11.29228401,SmoothCondition,LowCongestionCondition,AggressiveStyle
-0.2000122,32.87627792,52.09539172,161.1056402,3.60287857,0.4101,73.72549438,1510.0,21.21999931,-0.0508,11.30670834,SmoothCondition,LowCongestionCondition,AggressiveStyle
-0.3000488,36.70433807,51.2734848,144.928661,3.82806015,0.3476,61.17647171,1677.0,26.62999916,0.0312,11.33204556,SmoothCondition,LowCongestionCondition,AggressiveStyle
-0.2000122,41.20793915,50.54915593,127.2111082,4.50360108,0.2617,53.33333588,1865.0,30.93000031,0.0742,11.37835217,SmoothCondition,LowCongestionCondition,AggressiveStyle
0.0999756,45.26117706,49.93366394,110.3305285,4.05323791,0.1406,67.45098114,2032.0,31.80999947,0.0781,11.42201519,SmoothCondition,LowCongestionCondition,AggressiveStyle
0.4000244,48.86405945,49.42325592,95.28005958,3.60288239,0.0195,61.17647171,2331.0,37.13999939,0.0742,11.45347691,SmoothCondition,LowCongestionCondition,AggressiveStyle
0.5,52.91730118,49.02543799,82.63552422,4.05324173,-0.0625,52.15686417,2461.0,40.0,0.0703,11.4717617,SmoothCondition,LowCongestionCondition,AggressiveStyle
0.6000366,58.99715805,48.58258387,68.32186685,2.02662277,-0.1719,24.31372643,2582.0,31.87999916,0.148,11.51043606,SmoothCondition,LowCongestionCondition,AggressiveStyle
0.0999756,60.57342148,48.47749996,65.07404799,1.57626343,-0.2422,15.68627453,2579.0,27.21999931,0.152,11.51834106,SmoothCondition,LowCongestionCondition,AggressiveStyle
-0.6999512,60.12305832,48.40244001,63.00169062,-0.45036316,-0.3047,15.68627453,2535.0,27.03000069,0.148,11.54763794,SmoothCondition,LowCongestionCondition,AggressiveStyle
-0.7000122,59.67269897,48.44372298,63.84227867,-0.45035935,-0.4804,16.47058868,2531.0,26.72999954,0.234,11.5489378,SmoothCondition,LowCongestionCondition,AggressiveStyle
-0.5999756,59.44752121,48.52628899,65.26726188,-0.22517776,-0.5703,18.03921509,2518.0,26.51000023,0.27,11.54016685,SmoothCondition,LowCongestionCondition,AggressiveStyle
1.0,115.0669708,104.6749212,10.7201578,2.0266189,-0.4336,100.0,2342.0,50.61999893,0.195,10.67034245,SmoothCondition,LowCongestionCondition,EvenPaceStyle
1.3000488,117.0935974,104.9714082,12.75586079,2.0266266,-0.3789,76.86274719,2365.0,43.93000031,0.207,10.6651535,SmoothCondition,LowCongestionCondition,EvenPaceStyle
2.2000122,117.7691345,105.2754013,14.93591595,0.6755371,-0.3828,73.33333588,2373.0,41.59000015,0.152,10.6543684,SmoothCondition,LowCongestionCondition,EvenPaceStyle
2.8999634,118.6698532,105.6019123,17.21764103,0.9007187,-0.4219,100.0,2395.0,48.83000183,0.172,10.65920639,SmoothCondition,LowCongestionCondition,EvenPaceStyle
3.8999634,121.8223801,106.5739393,26.46354229,1.3510895,-0.1797,73.72549438,2433.0,39.29999924,0.422,10.65979099,SmoothCondition,LowCongestionCondition,EvenPaceStyle
3.4000244,122.047554,106.9079561,30.05468871,0.2251739,-0.1484,7.450980663,2410.0,30.04000092,0.309,10.6353178,SmoothCondition,LowCongestionCondition,EvenPaceStyle
3.2999878,117.9943161,107.4633998,34.43431307,-2.7021561,-0.1523,64.70588684,2348.0,54.11999893,0.297,10.61570549,SmoothCondition,LowCongestionCondition,EvenPaceStyle
2.6999512,115.9676971,107.6735677,35.32948957,-2.026619,-0.2344,100.0,2370.0,52.43000031,0.246,10.62073231,SmoothCondition,LowCongestionCondition,EvenPaceStyle
2.0999756,121.8223801,108.7394197,44.26497948,0.2251816,-0.1914,77.64705658,2450.0,48.36999893,0.574,10.68315506,SmoothCondition,LowCongestionCondition,EvenPaceStyle
3.5,122.047554,109.0321536,46.87264344,0.2251739,-0.2422,76.07843018,2452.0,49.15000153,0.523,10.68419552,SmoothCondition,LowCongestionCondition,EvenPaceStyle
3.5999756,122.4979095,109.3398994,49.42610391,0.4503555,-0.2187,75.6862793,2465.0,48.11000061,0.586,10.68230915,SmoothCondition,LowCongestionCondition,EvenPaceStyle
4.5999756,122.4979095,110.5070819,58.81317008,-0.2251816,0.0469,10.58823586,2413.0,30.47999954,0.441,10.65707779,SmoothCondition,LowCongestionCondition,EvenPaceStyle
4.5,117.9943161,111.0024778,59.90944907,-2.4769745,0.1406,0.0,2285.0,24.42000008,0.375,10.59498024,SmoothCondition,LowCongestionCondition,EvenPaceStyle
3.2999878,94.80077362,111.1375856,63.52247207,-4.95396423,0.6249,71.76470947,1842.0,22.34000015,0.0117,10.43200684,SmoothCondition,LowCongestionCondition,EvenPaceStyle
3.6000366,91.19789886,110.9086526,69.55570047,-3.60287476,0.5976,97.64706421,1840.0,31.55999947,0.0234,10.42251778,SmoothCondition,LowCongestionCondition,EvenPaceStyle
3.9000244,92.09861755,110.7022376,74.80957617,0.90071869,0.6288,100.0,1868.0,41.43999863,0.0742,10.42802906,SmoothCondition,LowCongestionCondition,EvenPaceStyle
1.5999756,99.30437469,110.3044194,84.19403322,2.25180053,0.2929,89.80392456,2044.0,46.63000107,-0.148,10.48303986,SmoothCondition,LowCongestionCondition,EvenPaceStyle
1.0999756,103.1324463,110.3682208,83.05209628,1.5762711,0.3242,100.0,2095.0,43.59000015,-0.0703,10.49413681,SmoothCondition,LowCongestionCondition,EvenPaceStyle
2.1999512,105.8346024,110.4770578,81.51995849,1.5762635,0.1523,95.29412079,2151.0,46.47000122,-0.156,10.52547932,SmoothCondition,LowCongestionCondition,EvenPaceStyle
2.0999756,107.1856766,110.5558707,80.6070364,1.3510742,0.0351,89.01960754,2175.0,45.20999908,-0.152,10.53364658,SmoothCondition,LowCongestionCondition,EvenPaceStyle
3.7999878,108.3115768,110.6459427,79.69260906,1.1259002,-0.0313,76.47058868,2188.0,40.24000168,-0.145,10.5659256,SmoothCondition,LowCongestionCondition,EvenPaceStyle
3.2999878,108.9871216,110.7360147,78.88543873,0.6755448,-0.0821,34.11764908,2176.0,35.5,-0.102,10.5937891,SmoothCondition,LowCongestionCondition,EvenPaceStyle
5.2000122,107.8612213,110.8748758,77.63364449,-1.1259003,-0.2305,47.84313965,2155.0,32.38999939,-0.0781,10.59700584,SmoothCondition,LowCongestionCondition,EvenPaceStyle
-2.800003052,4.503600121,17.39890773,290.6020525,0.0,0.348,30.19607925,885.0,4.659999847,-0.145,19.96446037,SmoothCondition,LowCongestionCondition,AggressiveStyle
-0.35897824593764377,0.0,38.811063580731144,171.92088758076872,-0.00018182406055956946,0.0418,36.47058868,802.5,10.30000019,0.0118,16.344780882093918,SmoothCondition,LowCongestionCondition,EvenPaceStyle
-22.30000305,18.0,7.634999788,119.3443408,1.800001144,1.1665,3.137254953,916.0,7.440000057,-0.5961,24.21328545,SmoothCondition,LowCongestionCondition,EvenPaceStyle
-24.6000061,15.29999924,8.489999775,120.3019257,-1.800001144,1.5868,38.03921509,798.0,6.239999771,-0.9465,23.22027969,SmoothCondition,LowCongestionCondition,EvenPaceStyle
-7.900001526,18.0,9.58499974,114.5209515,5.400000572,1.9721,74.90196228,1355.0,17.73999977,-0.8348,23.45933151,SmoothCondition,LowCongestionCondition,EvenPaceStyle
-4.699996948,28.79999924,10.82999968,122.1580605,2.700000763,1.604,0.0,1277.0,12.88000011,-0.5145,22.90052414,SmoothCondition,LowCongestionCondition,EvenPaceStyle
-2.900001526,36.0,15.94499951,161.2062356,-0.899997711,1.2529,16.86274529,1479.0,14.68999958,-0.5198,21.17808533,SmoothCondition,LowCongestionCondition,EvenPaceStyle
-1.599998474,36.0,17.12999949,164.195685,0.900001526,1.1399,43.13725662,1489.0,14.72000027,-0.4752,20.81062508,SmoothCondition,LowCongestionCondition,EvenPaceStyle
0.0,38.70000076,19.00499942,166.8350491,1.800003052,0.8745,48.23529434,1628.0,16.71999931,-0.4905,20.20194435,SmoothCondition,LowCongestionCondition,EvenPaceStyle
-3.099998474,36.0,22.79999942,154.3576213,-2.700000763,1.2986,67.05882263,1768.0,21.87999916,-0.9011,19.74422836,SmoothCondition,LowCongestionCondition,EvenPaceStyle
-4.099998474,43.19999695,23.50499937,152.7767472,7.199996948,1.4017,58.8235321,1838.5,21.29999924,-0.8586,19.61326027,SmoothCondition,LowCongestionCondition,EvenPaceStyle
-5.200004578,45.0,24.23999937,151.3976888,1.800003052,1.5214,0.0,803.0,8.020000458,-1.0035,18.53573418,SmoothCondition,LowCongestionCondition,EvenPaceStyle
-6.799995422,45.89999771,25.75499934,144.4021722,0.899997711,1.5021,76.07843018,1395.5,18.37999916,-1.1105,18.14863396,SmoothCondition,LowCongestionCondition,EvenPaceStyle
-6.200004578,48.59999847,26.56499931,141.337901,2.700000763,1.4781,81.5686264,1458.0,20.52000046,-0.9987,18.01894188,SmoothCondition,LowCongestionCondition,EvenPaceStyle
-6.399993896,51.29999924,28.16999927,139.1634854,0.900001526,1.342,76.07843018,1596.5,22.19000053,-0.7289,17.79441643,SmoothCondition,LowCongestionCondition,EvenPaceStyle
-4.800003052,53.09999847,28.85999924,144.6156545,1.799999237,1.3997,75.29412079,1652.5,22.87999916,-0.5453,17.68197823,SmoothCondition,LowCongestionCondition,EvenPaceStyle
-1.799995422,58.5,31.00499916,167.9150514,1.800003052,1.0825,61.96078491,1777.0,20.36000061,-0.7978,17.35929871,SmoothCondition,LowCongestionCondition,EvenPaceStyle
-1.199996948,59.39999771,31.72499914,177.3385075,0.899997711,1.131,52.94117737,1795.0,20.12999916,-0.8397,17.16195488,SmoothCondition,LowCongestionCondition,EvenPaceStyle
-1.300003052,60.29999924,32.32499914,189.8774907,0.900001526,1.0195,55.29411697,1808.5,18.94000053,-0.7726,16.94412804,SmoothCondition,LowCongestionCondition,EvenPaceStyle
-3.599998474,61.19999695,33.43499908,215.2080652,0.899997711,0.9649,0.0,1804.0,23.36000061,-0.8252,16.6343441,SmoothCondition,LowCongestionCondition,EvenPaceStyle
-4.5,47.69999695,37.679999,249.9046663,-1.800003052,1.1034,20.0,791.0,6.71999979,-1.1047,15.41517162,SmoothCondition,LowCongestionCondition,EvenPaceStyle
-3.099998474,50.39999771,38.27999897,243.0951747,2.700000763,1.3206,25.09803963,783.0,5.440000057,-1.2659,14.83494949,SmoothCondition,LowCongestionCondition,EvenPaceStyle
-2.0,41.39999771,38.72999894,233.388904,-9.0,1.5211,32.94117737,786.0,5.489999771,-1.5382,14.42818928,SmoothCondition,LowCongestionCondition,EvenPaceStyle
-1.299995422,18.0,39.3449989,215.7096253,-4.5,2.1397,0.0,1084.5,9.43999958,-1.9638,14.07376862,SmoothCondition,LowCongestionCondition,AggressiveStyle
-1.599998474,22.5,39.76499891,195.209761,3.600000381,2.0948,47.45098114,1654.0,16.77000046,-1.8165,14.25191212,SmoothCondition,LowCongestionCondition,AggressiveStyle
-1.800003052,25.19999886,40.0649989,180.7395925,2.699998856,2.1114,0.0,1627.5,15.97000027,-1.8985,14.31302547,SmoothCondition,LowCongestionCondition,EvenPaceStyle
-1.0,23.39999962,40.61999887,156.6311109,-1.799999237,1.9866,70.58823395,1419.5,15.97000027,-1.8649,14.5790596,SmoothCondition,LowCongestionCondition,EvenPaceStyle
-1.600006104,27.0,40.66499891,155.0941689,3.600000381,2.0424,46.27450943,1836.0,22.21999931,-1.6186,14.75893307,FullOfHolesCondition,LowCongestionCondition,EvenPaceStyle
-1.199996948,30.59999847,40.6949989,154.424203,3.599998474,2.0737,24.31372643,1707.5,17.04999924,-1.5947,14.79065704,FullOfHolesCondition,LowCongestionCondition,EvenPaceStyle
-1.599998474,34.20000076,40.73999891,153.7041267,2.700000763,1.8659,70.58823395,1488.5,17.54999924,-1.1141,14.80793667,FullOfHolesCondition,LowCongestionCondition,EvenPaceStyle
-1.0,36.89999771,40.81499891,152.7694231,2.699996948,1.7858,63.92156982,1568.5,17.61000061,-0.8984,14.81432152,FullOfHolesCondition,LowCongestionCondition,EvenPaceStyle
-2.399997711,37.79999924,40.85999893,152.3678552,0.900001526,1.5259,66.66666412,1652.0,20.11000061,-0.8317,14.83439827,FullOfHolesCondition,LowCongestionCondition,EvenPaceStyle
-2.800003052,40.5,40.94999895,151.7994822,2.700000763,1.2388,68.62744904,1752.5,20.44000053,-0.681,14.84472179,FullOfHolesCondition,LowCongestionCondition,EvenPaceStyle
-3.200000763,43.19999695,41.03999891,151.7088719,2.699996948,0.9946,65.49019623,1835.0,21.61000061,-0.542,14.85652637,FullOfHolesCondition,LowCongestionCondition,EvenPaceStyle
-2.599998474,45.0,41.17499895,151.6656261,1.800003052,1.0361,22.74509811,1801.0,24.37999916,-0.5749,14.88690567,FullOfHolesCondition,LowCongestionCondition,EvenPaceStyle
-2.900001526,45.89999771,41.33999891,151.5624312,0.899997711,0.8498,0.0,1767.5,23.12999916,-0.5094,14.91563892,FullOfHolesCondition,LowCongestionCondition,EvenPaceStyle
-2.299999237,39.59999847,41.69999895,149.8271089,-0.900001526,1.258,52.54901886,1663.5,16.48999977,-0.4992,14.94013214,FullOfHolesCondition,LowCongestionCondition,EvenPaceStyle
-1.199996948,41.39999771,41.77499889,149.5422363,0.899997711,1.2193,0.0,1602.5,21.46999931,-0.2132,14.96306229,FullOfHolesCondition,LowCongestionCondition,EvenPaceStyle
-0.5,40.5,41.78999891,149.4893803,-0.899997711,1.1904,56.86274719,1614.5,20.19000053,-0.0728,14.98391438,FullOfHolesCondition,LowCongestionCondition,EvenPaceStyle
0.5,39.59999847,41.80499887,149.4086094,-0.900001526,1.2899,39.60784531,1640.0,16.02000046,-0.1211,14.9672842,FullOfHolesCondition,LowCongestionCondition,EvenPaceStyle
2.299999237,37.79999924,41.84999889,148.7791437,-1.799999237,1.1599,21.17647171,1496.5,18.69000053,-0.5743,15.00137424,FullOfHolesCondition,LowCongestionCondition,EvenPaceStyle
2.099998474,36.89999771,41.71499885,149.0077285,-0.900001526,0.973,59.60784531,1438.0,15.35999966,-0.7566,14.99629116,FullOfHolesCondition,LowCongestionCondition,EvenPaceStyle
2.199996948,36.0,41.56499885,149.3555248,-0.899997711,0.6436,56.86274719,1487.5,16.21999931,-0.892,14.99114227,FullOfHolesCondition,LowCongestionCondition,EvenPaceStyle
1.0,38.70000076,41.02499895,147.4829149,0.900001526,0.601,76.47058868,1681.0,21.65999985,-0.9108,14.98864079,FullOfHolesCondition,LowCongestionCondition,EvenPaceStyle
0.899997711,41.39999771,40.85999893,145.6681944,2.699996948,0.6737,74.50980377,1783.0,23.40999985,-0.8016,15.01053238,FullOfHolesCondition,LowCongestionCondition,EvenPaceStyle
0.5,44.09999847,40.70999893,143.2839573,2.700000763,0.5427,72.94117737,1915.5,24.29999924,-0.649,15.02843952,FullOfHolesCondition,LowCongestionCondition,EvenPaceStyle
-0.399997711,47.69999695,40.58999891,140.6846353,3.599998474,0.581,63.52941132,1997.0,23.19000053,-0.7311,15.03429222,FullOfHolesCondition,LowCongestionCondition,EvenPaceStyle
-0.400001526,49.5,40.46999896,137.6167045,1.800003052,0.4529,0.0,803.5,14.93999958,-0.6779,14.96446514,FullOfHolesCondition,LowCongestionCondition,EvenPaceStyle
-0.099998474,50.39999771,40.16999896,128.9950097,0.899997711,0.2594,78.4313736,1568.0,22.29999924,-0.7003,14.94503689,FullOfHolesCondition,LowCongestionCondition,EvenPaceStyle
-0.200000763,53.09999847,40.04999895,124.9459245,2.700000763,0.4678,77.2549057,1630.0,22.54999924,-0.5547,14.93101501,FullOfHolesCondition,LowCongestionCondition,EvenPaceStyle
-0.299999237,54.89999771,39.95999893,121.7251441,1.799999237,0.5527,73.72549438,1707.0,21.37999916,-0.5087,14.90328407,FullOfHolesCondition,LowCongestionCondition,EvenPaceStyle
-0.599998474,57.59999847,39.89999895,119.3491452,2.700000763,0.6095,41.5686264,1740.5,21.96999931,-0.6371,14.87774372,FullOfHolesCondition,LowCongestionCondition,EvenPaceStyle
0.0,45.89999771,39.76499891,116.2690855,-2.700000763,2.3048,1.176470637,1312.0,16.40999985,-0.5688,14.71798611,FullOfHolesCondition,LowCongestionCondition,EvenPaceStyle
-0.400001526,44.09999847,39.70499894,115.516747,-1.799999237,2.6627,24.31372643,1297.0,15.88000011,-0.5316,14.69255733,FullOfHolesCondition,LowCongestionCondition,EvenPaceStyle
-0.400001526,45.0,39.65999899,114.3298917,0.900001526,2.8988,52.54901886,1279.5,15.90999985,-0.5647,14.61065006,FullOfHolesCondition,LowCongestionCondition,EvenPaceStyle
0.599998474,44.09999847,39.98999901,112.8609084,1.799999237,3.0532,0.392156869,1285.5,15.97000027,-0.6721,14.56018543,FullOfHolesCondition,LowCongestionCondition,EvenPaceStyle
0.399997711,43.19999695,40.33499896,107.7297647,-0.900001526,3.1712,1.960784316,1233.0,15.63000011,-0.5595,14.54196835,FullOfHolesCondition,LowCongestionCondition,EvenPaceStyle
0.0,42.29999924,40.73999894,99.17328251,-0.899997711,3.4437,3.921568632,1192.5,9.800000191,-0.7132,14.45469761,FullOfHolesCondition,LowCongestionCondition,EvenPaceStyle
0.799999237,39.59999847,41.08499893,90.98976609,-2.700000763,3.5596,23.13725471,1020.5,6.989999771,-0.8818,14.33292675,FullOfHolesCondition,LowCongestionCondition,EvenPaceStyle
0.200000763,33.29999924,41.53499889,78.22197071,-1.799999237,3.5799,33.72549057,819.0,12.93999958,-1.0946,14.25290203,FullOfHolesCondition,LowCongestionCondition,EvenPaceStyle
-0.799999237,32.39999771,41.65499887,75.09912361,-0.900001526,3.4122,21.56862831,1339.0,15.72000027,-1.0499,14.26970482,FullOfHolesCondition,LowCongestionCondition,EvenPaceStyle
-0.099998474,31.5,41.7449989,72.73776707,-0.899997711,3.3242,87.45098114,1369.0,17.98999977,-1.019,14.29286861,FullOfHolesCondition,LowCongestionCondition,EvenPaceStyle
-0.5,32.39999771,41.86499888,69.56366573,0.899997711,3.1407,76.86274719,1491.0,19.71999931,-1.0863,14.31616974,FullOfHolesCondition,LowCongestionCondition,EvenPaceStyle
-1.199996948,38.70000076,42.32999891,58.53874248,2.700000763,2.7806,67.45098114,1674.5,19.12999916,-0.8782,14.32908726,FullOfHolesCondition,LowCongestionCondition,EvenPaceStyle
-1.5,40.5,42.55499891,54.56081925,1.799999237,2.7537,61.96078491,1753.0,18.57999992,-0.8788,14.33392811,FullOfHolesCondition,LowCongestionCondition,EvenPaceStyle
0.0,42.29999924,43.30499884,45.93912495,-0.899997711,2.4031,32.15686417,1677.0,20.40999985,-0.7992,14.38840008,FullOfHolesCondition,LowCongestionCondition,EvenPaceStyle
-0.800003052,41.39999771,43.37999884,45.29959087,-0.900001526,2.2208,0.0,1670.0,20.04999924,-0.988,14.40006351,FullOfHolesCondition,LowCongestionCondition,EvenPaceStyle
-0.200000763,34.20000076,43.22999891,46.70450554,-3.599998474,2.5551,3.137254953,1306.0,16.04999924,-1.1174,14.44966412,FullOfHolesCondition,LowCongestionCondition,EvenPaceStyle
-0.200000763,27.0,42.67499892,53.3856323,-3.599998474,2.7816,7.450980663,1076.5,8.720000267,-1.2055,14.42011929,FullOfHolesCondition,LowCongestionCondition,EvenPaceStyle
-0.100002289,26.09999847,42.37499892,57.91614104,-0.900001526,2.7925,15.29411793,950.5,6.360000134,-1.1799,14.36229515,FullOfHolesCondition,LowCongestionCondition,EvenPaceStyle
-0.200000763,22.5,42.04499893,64.50047931,-3.599998474,2.9396,27.84313774,772.0,5.739999771,-1.1375,14.31139946,FullOfHolesCondition,LowCongestionCondition,EvenPaceStyle
-0.299999237,20.69999886,41.71499891,72.07146246,-1.800001144,2.8652,0.0,1246.0,13.63000011,-1.1122,14.35070992,FullOfHolesCondition,LowCongestionCondition,EvenPaceStyle
-0.399997711,19.79999924,41.38499893,80.02502152,-0.899999619,2.7763,81.5686264,1333.5,18.40999985,-0.9117,14.39822578,FullOfHolesCondition,LowCongestionCondition,EvenPaceStyle
-0.299999237,21.59999847,41.0699989,86.54552183,1.799999237,2.7972,72.15686035,1664.0,20.82999992,-0.9098,14.44312382,FullOfHolesCondition,LowCongestionCondition,EvenPaceStyle
-1.800003052,26.09999847,40.81499891,90.27586953,4.5,2.7494,66.27451324,1890.5,21.79999924,-0.8672,14.4822073,FullOfHolesCondition,LowCongestionCondition,EvenPaceStyle
-2.299999237,29.69999886,40.63499889,92.33519159,3.600000381,2.8417,0.0,1511.0,14.77000046,-0.8202,14.4901371,FullOfHolesCondition,LowCongestionCondition,EvenPaceStyle
-3.0,33.29999924,40.22999891,95.89026709,1.799999237,2.6795,78.4313736,1532.0,21.36000061,-0.8626,14.54722309,FullOfHolesCondition,LowCongestionCondition,EvenPaceStyle
-2.700000763,39.59999847,40.21499888,95.97790285,2.700000763,2.4911,65.88235474,1692.5,16.52000046,-0.7969,14.54111004,FullOfHolesCondition,LowCongestionCondition,EvenPaceStyle
-2.599998474,42.29999924,40.36499888,95.54773342,2.700000763,2.4029,0.0,1652.5,21.90999985,-0.8129,14.55436039,FullOfHolesCondition,LowCongestionCondition,EvenPaceStyle
0.799999237,36.89999771,40.42499879,95.28597118,-2.700000763,1.8005,60.39215851,1513.0,16.07999992,-0.5374,14.60017967,FullOfHolesCondition,LowCongestionCondition,EvenPaceStyle
1.700000763,37.79999924,40.13999882,94.40481076,0.900001526,1.3602,0.0,1587.5,19.94000053,-0.5536,14.61324883,FullOfHolesCondition,LowCongestionCondition,EvenPaceStyle
-0.900001526,39.59999847,39.11999887,87.90467416,3.599998474,0.9727,75.6862793,1731.0,24.69000053,-0.2887,14.66714191,FullOfHolesCondition,LowCongestionCondition,EvenPaceStyle
-0.300003052,45.89999771,38.72999884,78.80247109,2.700000763,1.0746,70.58823395,1913.5,19.40999985,-0.4433,14.67802334,FullOfHolesCondition,LowCongestionCondition,EvenPaceStyle
-1.299999237,51.29999924,38.2949988,65.30590186,2.700000763,0.9662,85.88235474,1634.0,27.19000053,-0.549,14.67427444,FullOfHolesCondition,LowCongestionCondition,EvenPaceStyle
0.399997711,54.89999771,38.27999878,64.78535014,3.599998474,1.055,80.39215851,1726.0,30.27000046,-0.4477,14.68719196,FullOfHolesCondition,LowCongestionCondition,EvenPaceStyle
0.200000763,57.59999847,38.32499879,66.42800308,2.700000763,1.0959,78.03921509,1831.5,27.15999985,-0.4517,14.68747139,FullOfHolesCondition,LowCongestionCondition,EvenPaceStyle
-0.299999237,61.19999695,38.47499879,72.01105337,3.599998474,1.019,76.86274719,1904.5,25.82999992,-0.3904,14.67901897,FullOfHolesCondition,LowCongestionCondition,EvenPaceStyle
0.200000763,63.89999771,38.72999878,81.16382374,2.700000763,0.922,74.11764526,1967.5,25.98999977,-0.411,14.66836643,FullOfHolesCondition,LowCongestionCondition,EvenPaceStyle
-0.199996948,66.59999847,39.43499877,104.7917967,0.900001526,0.7702,100.0,1537.0,8.859999657,-0.3354,14.47794533,FullOfHolesCondition,LowCongestionCondition,EvenPaceStyle
-0.200000763,65.69999695,39.79499874,115.9835239,-0.900001526,0.6683,75.6862793,1610.0,22.19000053,-0.4096,14.45321274,FullOfHolesCondition,LowCongestionCondition,EvenPaceStyle
0.099998474,67.5,40.16999874,128.3909402,1.800003052,0.8669,80.78431702,1651.0,23.98999977,-0.5397,14.43381405,FullOfHolesCondition,LowCongestionCondition,EvenPaceStyle
0.200000763,69.29999542,40.61999868,142.4904284,1.799995422,0.8054,78.4313736,1675.5,24.12999916,-0.4963,14.41380119,FullOfHolesCondition,LowCongestionCondition,EvenPaceStyle
-0.100002289,72.0,41.5349987,172.8409452,1.800003052,0.8171,8.235294342,1714.5,22.11000061,-0.6923,14.35960007,FullOfHolesCondition,LowCongestionCondition,EvenPaceStyle
0.200000763,72.90000153,42.04499874,189.2404736,0.900001526,0.9044,0.0,1684.0,21.57999992,-0.7464,14.32575989,FullOfHolesCondition,LowCongestionCondition,EvenPaceStyle
0.399997711,65.69999695,43.06499869,210.1833179,-4.5,1.142,2.352941275,1428.0,17.37999916,-1.4258,14.25060558,FullOfHolesCondition,LowCongestionCondition,EvenPaceStyle
0.5,58.5,43.4849987,212.4256916,-7.199996948,1.3177,21.96078491,1261.0,12.05000019,-1.6341,14.18444729,FullOfHolesCondition,LowCongestionCondition,EvenPaceStyle
0.799999237,37.79999924,44.09999873,207.0304965,-6.299999237,1.6566,29.01960754,788.0,5.239999771,-1.6386,13.7155056,FullOfHolesCondition,LowCongestionCondition,EvenPaceStyle
1.200000763,35.09999847,44.0849987,207.2911156,-2.700000763,1.4936,0.0,1355.5,16.48999977,-1.6816,13.7279644,FullOfHolesCondition,LowCongestionCondition,EvenPaceStyle
1.600002289,33.29999924,43.99499868,208.7628445,-1.799999237,1.3569,68.23529816,1369.0,15.63000011,-1.7463,13.73699284,FullOfHolesCondition,LowCongestionCondition,EvenPaceStyle
1.199996948,34.20000076,43.88999869,210.1707338,0.900001526,1.3389,72.15686035,1441.5,16.36000061,-1.8305,13.74509335,FullOfHolesCondition,LowCongestionCondition,EvenPaceStyle
0.5,36.0,43.7849987,211.1717928,1.799999237,1.1969,73.72549438,1544.0,18.62999916,-1.8089,13.7577095,FullOfHolesCondition,LowCongestionCondition,EvenPaceStyle
0.0,40.5,43.63499877,211.9314536,2.700000763,1.0996,68.23529816,1727.0,19.07999992,-1.5794,13.77088451,FullOfHolesCondition,LowCongestionCondition,EvenPaceStyle
0.0,44.09999847,43.70999877,211.7083604,1.799999237,1.2814,18.4313736,1830.5,23.46999931,-1.5201,13.78953075,FullOfHolesCondition,LowCongestionCondition,EvenPaceStyle
-0.900001526,43.19999695,43.97999872,209.5419545,-1.800003052,1.2454,47.45098114,1779.5,16.23999977,-1.4518,13.78230762,FullOfHolesCondition,LowCongestionCondition,EvenPaceStyle
0.0,44.09999847,44.47499866,201.3822349,0.900001526,1.5222,1.960784316,1741.5,16.46999931,-1.3618,13.64517689,FullOfHolesCondition,LowCongestionCondition,EvenPaceStyle
-1.300003052,42.29999924,45.10499865,187.1536933,-1.799999237,1.1965,22.35294151,1677.5,21.69000053,-1.1629,13.67636108,FullOfHolesCondition,LowCongestionCondition,EvenPaceStyle
-0.799999237,38.70000076,46.06499872,157.3182352,-1.799999237,0.8157,41.17647171,1558.5,14.35999966,-0.6385,13.56201172,FullOfHolesCondition,LowCongestionCondition,EvenPaceStyle
-1.399997711,41.39999771,46.73999875,141.1010742,0.899997711,0.6315,71.76470947,1635.0,18.73999977,-0.5614,13.37019062,FullOfHolesCondition,LowCongestionCondition,EvenPaceStyle
-3.800003052,40.5,46.85999877,138.684803,-0.899997711,0.636,63.52941132,1687.5,17.96999931,-0.5753,13.34211063,FullOfHolesCondition,LowCongestionCondition,EvenPaceStyle
-5.0,43.19999695,46.97999878,137.0080568,2.699996948,1.0225,52.54901886,1767.5,17.57999992,-0.6983,13.32100868,FullOfHolesCondition,LowCongestionCondition,EvenPaceStyle
-0.200000763,30.59999847,46.88999882,139.8883602,-3.600002289,1.197,30.98039246,776.5,14.65999985,-1.17,13.36273956,FullOfHolesCondition,LowCongestionCondition,EvenPaceStyle
-0.600002289,27.0,46.7699988,143.8495805,-3.599998474,1.255,31.76470566,769.5,5.800000191,-1.2431,13.31029034,FullOfHolesCondition,LowCongestionCondition,EvenPaceStyle
-0.399997711,24.29999924,46.57499879,150.4025722,-2.700000763,1.3863,0.0,1260.5,7.079999924,-1.1238,13.2663784,FullOfHolesCondition,LowCongestionCondition,EvenPaceStyle
-0.700000763,21.59999847,45.89999882,170.8413433,0.899999619,1.3763,67.84313965,1434.5,17.57999992,-0.9933,13.26437092,FullOfHolesCondition,LowCongestionCondition,EvenPaceStyle
-0.100002289,24.29999924,45.53999885,178.617343,2.700000763,1.5085,62.74509811,1630.5,18.77000046,-0.8692,13.2590189,FullOfHolesCondition,LowCongestionCondition,EvenPaceStyle
-0.200000763,27.89999962,45.19499887,183.6116562,3.600000381,1.8339,0.0,1812.0,20.29999924,-0.8885,13.25586033,FullOfHolesCondition,LowCongestionCondition,EvenPaceStyle
0.400001526,26.09999847,42.40499897,189.4052176,-1.800001144,2.3361,27.45098114,763.5,5.739999771,-1.2373,13.20621109,FullOfHolesCondition,LowCongestionCondition,EvenPaceStyle
0.899997711,21.59999847,41.669999,186.9946687,-4.5,2.4345,30.98039246,760.0,5.659999847,-1.3945,13.21479416,FullOfHolesCondition,LowCongestionCondition,EvenPaceStyle
1.600002289,13.5,40.78499902,189.1141682,-8.099998474,2.4493,34.11764908,779.5,5.329999924,-1.291,13.25891781,FullOfHolesCondition,LowCongestionCondition,EvenPaceStyle
2.200000763,5.399999619,39.77999907,198.7877202,-8.100000381,2.443,32.15686417,771.5,5.130000114,-1.27,13.3123188,FullOfHolesCondition,LowCongestionCondition,EvenPaceStyle
2.100002289,2.699999809,38.69999906,207.8816845,-2.699999809,2.4495,33.33333206,771.0,5.079999924,-1.2861,13.35854912,FullOfHolesCondition,LowCongestionCondition,EvenPaceStyle
2.200000763,0.0,36.41999919,217.2575533,-2.699999809,2.0943,67.45098114,703.5,5.739999771,-1.0298,13.40014553,FullOfHolesCondition,LowCongestionCondition,EvenPaceStyle
1.700000763,2.699999809,35.26499918,213.7162042,2.699999809,1.8042,78.4313736,1026.0,14.32999992,-0.6802,13.43889523,FullOfHolesCondition,LowCongestionCondition,EvenPaceStyle
1.800003052,14.39999962,32.36999925,173.5587389,0.899999619,1.8158,87.84313965,953.5,6.71999979,-0.6109,13.47645092,FullOfHolesCondition,LowCongestionCondition,EvenPaceStyle
0.699996948,16.19999886,31.04999924,164.0455857,1.799999237,2.0972,30.19607925,932.5,7.130000114,-0.6918,13.60204697,FullOfHolesCondition,LowCongestionCondition,EvenPaceStyle
1.5,15.29999924,30.20999924,167.6114167,-0.899999619,2.0197,51.37255096,843.0,6.239999771,-0.7573,13.62072754,FullOfHolesCondition,LowCongestionCondition,EvenPaceStyle
1.5,12.59999943,29.18999925,179.4731111,-0.900000572,2.0739,34.11764908,947.5,5.860000134,-0.8995,13.66252899,FullOfHolesCondition,LowCongestionCondition,EvenPaceStyle
1.700000763,11.69999981,28.78499924,183.7050173,-0.899999619,2.0631,35.29411697,762.0,5.46999979,-0.9474,13.70265102,FullOfHolesCondition,LowCongestionCondition,EvenPaceStyle
1.399997711,9.899999619,28.31999925,188.1524662,-1.800000191,1.9053,75.6862793,766.5,5.360000134,-0.766,13.76930237,FullOfHolesCondition,LowCongestionCondition,EvenPaceStyle
0.700000763,5.399999619,27.10499926,199.3448803,0.899999619,1.3725,95.29412079,1182.0,14.57999992,-0.3083,13.90424156,FullOfHolesCondition,LowCongestionCondition,EvenPaceStyle
-0.099998474,7.199999809,26.51999927,201.7989054,1.800000191,1.3496,46.66666794,1584.5,13.63000011,-0.3059,13.97102642,FullOfHolesCondition,LowCongestionCondition,EvenPaceStyle
0.099998474,12.59999943,25.36499928,199.0263711,5.399999619,1.4487,20.0,791.5,5.860000134,-0.2841,14.00179195,FullOfHolesCondition,LowCongestionCondition,EvenPaceStyle
-0.5,13.5,24.35999937,192.364467,0.900000572,1.6699,76.86274719,1056.5,10.80000019,-0.3759,14.06339836,FullOfHolesCondition,LowCongestionCondition,EvenPaceStyle
-1.700000763,14.39999962,23.86499939,187.192137,0.899999619,1.7263,80.39215851,1291.0,16.07999992,-0.5466,14.10475826,FullOfHolesCondition,LowCongestionCondition,EvenPaceStyle
-0.900001526,23.39999962,23.05499942,175.3469173,9.0,1.632,63.13725662,1763.5,18.87999916,-0.2649,14.17756939,FullOfHolesCondition,LowCongestionCondition,EvenPaceStyle
0.0,27.89999962,22.84499941,170.5418323,4.5,1.4964,55.29411697,1890.5,19.69000053,-0.1939,14.21234417,FullOfHolesCondition,LowCongestionCondition,EvenPaceStyle
0.600002289,31.5,22.54499938,162.9726787,1.800001144,1.1494,19.2156868,1293.0,12.77000046,-0.2896,14.22050762,FullOfHolesCondition,LowCongestionCondition,EvenPaceStyle
0.800003052,30.59999847,22.40999934,159.630398,-0.900001526,1.1099,96.86274719,1306.0,11.85999966,-0.1755,14.34434032,FullOfHolesCondition,LowCongestionCondition,EvenPaceStyle
2.200000763,43.19999695,22.09499931,151.0011509,2.699996948,0.7101,63.13725662,1831.5,21.11000061,0.1529,14.84734058,FullOfHolesCondition,LowCongestionCondition,EvenPaceStyle
1.5,45.89999771,22.13999933,153.0542954,2.700000763,0.815,5.490196228,1895.0,20.44000053,0.0659,14.82723236,FullOfHolesCondition,LowCongestionCondition,EvenPaceStyle
1.0,46.79999924,22.19999936,155.8403309,0.900001526,0.9556,98.03921509,764.5,7.190000057,-0.0211,14.65799809,FullOfHolesCondition,LowCongestionCondition,EvenPaceStyle
1.900001526,51.29999924,22.75499942,180.810985,1.799999237,0.9303,75.29412079,1571.0,16.48999977,-0.1345,14.47481155,FullOfHolesCondition,LowCongestionCondition,EvenPaceStyle
0.800003052,113.3999939,107.4899968,38.67039937,-0.900001526,1.6624,82.35294342,2662.5,31.90999985,-0.79,9.557611465,SmoothCondition,LowCongestionCondition,EvenPaceStyle
2.099998474,112.5,108.2849968,34.25315314,-0.899993896,1.5997,84.31372833,2641.5,30.96999931,-0.7938,9.517645836,SmoothCondition,LowCongestionCondition,EvenPaceStyle
3.799995422,111.5999985,108.5249968,32.29817033,-0.900001526,1.5863,75.29412079,2628.5,32.18999863,-0.7898,9.510019302,SmoothCondition,LowCongestionCondition,EvenPaceStyle
0.699996948,110.6999969,109.6349968,22.50129246,-0.900001526,1.7671,80.78431702,2612.5,32.88000107,-0.648,9.493073463,SmoothCondition,LowCongestionCondition,EvenPaceStyle
-0.599998474,111.5999985,109.8449968,20.60488696,0.900001526,1.8908,83.52941132,2614.0,31.82999992,-0.5743,9.492275238,SmoothCondition,LowCongestionCondition,EvenPaceStyle
-2.099998474,110.6999969,110.2349968,16.84502286,-0.900001526,1.906,82.74510193,2604.0,31.29999924,-0.4956,9.495189667,SmoothCondition,LowCongestionCondition,EvenPaceStyle
-0.599998474,111.5999985,111.4349968,5.642311274,0.900001526,1.6662,83.92156982,2621.5,29.98999977,-0.6016,9.478966713,SmoothCondition,LowCongestionCondition,EvenPaceStyle
-1.799995422,112.5,111.9599969,2.806167555,0.900001526,1.9697,82.35294342,2652.0,30.46999931,-0.3358,9.439151764,SmoothCondition,LowCongestionCondition,EvenPaceStyle
-0.199996948,113.3999939,112.0499968,2.567286483,0.899993896,1.9636,81.5686264,2655.5,30.79999924,-0.3119,9.433628082,SmoothCondition,LowCongestionCondition,EvenPaceStyle
1.699996948,115.1999969,112.3049969,2.226581876,1.800003052,1.9,81.17647552,2723.5,31.82999992,-0.5098,9.429205894,SmoothCondition,LowCongestionCondition,EvenPaceStyle
1.0,116.0999985,112.5449969,2.043531343,0.900001526,1.9232,82.35294342,2748.0,31.94000053,-0.5797,9.431204796,SmoothCondition,LowCongestionCondition,EvenPaceStyle
1.799995422,117.8999939,112.8749969,2.918514761,0.899993896,2.0308,78.4313736,2778.0,33.15999985,-0.602,9.434628487,SmoothCondition,LowCongestionCondition,EvenPaceStyle
2.700004578,115.1999969,113.9999964,7.349486653,-0.900001526,2.4581,80.0,2707.0,32.29999924,-0.3364,9.405331612,SmoothCondition,LowCongestionCondition,EvenPaceStyle
1.299995422,112.5,113.9999966,7.404401705,-1.799995422,2.1887,82.35294342,2647.5,30.87999916,-0.4006,9.379901886,SmoothCondition,LowCongestionCondition,EvenPaceStyle
1.299995422,110.6999969,113.8049967,7.837087755,-0.900001526,2.0273,84.31372833,2606.0,30.29999924,-0.4168,9.352044106,SmoothCondition,LowCongestionCondition,EvenPaceStyle
0.0,112.5,113.5349969,8.644342018,0.900001526,1.6926,81.17647552,2649.0,30.12999916,-0.8894,9.26453495,SmoothCondition,LowCongestionCondition,EvenPaceStyle
2.699996948,111.5999985,113.6999972,7.981010882,-0.900001526,1.8572,1.568627477,2604.5,34.72000122,-0.9498,9.203723907,SmoothCondition,LowCongestionCondition,EvenPaceStyle
0.299995422,109.7999954,113.6849972,8.086036514,-1.800003052,1.7865,0.0,2554.0,33.99000168,-1.0814,9.204235077,SmoothCondition,LowCongestionCondition,EvenPaceStyle
1.600006104,22.5,31.93499885,289.224664,-2.699998856,1.39,30.19607925,763.0,4.739999771,-0.604,9.502075195,SmoothCondition,NormalCongestionCondition,EvenPaceStyle
1.400001526,18.89999962,31.78499885,291.8056808,-3.600000381,1.5925,28.23529434,747.0,4.269999981,-0.7423,9.51661396,SmoothCondition,NormalCongestionCondition,EvenPaceStyle
-0.400001526,2.699999809,30.82499889,323.0835769,-1.800000191,1.7604,29.01960754,754.5,4.159999847,-0.8642,9.592661858,SmoothCondition,NormalCongestionCondition,EvenPaceStyle
0.599998474,7.199999809,25.25999915,408.483429,7.199999809,2.2505,32.94117737,879.0,6.190000057,-1.2336,9.948177338,SmoothCondition,NormalCongestionCondition,EvenPaceStyle
2.5,9.0,23.92499919,397.6767939,0.900000572,2.1138,58.8235321,1236.5,9.159999847,-1.1278,10.02296543,SmoothCondition,NormalCongestionCondition,EvenPaceStyle
2.799995422,11.69999981,23.32499924,390.2632362,2.699999809,2.2462,47.05882263,1489.0,12.55000019,-0.9989,10.06198788,SmoothCondition,NormalCongestionCondition,EvenPaceStyle
1.5,15.29999924,22.12499928,368.8462889,3.599999428,2.1215,0.0,861.0,6.329999924,-0.9851,10.12474251,UnevenCondition,NormalCongestionCondition,EvenPaceStyle
-0.300003052,14.39999962,19.33499935,282.1680567,-0.899999619,1.428,30.19607925,750.5,4.159999847,-0.5728,10.14925385,UnevenCondition,NormalCongestionCondition,EvenPaceStyle
-3.199996948,11.69999981,16.10999947,182.8870024,-1.800000191,1.5146,45.88235474,762.5,4.440000057,-0.6903,10.22478771,UnevenCondition,NormalCongestionCondition,EvenPaceStyle
-2.900001526,9.899999619,14.23499955,127.9111177,-0.899999619,1.5676,42.35294342,758.0,4.46999979,-0.6623,10.31998825,UnevenCondition,NormalCongestionCondition,EvenPaceStyle
-0.300003052,9.899999619,12.28499964,85.22366411,0.899999619,1.4234,32.54901886,1520.5,14.63000011,-0.6969,10.49232388,UnevenCondition,NormalCongestionCondition,EvenPaceStyle
0.199996948,11.69999981,11.56499964,71.05552858,1.800000191,1.6511,65.09803772,915.5,10.02000046,-0.788,10.55005455,UnevenCondition,NormalCongestionCondition,EvenPaceStyle
0.099998474,15.29999924,11.33999964,66.20582537,3.599999428,1.6512,67.84313965,1161.0,9.18999958,-0.7287,10.57735825,UnevenCondition,NormalCongestionCondition,EvenPaceStyle
-0.200004578,18.0,11.24999965,64.48423225,2.700000763,1.7998,58.8235321,1269.0,9.770000458,-0.6901,10.60261822,UnevenCondition,NormalCongestionCondition,EvenPaceStyle
-0.699996948,19.79999924,11.68499964,64.15451201,1.799999237,1.8061,60.7843132,1393.0,12.07999992,-0.6855,10.65777111,UnevenCondition,NormalCongestionCondition,EvenPaceStyle
-0.099998474,22.5,12.05999964,63.67972414,2.700000763,1.8122,46.66666794,1462.0,11.88000011,-0.6965,10.6854496,UnevenCondition,NormalCongestionCondition,EvenPaceStyle
-0.899993896,23.39999962,12.82499963,62.18122457,0.899999619,1.7586,55.68627548,1669.0,15.02000046,-0.5844,10.74940109,UnevenCondition,NormalCongestionCondition,EvenPaceStyle
-1.699996948,26.09999847,13.25999961,62.18785982,2.699998856,1.6936,66.27451324,1789.5,17.69000053,-0.5381,10.78429031,UnevenCondition,NormalCongestionCondition,EvenPaceStyle
-1.199996948,27.89999962,13.6649996,64.07213959,1.800001144,1.7285,45.88235474,1617.5,17.12999916,-0.5409,10.81610775,UnevenCondition,NormalCongestionCondition,EvenPaceStyle
0.0,28.79999924,14.32499957,71.45274899,-1.799999237,1.5929,32.94117737,1136.5,11.77000046,-0.585,10.83518219,UnevenCondition,NormalCongestionCondition,EvenPaceStyle
-0.300003052,27.89999962,14.54999957,74.52457105,-0.899999619,1.4355,68.23529816,1186.5,9.68999958,-0.5686,10.84724998,UnevenCondition,NormalCongestionCondition,EvenPaceStyle
-0.200004578,29.69999886,14.80499956,78.34827408,1.799999237,1.5386,16.07843208,1101.5,10.65999985,-0.6031,10.86189461,UnevenCondition,NormalCongestionCondition,EvenPaceStyle
-1.299995422,25.19999886,15.11999952,83.46568868,-4.5,1.8177,10.1960783,1019.5,8.050000191,-0.7277,10.89478683,UnevenCondition,NormalCongestionCondition,EvenPaceStyle
-0.700004578,24.29999924,15.17999953,84.36263787,-0.899999619,1.8593,92.15686798,975.5,7.159999847,-0.767,10.89510536,UnevenCondition,NormalCongestionCondition,EvenPaceStyle
0.299995422,26.09999847,15.22499951,85.18156123,1.799999237,1.8773,23.13725471,1033.5,11.85999966,-0.784,10.94015884,UnevenCondition,NormalCongestionCondition,EvenPaceStyle
-0.599998474,25.19999886,15.20999951,84.86328173,-0.899999619,1.7905,21.56862831,1030.0,11.18999958,-0.8366,10.9611063,UnevenCondition,NormalCongestionCondition,EvenPaceStyle
-0.199996948,25.19999886,15.14999954,83.61304507,0.899999619,1.5796,100.0,1069.0,13.23999977,-0.743,11.03303051,UnevenCondition,NormalCongestionCondition,EvenPaceStyle
0.100006104,28.79999924,15.20999955,85.05548584,3.600000381,1.5067,85.09803772,1206.0,14.38000011,-0.7422,11.06064415,UnevenCondition,NormalCongestionCondition,EvenPaceStyle
-0.700004578,31.5,15.35999955,88.62955377,2.700000763,1.4728,83.13725281,1333.0,14.57999992,-0.6903,11.08851147,UnevenCondition,NormalCongestionCondition,EvenPaceStyle
-1.599998474,36.0,16.03499958,100.8379022,1.799999237,1.5102,45.88235474,1482.0,15.52000046,-0.4858,11.13998032,UnevenCondition,NormalCongestionCondition,EvenPaceStyle
-0.400001526,41.39999771,18.40499956,115.6082757,2.699996948,1.1217,69.80392456,1729.5,17.96999931,-0.4785,11.24266815,UnevenCondition,NormalCongestionCondition,EvenPaceStyle
0.199996948,43.19999695,19.12499951,119.7598671,1.799999237,1.2035,10.58823586,1738.0,21.65999985,-0.4689,11.27694416,UnevenCondition,NormalCongestionCondition,EvenPaceStyle
1.599998474,41.39999771,20.51999946,122.8948409,-0.900001526,1.1515,38.82352829,1665.5,20.71999931,-0.3482,11.30896282,UnevenCondition,NormalCongestionCondition,EvenPaceStyle
-0.599998474,40.5,21.19499946,122.0608162,-0.899997711,1.0063,46.66666794,1697.0,15.80000019,-0.446,11.33049965,UnevenCondition,NormalCongestionCondition,EvenPaceStyle
1.900001526,40.5,23.11499942,119.3168846,-0.899997711,1.1493,50.98039246,1651.0,14.77000046,-0.3978,11.3956871,UnevenCondition,NormalCongestionCondition,EvenPaceStyle
1.599998474,41.39999771,23.66999939,120.849248,0.899997711,1.2423,47.45098114,1684.5,14.72000027,-0.3516,11.41240978,UnevenCondition,NormalCongestionCondition,EvenPaceStyle
1.799995422,42.29999924,24.22499938,122.7710533,0.900001526,1.3015,43.92156982,1699.0,14.32999992,-0.2333,11.4258585,UnevenCondition,NormalCongestionCondition,EvenPaceStyle
2.0,43.19999695,24.74999933,125.9343994,0.899997711,1.3439,22.74509811,1718.5,14.40999985,-0.2293,11.44036579,UnevenCondition,NormalCongestionCondition,EvenPaceStyle
1.100006104,42.29999924,25.25999932,128.0037894,-0.899997711,1.4452,62.74509811,1676.5,20.77000046,-0.2522,11.47190762,UnevenCondition,NormalCongestionCondition,EvenPaceStyle
2.099998474,40.5,26.57999934,134.9670437,-1.799999237,1.4891,0.0,1634.5,17.32999992,-0.5382,11.55129623,UnevenCondition,NormalCongestionCondition,EvenPaceStyle
-0.599998474,38.70000076,28.72499938,133.3147833,-1.799999237,1.8929,16.47058868,1540.0,18.02000046,-0.7187,11.66082001,UnevenCondition,NormalCongestionCondition,EvenPaceStyle
0.699996948,36.89999771,29.11499934,130.3640035,-1.800003052,1.9185,21.96078491,1478.5,13.43999958,-0.7196,11.678792,UnevenCondition,NormalCongestionCondition,EvenPaceStyle
-0.300003052,36.0,29.93999931,121.2217581,-0.899997711,1.9568,0.0,1291.0,11.23999977,-1.0617,11.72178936,UnevenCondition,NormalCongestionCondition,EvenPaceStyle
0.0,22.5,30.89999932,101.419318,-6.299999237,2.2017,32.15686417,753.0,4.579999924,-1.3028,11.67962074,UnevenCondition,NormalCongestionCondition,EvenPaceStyle
-0.599998474,13.5,31.1549993,92.31505595,-6.299999237,2.2487,94.50980377,998.5,9.020000458,-1.24,11.72721195,UnevenCondition,NormalCongestionCondition,EvenPaceStyle
-1.099998474,24.29999924,31.57499927,78.78393859,8.100000381,1.8763,62.35294342,1688.5,18.82999992,-1.1723,11.86736679,UnevenCondition,NormalCongestionCondition,EvenPaceStyle
-1.199996948,28.79999924,31.79999927,74.37355722,4.5,1.8858,2.745098114,1922.5,17.57999992,-1.2069,11.90807819,UnevenCondition,NormalCongestionCondition,EvenPaceStyle
-2.200004578,31.5,32.02499927,71.09580332,2.700000763,1.8841,95.29412079,805.5,8.800000191,-1.1016,11.91131592,UnevenCondition,NormalCongestionCondition,EvenPaceStyle
-2.900001526,30.59999847,32.23499924,67.75146473,-0.900001526,1.9387,81.5686264,1293.0,14.85999966,-0.9991,11.94139862,UnevenCondition,NormalCongestionCondition,EvenPaceStyle
-1.900001526,33.29999924,32.45999924,65.09837151,2.700000763,1.9832,74.11764526,1426.0,15.07999992,-1.0177,11.96960068,UnevenCondition,NormalCongestionCondition,EvenPaceStyle
-1.700004578,38.70000076,32.92499927,62.22699105,4.5,1.7962,72.15686035,1647.5,17.61000061,-0.8671,12.02675056,UnevenCondition,NormalCongestionCondition,EvenPaceStyle
-1.0,43.19999695,33.49499925,62.33132936,2.699996948,1.6659,66.27451324,1841.0,18.90999985,-0.965,12.08107758,UnevenCondition,NormalCongestionCondition,EvenPaceStyle
-0.5,45.0,33.77999926,63.96162633,1.800003052,1.6133,61.17647171,1904.0,18.62999916,-1.0306,12.10404015,UnevenCondition,NormalCongestionCondition,EvenPaceStyle
-0.800003052,46.79999924,34.04999927,66.58932115,1.799999237,1.6286,0.0,889.0,15.32999992,-1.0018,12.11836815,UnevenCondition,NormalCongestionCondition,AggressiveStyle
0.400001526,45.89999771,34.33499924,68.41960019,-0.900001526,1.6674,30.58823586,1375.5,12.93999958,-0.8311,12.12093163,UnevenCondition,NormalCongestionCondition,AggressiveStyle
0.599998474,43.19999695,34.5899992,68.98362503,-2.700000763,1.4919,50.19607925,1387.5,13.30000019,-0.7508,12.12656784,UnevenCondition,NormalCongestionCondition,AggressiveStyle
1.199996948,46.79999924,34.87499921,71.02258261,3.600002289,1.3623,0.0,1370.5,16.29999924,-0.6249,12.14613056,UnevenCondition,NormalCongestionCondition,AggressiveStyle
0.800003052,45.0,35.84999921,72.32796353,-0.899997711,1.2432,65.49019623,1329.0,11.18999958,-0.4655,12.1677618,UnevenCondition,NormalCongestionCondition,EvenPaceStyle
1.800003052,44.09999847,36.82499924,69.55817527,-0.900001526,1.7479,1.568627477,1272.5,15.43999958,-0.7145,12.20963764,UnevenCondition,NormalCongestionCondition,EvenPaceStyle
2.100006104,45.0,37.46999922,66.00721723,1.800003052,1.7407,93.72549438,1295.0,11.38000011,-0.5992,12.23339367,UnevenCondition,NormalCongestionCondition,EvenPaceStyle
1.199996948,46.79999924,38.29499919,63.85064917,2.700000763,1.6433,52.15686417,1413.0,14.93999958,-0.68,12.27421761,UnevenCondition,NormalCongestionCondition,EvenPaceStyle
-1.0,48.59999847,38.98499915,68.95959909,-0.900001526,1.9924,39.2156868,1412.0,16.86000061,-0.6662,12.31725025,UnevenCondition,NormalCongestionCondition,EvenPaceStyle
0.699996948,44.09999847,39.85499903,75.84047864,-0.900001526,2.6551,1.176470637,1286.5,15.63000011,-0.6075,12.39273739,UnevenCondition,NormalCongestionCondition,EvenPaceStyle
1.599998474,43.19999695,39.944999,76.27980041,-0.900001526,2.6101,2.352941275,1245.0,14.97000027,-0.6477,12.5454073,UnevenCondition,NormalCongestionCondition,EvenPaceStyle
1.0,36.89999771,39.74999905,76.062199,-1.800003052,2.8201,25.88235283,1033.5,6.050000191,-1.0449,12.81429195,UnevenCondition,NormalCongestionCondition,EvenPaceStyle
0.200004578,35.09999847,39.62999903,76.30382619,-1.799999237,2.9552,21.56862831,949.5,5.829999924,-1.0349,12.8625412,UnevenCondition,NormalCongestionCondition,EvenPaceStyle
-1.5,32.39999771,39.28499896,78.05722472,-0.900001526,3.0216,41.5686264,1281.5,15.13000011,-1.1225,12.85646152,UnevenCondition,NormalCongestionCondition,EvenPaceStyle
-1.200004578,31.5,39.13499896,79.03654644,-0.899997711,2.9887,79.21569061,1271.0,9.130000114,-1.1569,12.80867767,UnevenCondition,NormalCongestionCondition,EvenPaceStyle
0.300003052,33.29999924,38.89499893,80.50827489,1.799999237,2.9985,8.627450943,1387.5,15.80000019,-1.3545,12.77588558,UnevenCondition,NormalCongestionCondition,EvenPaceStyle
0.099998474,34.20000076,38.84999898,80.81236775,0.900001526,2.9305,9.411765099,1386.0,16.36000061,-1.3963,12.83419514,UnevenCondition,NormalCongestionCondition,EvenPaceStyle
0.5,25.19999886,38.51999896,85.19552054,-5.399999619,2.7545,29.80392265,751.5,4.190000057,-1.7228,12.68446159,UnevenCondition,NormalCongestionCondition,EvenPaceStyle
0.300003052,22.5,38.41499898,87.93281668,-2.699998856,2.801,30.98039246,745.0,4.159999847,-1.808,12.68101883,UnevenCondition,NormalCongestionCondition,EvenPaceStyle
0.5,17.10000038,38.32499898,91.33207046,-5.399999619,2.8528,32.15686417,755.0,4.019999981,-1.8563,12.71832466,UnevenCondition,NormalCongestionCondition,EvenPaceStyle
0.5,0.899999976,31.58999912,338.7364882,0.899999976,2.0712,83.52941132,752.5,3.829999924,-1.1407,12.80666924,UnevenCondition,NormalCongestionCondition,EvenPaceStyle
1.0,2.699999809,30.85499913,348.4123265,1.799999833,1.8847,93.72549438,706.5,5.239999771,-0.9815,12.83330822,UnevenCondition,NormalCongestionCondition,EvenPaceStyle
1.599998474,7.199999809,30.20999916,353.6368267,4.5,1.7662,0.0,1414.5,18.77000046,-0.8687,12.8677597,UnevenCondition,NormalCongestionCondition,EvenPaceStyle
1.200004578,13.5,29.71499921,355.2602595,6.300000191,1.5715,95.29412079,1145.5,10.73999977,-0.6894,12.90361404,UnevenCondition,NormalCongestionCondition,EvenPaceStyle
-1.200004578,19.79999924,28.19999925,348.2084549,5.399999619,0.9111,76.07843018,1697.5,19.94000053,-0.1422,13.09658527,UnevenCondition,NormalCongestionCondition,EvenPaceStyle
-3.700004578,27.89999962,27.91499924,343.3436493,8.100000381,0.981,65.49019623,1776.0,17.77000046,-0.0905,13.10913563,UnevenCondition,NormalCongestionCondition,EvenPaceStyle
-4.200004578,30.59999847,27.67499922,338.4598522,2.699998856,0.9525,7.450980663,729.0,11.05000019,0.0418,13.08880806,UnevenCondition,NormalCongestionCondition,EvenPaceStyle
0.0,0.0,1.499999913,24.4006751,0.0,1.886,29.80392265,753.5,6.909999847,-0.8305,13.66354275,UnevenCondition,HighCongestionCondition,EvenPaceStyle
-0.199996948,11.69999981,0.374999992,3.275465974,4.5,1.4591,29.01960754,1423.0,14.63000011,-0.6143,13.75986767,UnevenCondition,HighCongestionCondition,EvenPaceStyle
-0.799995422,14.39999962,0.614999986,6.548414952,2.699999809,1.4136,23.52941132,950.0,7.610000134,-0.5373,13.76132298,UnevenCondition,HighCongestionCondition,EvenPaceStyle
-1.400001526,14.39999962,1.604999948,19.27776987,-0.899999619,1.7048,46.66666794,661.0,4.360000134,-0.6939,13.76970673,UnevenCondition,HighCongestionCondition,EvenPaceStyle
-0.700004578,12.59999943,2.429999932,26.31264253,0.899999619,1.6787,29.01960754,1109.0,9.109999657,-0.6206,13.82829952,UnevenCondition,HighCongestionCondition,EvenPaceStyle
-0.100006104,13.5,2.654999932,28.23810866,0.900000572,1.7529,1.568627477,1053.5,9.079999924,-0.6411,13.8863163,UnevenCondition,HighCongestionCondition,EvenPaceStyle
1.700004578,16.19999886,3.779999932,40.19247326,-0.900001526,1.8397,12.54901981,946.0,7.519999981,-0.6213,13.94331455,UnevenCondition,HighCongestionCondition,EvenPaceStyle
1.900001526,15.29999924,4.3049999,44.2916675,-0.899999619,1.8497,34.90196228,933.5,8.489999771,-0.7155,13.84573364,UnevenCondition,HighCongestionCondition,EvenPaceStyle
1.199996948,20.69999886,7.334999696,59.68807108,4.5,1.8127,22.35294151,1272.5,10.05000019,-0.7188,13.57803059,UnevenCondition,HighCongestionCondition,EvenPaceStyle
0.699996948,19.79999924,7.664999684,61.29891842,-0.899999619,1.8496,34.11764908,1296.0,14.57999992,-0.7974,13.61840439,UnevenCondition,HighCongestionCondition,EvenPaceStyle
1.300003052,19.79999924,8.339999652,64.21972317,-0.899999619,1.7629,2.352941275,1157.0,14.63000011,-0.9511,13.67346478,UnevenCondition,HighCongestionCondition,EvenPaceStyle
-0.900001526,17.10000038,8.939999652,64.68650323,-1.799999237,1.7948,9.8039217,1074.0,8.020000458,-0.9947,13.76412964,UnevenCondition,HighCongestionCondition,EvenPaceStyle
-0.900001526,16.19999886,9.779999646,63.05552071,-0.900001526,1.938,30.19607925,737.0,5.079999924,-1.0329,13.79038429,UnevenCondition,HighCongestionCondition,EvenPaceStyle
-2.199996948,12.59999943,10.22999963,60.10382602,-1.800000191,2.0006,31.76470566,754.5,4.329999924,-1.0403,13.75738525,UnevenCondition,HighCongestionCondition,EvenPaceStyle
-1.400001526,14.39999962,11.02499959,52.70834353,2.699999809,1.7991,88.62744904,1039.0,12.15999985,-1.0921,13.66483784,UnevenCondition,HighCongestionCondition,EvenPaceStyle
-1.5,17.10000038,11.3099996,51.19108113,2.700000763,1.7848,69.80392456,1303.0,10.80000019,-1.0043,13.63533592,UnevenCondition,HighCongestionCondition,EvenPaceStyle
-2.799995422,21.59999847,11.66999958,50.68586057,4.499998093,1.6971,16.86274529,1267.5,14.57999992,-1.2238,13.62177753,UnevenCondition,HighCongestionCondition,EvenPaceStyle
-2.599998474,17.10000038,12.62999955,45.88077617,-1.799999237,1.7403,49.41176605,987.5,7.409999847,-1.3187,13.62396717,UnevenCondition,HighCongestionCondition,EvenPaceStyle
-1.699996948,16.19999886,12.89999953,43.31897968,-0.900001526,1.7963,55.68627548,1103.5,7.940000057,-1.3848,13.62133217,UnevenCondition,HighCongestionCondition,EvenPaceStyle
-2.0,17.10000038,13.18499954,40.71485288,0.900001526,1.7267,51.76470566,1174.5,8.659999847,-1.3742,13.62146759,UnevenCondition,HighCongestionCondition,EvenPaceStyle
-2.200004578,18.89999962,13.49999953,38.22101412,1.799999237,1.6395,33.33333206,1237.5,14.18999958,-1.3919,13.63499832,UnevenCondition,HighCongestionCondition,EvenPaceStyle
-2.5,19.79999924,13.82999952,35.69399734,0.899999619,1.6031,0.0,1183.0,13.68999958,-1.2351,13.65246868,UnevenCondition,HighCongestionCondition,EvenPaceStyle
-2.5,17.10000038,15.3749995,18.9812275,-1.799999237,1.4001,47.05882263,988.0,7.940000057,-1.3712,13.65495682,UnevenCondition,HighCongestionCondition,EvenPaceStyle
-2.799995422,16.19999886,15.89999947,10.69932126,0.899999619,1.2954,4.705882549,1004.5,7.989999771,-1.4252,13.69001293,UnevenCondition,HighCongestionCondition,EvenPaceStyle
-2.0,15.29999924,16.09499946,8.102516368,-0.899999619,1.3378,16.86274529,931.0,7.360000134,-1.4226,13.7132225,UnevenCondition,HighCongestionCondition,EvenPaceStyle
-0.800003052,12.59999943,16.16999947,6.918406218,-0.900000572,1.6235,29.41176605,889.0,5.019999981,-1.356,13.73557854,UnevenCondition,HighCongestionCondition,EvenPaceStyle
-0.200004578,11.69999981,16.10999948,7.240575653,-0.899999619,1.4521,31.37254906,745.0,4.269999981,-1.3441,13.75255299,UnevenCondition,HighCongestionCondition,EvenPaceStyle
-0.300003052,9.0,16.01999949,8.039592486,-2.699999809,1.5348,31.76470566,756.5,4.409999847,-1.3469,13.77236843,UnevenCondition,HighCongestionCondition,EvenPaceStyle
0.400001526,8.099999428,15.92999948,8.98688068,-0.900000572,1.5172,33.33333206,757.5,4.239999771,-1.3782,13.8235321,UnevenCondition,HighCongestionCondition,EvenPaceStyle
0.199996948,0.899999976,15.23999949,21.33091381,0.899999976,1.3783,81.17647552,1023.0,12.88000011,-1.138,13.89775181,UnevenCondition,HighCongestionCondition,EvenPaceStyle
0.400001526,2.699999809,14.99999948,23.87898141,1.799999833,1.397,8.235294342,953.0,8.739999771,-1.1223,13.92512512,UnevenCondition,HighCongestionCondition,EvenPaceStyle
-1.899997711,10.79999924,14.68499946,25.79620993,6.299999237,1.0769,34.11764908,732.0,5.46999979,-0.9838,13.93358517,UnevenCondition,HighCongestionCondition,EvenPaceStyle
-2.000003815,11.69999981,14.51999948,26.09755745,0.900000572,1.0171,74.11764526,935.5,5.860000134,-0.6727,13.94258022,UnevenCondition,HighCongestionCondition,EvenPaceStyle
-1.0,16.19999886,14.47499948,26.25749808,4.499999046,0.9824,46.27450943,1100.5,7.909999847,-0.5304,13.95251369,UnevenCondition,HighCongestionCondition,EvenPaceStyle
-0.799995422,18.0,14.5049995,26.41675241,1.800001144,1.0501,42.74509811,1212.5,8.859999657,-0.5114,13.95818424,UnevenCondition,HighCongestionCondition,EvenPaceStyle
-0.900001526,19.79999924,14.56499951,26.83959986,1.799999237,1.1811,11.76470566,1307.0,9.880000114,-0.5309,13.95567608,UnevenCondition,HighCongestionCondition,EvenPaceStyle
-1.599998474,20.69999886,14.63999951,27.42650654,0.899999619,1.1509,0.0,1330.5,15.48999977,-0.607,13.97403431,UnevenCondition,HighCongestionCondition,EvenPaceStyle
0.899997711,19.79999924,14.77499951,28.39919287,-0.899999619,1.1271,21.17647171,1272.0,9.359999657,-0.545,14.03720474,UnevenCondition,HighCongestionCondition,EvenPaceStyle
1.799999237,20.69999886,14.90999952,29.33481139,0.899999619,1.3612,0.0,1214.0,14.13000011,-0.514,14.09824657,UnevenCondition,HighCongestionCondition,EvenPaceStyle
1.600002289,18.89999962,14.95499953,29.57437923,-1.799999237,1.3268,2.352941275,1144.5,13.43999958,-0.4666,14.14180279,UnevenCondition,HighCongestionCondition,EvenPaceStyle
0.5,18.0,14.98499955,29.70434541,-0.899999619,1.4317,3.529411793,1080.5,10.43999958,-0.4787,14.18418217,UnevenCondition,HighCongestionCondition,EvenPaceStyle
1.0,16.19999886,14.86499957,28.84400665,-0.900001526,1.4267,17.25490189,923.5,5.610000134,-0.5114,14.19471455,UnevenCondition,HighCongestionCondition,EvenPaceStyle
1.599998474,15.29999924,14.77499958,28.26190509,-0.899999619,1.4376,25.49019623,883.0,5.159999847,-0.621,14.19713879,UnevenCondition,HighCongestionCondition,EvenPaceStyle
0.599998474,14.39999962,14.62499958,27.52970174,-0.899999619,1.3981,27.84313774,874.5,4.909999847,-0.6738,14.16706848,UnevenCondition,HighCongestionCondition,EvenPaceStyle
0.700004578,13.5,14.51999956,27.33315074,-0.899999619,1.5051,31.37254906,850.0,4.829999924,-0.7726,14.14301395,UnevenCondition,HighCongestionCondition,EvenPaceStyle
-2.700000763,11.69999981,14.36999957,27.31942185,-1.800000191,1.9189,29.80392265,834.0,3.880000114,-1.0373,14.16558838,UnevenCondition,HighCongestionCondition,EvenPaceStyle
-3.699996948,11.69999981,14.27999956,27.69009988,0.900000572,2.2152,70.58823395,1027.5,10.27000046,-0.8462,14.30928516,UnevenCondition,HighCongestionCondition,EvenPaceStyle
-3.500003815,12.59999943,14.20499955,27.59743032,0.899999619,2.1733,43.52941132,1264.5,11.02000046,-0.7574,14.38184071,UnevenCondition,HighCongestionCondition,EvenPaceStyle
-4.599998474,20.69999886,14.18999955,27.38532027,8.099999428,2.0635,38.03921509,1445.0,11.77000046,-0.7296,14.42684746,UnevenCondition,HighCongestionCondition,EvenPaceStyle
-2.999996185,22.5,14.20499958,27.62488846,1.800001144,1.9315,25.09803963,1510.0,12.30000019,-0.6193,14.41082764,UnevenCondition,HighCongestionCondition,EvenPaceStyle
-2.0,25.19999886,14.42999955,30.83399817,0.899999619,1.8145,0.0,1564.0,18.36000061,-0.7078,14.40736961,UnevenCondition,HighCongestionCondition,EvenPaceStyle
-2.200000763,24.29999924,14.69999953,34.20304864,-0.899999619,2.0054,30.98039246,1521.5,11.63000011,-0.6765,14.39985466,UnevenCondition,HighCongestionCondition,EvenPaceStyle
-2.600002289,25.19999886,14.87999952,36.86094665,0.899999619,2.1096,25.09803963,1634.5,19.69000053,-0.6905,14.46940708,UnevenCondition,HighCongestionCondition,EvenPaceStyle
-0.700000763,19.79999924,15.53999946,44.42277615,-0.899999619,2.1631,3.921568632,1086.5,14.10999966,-0.8015,14.67103767,UnevenCondition,HighCongestionCondition,EvenPaceStyle
-0.100002289,16.19999886,15.55499945,44.4289541,-3.600000381,2.0842,9.8039217,987.0,9.859999657,-0.77,14.71266651,UnevenCondition,HighCongestionCondition,EvenPaceStyle
0.299999237,11.69999981,15.56999943,44.54450496,-2.699999809,2.0474,31.76470566,746.0,4.329999924,-1.0847,14.80338383,UnevenCondition,HighCongestionCondition,EvenPaceStyle
0.099998474,10.79999924,15.52499942,44.85546266,-0.900000572,2.0425,28.62745094,759.5,4.269999981,-1.2169,14.82611656,UnevenCondition,HighCongestionCondition,EvenPaceStyle
0.699996948,9.899999619,15.46499941,45.3734966,-0.899999619,2.2754,30.98039246,751.5,4.190000057,-1.4009,14.96085453,UnevenCondition,HighCongestionCondition,EvenPaceStyle
1.0,7.199999809,15.43499941,45.82197119,-2.699999809,2.1957,58.8235321,763.5,4.050000191,-1.2374,15.03078175,UnevenCondition,HighCongestionCondition,EvenPaceStyle
0.299999237,3.599999905,15.35999942,47.27836931,-3.599999905,2.0764,36.86274719,712.5,4.630000114,-1.1374,15.08920765,UnevenCondition,HighCongestionCondition,EvenPaceStyle
-0.900001526,5.399999619,15.53999941,42.25362382,0.899999619,1.7469,57.25490189,837.0,7.860000134,-0.9574,15.32506466,UnevenCondition,HighCongestionCondition,EvenPaceStyle
-0.700000763,6.299999714,15.59999941,40.90270865,0.900000095,1.6973,79.60784149,1043.0,9.020000458,-0.924,15.37233639,UnevenCondition,HighCongestionCondition,EvenPaceStyle
-0.799999237,9.899999619,15.68999941,39.35684442,3.599999905,1.6364,39.2156868,1140.5,11.72000027,-0.9779,15.4214201,UnevenCondition,HighCongestionCondition,EvenPaceStyle
0.0,12.59999943,15.71999941,39.11247151,2.699999809,1.6347,0.392156869,1093.5,12.52000046,-1.0354,15.47295952,UnevenCondition,HighCongestionCondition,EvenPaceStyle
0.5,16.19999886,15.8099994,38.69786131,3.599999428,1.6159,6.666666985,972.5,7.690000057,-1.0746,15.5032959,UnevenCondition,HighCongestionCondition,EvenPaceStyle
2.799999237,15.29999924,15.94499938,38.1137004,-0.899999619,1.3843,83.13725281,1214.0,13.55000019,-0.7361,15.64444733,UnevenCondition,HighCongestionCondition,EvenPaceStyle
1.0,16.19999886,15.79499938,37.84827663,1.799999237,1.1083,0.0,1521.5,17.15999985,-0.6431,15.73856354,UnevenCondition,HighCongestionCondition,EvenPaceStyle
0.599998474,23.39999962,15.91499939,39.49756483,-1.799999237,1.3194,23.92156982,780.5,12.57999992,-0.7704,15.83013058,UnevenCondition,HighCongestionCondition,EvenPaceStyle
0.400001526,14.39999962,15.8249994,39.27241229,-5.399999619,1.4538,30.58823586,756.0,4.550000191,-0.858,15.8492794,UnevenCondition,HighCongestionCondition,EvenPaceStyle
-0.899997711,13.5,15.70499942,38.94658183,-0.899999619,1.4342,30.98039246,747.0,4.110000134,-0.867,15.92636013,UnevenCondition,HighCongestionCondition,EvenPaceStyle
-2.099998474,1.799999952,15.41999942,41.96806461,-11.70000005,1.5346,54.50980377,744.0,4.21999979,-0.963,16.02189064,UnevenCondition,HighCongestionCondition,EvenPaceStyle
-0.299999237,3.599999905,14.92499941,47.07037762,1.799999952,1.7472,60.39215851,777.0,4.360000134,-1.0379,16.23476219,UnevenCondition,HighCongestionCondition,EvenPaceStyle
-0.700000763,4.5,14.33999945,52.87972457,0.900000095,1.9929,29.41176605,758.0,4.409999847,-1.3534,16.82994652,UnevenCondition,HighCongestionCondition,EvenPaceStyle
-1.899997711,1.799999952,14.12999946,55.50009724,-2.700000048,2.0549,29.80392265,746.5,4.269999981,-1.3524,17.10056305,UnevenCondition,HighCongestionCondition,EvenPaceStyle
-0.300003052,0.899999976,10.81499956,85.79111986,0.899999976,1.6449,99.60784149,713.0,4.909999847,-0.7731,17.47776794,UnevenCondition,HighCongestionCondition,EvenPaceStyle
-2.200000763,9.0,10.1549996,79.76691706,7.200000048,1.7234,26.66666794,1549.5,14.47000027,-0.8853,17.6806469,UnevenCondition,HighCongestionCondition,EvenPaceStyle
-2.5,11.69999981,9.944999609,76.37132403,2.699999809,1.5286,66.27451324,761.5,5.880000114,-0.7959,17.68589592,UnevenCondition,HighCongestionCondition,EvenPaceStyle
-2.599998474,11.69999981,9.059999667,59.63430051,-0.899999619,1.5788,33.72549057,747.5,4.489999771,-0.8018,18.04932213,UnevenCondition,HighCongestionCondition,EvenPaceStyle
-1.799999237,10.79999924,8.834999667,55.69756342,-0.900000572,1.5809,30.19607925,752.5,4.380000114,-0.8149,18.08846474,UnevenCondition,HighCongestionCondition,EvenPaceStyle
-1.599998474,7.199999809,8.354999663,48.38285157,-3.599999428,1.3686,85.09803772,667.5,5.409999847,-0.6192,17.96604156,UnevenCondition,HighCongestionCondition,EvenPaceStyle
0.5,9.0,7.949999692,43.44253854,1.800000191,1.0295,72.15686035,880.5,7.769999981,-0.3896,17.86782074,UnevenCondition,HighCongestionCondition,EvenPaceStyle
0.599998474,9.899999619,7.844999705,42.34217436,0.899999619,1.092,27.84313774,906.5,5.860000134,-0.4546,17.80831718,UnevenCondition,HighCongestionCondition,EvenPaceStyle
0.100002289,11.69999981,7.769999721,41.40518309,1.800000191,1.1686,30.58823586,854.0,4.659999847,-0.5073,17.78853798,UnevenCondition,HighCongestionCondition,EvenPaceStyle
1.0,0.899999976,7.019999735,44.33857272,0.899999976,1.3325,72.15686035,704.0,4.96999979,-0.52,17.90601158,UnevenCondition,HighCongestionCondition,EvenPaceStyle
0.900001526,3.599999905,6.944999739,44.84081844,1.799999952,1.1367,28.23529434,1028.5,7.489999771,-0.4248,18.02849579,UnevenCondition,HighCongestionCondition,EvenPaceStyle
0.699996948,9.0,6.95999974,44.77972524,0.900000572,1.0905,28.62745094,1029.5,6.079999924,-0.3927,18.11660767,UnevenCondition,HighCongestionCondition,EvenPaceStyle
0.5,8.099999428,6.764999759,42.84739508,-0.900000572,1.1643,32.94117737,940.5,5.940000057,-0.4369,18.19464493,UnevenCondition,HighCongestionCondition,EvenPaceStyle
1.0,9.0,6.419999778,39.13992946,0.900000572,1.5303,50.58823776,1661.5,15.23999977,-0.5999,18.42250633,UnevenCondition,HighCongestionCondition,EvenPaceStyle
0.600002289,9.899999619,6.344999778,38.26014135,0.899999619,1.4927,5.09803915,809.0,6.300000191,-0.5131,18.44513893,UnevenCondition,HighCongestionCondition,EvenPaceStyle
0.900001526,13.5,6.299999797,37.47965866,3.600000381,1.5192,27.45098114,749.0,4.860000134,-0.5243,18.43176842,UnevenCondition,HighCongestionCondition,EvenPaceStyle
0.299999237,12.59999943,6.089999807,32.05311682,-0.900000572,1.6019,30.58823586,753.5,4.489999771,-0.5725,18.44172859,UnevenCondition,HighCongestionCondition,EvenPaceStyle
1.0,11.69999981,5.89499981,27.46929489,-0.899999619,1.5598,31.37254906,752.0,4.329999924,-0.5228,18.48349953,UnevenCondition,HighCongestionCondition,EvenPaceStyle
1.100002289,6.299999714,5.594999818,23.1492952,-3.599999905,1.4274,88.62744904,709.0,4.239999771,-0.3741,18.5279007,UnevenCondition,HighCongestionCondition,EvenPaceStyle
1.400001526,7.199999809,5.489999815,22.12260871,0.900000095,1.4485,86.66667175,1060.5,6.190000057,-0.4637,18.56521034,UnevenCondition,HighCongestionCondition,EvenPaceStyle
0.900001526,8.099999428,5.594999806,21.99607479,0.899999619,1.5165,27.05882454,780.5,6.659999847,-0.552,18.59202003,UnevenCondition,HighCongestionCondition,EvenPaceStyle
1.200000763,7.199999809,5.759999796,21.80684598,-0.899999619,1.7438,60.39215851,760.5,4.550000191,-0.7347,18.87035942,UnevenCondition,HighCongestionCondition,EvenPaceStyle
1.199996948,6.299999714,5.804999793,21.73065107,-0.900000095,1.6844,56.86274719,689.0,4.71999979,-0.7234,19.03307533,UnevenCondition,HighCongestionCondition,EvenPaceStyle
-0.299999237,1.799999952,4.109999837,19.14803254,1.799999952,1.5138,71.37255096,792.0,6.239999771,-0.5338,20.3281002,UnevenCondition,HighCongestionCondition,EvenPaceStyle
-0.200000763,2.699999809,3.959999837,18.18243932,0.899999857,1.4955,87.84313965,1388.5,16.36000061,-0.5906,20.60585785,UnevenCondition,HighCongestionCondition,EvenPaceStyle
0.599998474,11.69999981,3.974999847,18.40461742,9.0,1.6078,0.0,891.5,6.440000057,-0.6684,20.76504707,UnevenCondition,HighCongestionCondition,EvenPaceStyle
0.700000763,13.5,4.034999853,19.34366836,1.800000191,1.5042,71.76470947,870.0,10.52000046,-0.5677,20.89844131,UnevenCondition,HighCongestionCondition,EvenPaceStyle
3.899997711,15.29999924,4.334999853,22.61112586,1.799999237,1.2989,80.0,1488.5,18.04999924,-0.453,20.969347,UnevenCondition,HighCongestionCondition,EvenPaceStyle
4.0,22.5,4.709999853,27.74227004,7.200000763,1.3109,72.15686035,1732.0,17.94000053,-0.441,20.92915726,UnevenCondition,HighCongestionCondition,EvenPaceStyle
3.0,27.0,5.159999853,35.58142272,4.5,1.3271,10.58823586,1715.0,20.86000061,-0.4901,20.85891533,UnevenCondition,HighCongestionCondition,EvenPaceStyle
3.0,21.59999847,6.779999785,58.49755629,-2.700000763,1.623,4.313725471,1088.5,14.73999977,-0.6119,20.73086929,UnevenCondition,HighCongestionCondition,EvenPaceStyle
0.700000763,16.19999886,7.16999977,62.13569156,-2.700000763,1.8484,32.54901886,944.0,6.019999981,-0.6857,20.63504791,UnevenCondition,HighCongestionCondition,EvenPaceStyle
-0.599998474,14.39999962,7.259999764,62.95667456,-1.799999237,1.7612,38.82352829,839.5,5.110000134,-0.7279,20.57368088,UnevenCondition,HighCongestionCondition,EvenPaceStyle
-0.100002289,13.5,7.334999764,63.55959832,-0.899999619,1.9284,41.5686264,814.5,5.019999981,-0.8072,20.53864098,UnevenCondition,HighCongestionCondition,EvenPaceStyle
1.200000763,12.59999943,7.409999764,64.01379318,-0.900000572,1.9574,25.49019623,802.0,5.110000134,-0.8383,20.54379463,UnevenCondition,HighCongestionCondition,EvenPaceStyle
-0.600002289,11.69999981,7.54499977,64.74759823,-0.899999619,2.0514,29.80392265,877.5,4.380000114,-1.0413,20.50410652,UnevenCondition,HighCongestionCondition,EvenPaceStyle
-1.0,13.5,7.649999774,65.50016608,1.800000191,2.0168,56.07843399,933.0,6.46999979,-1.2848,20.41820717,UnevenCondition,HighCongestionCondition,EvenPaceStyle
-2.299999237,14.39999962,7.664999767,65.69214058,0.899999619,1.9961,38.82352829,952.5,6.300000191,-1.227,20.38621902,UnevenCondition,HighCongestionCondition,EvenPaceStyle
-1.899997711,17.10000038,7.889999767,68.35209819,1.800001144,1.98,24.70588303,1353.0,15.73999977,-1.3219,20.37479591,UnevenCondition,HighCongestionCondition,EvenPaceStyle
-2.200000763,21.59999847,8.144999746,71.42895353,4.499998093,2.0483,14.50980377,1309.0,9.859999657,-1.3451,20.36434555,UnevenCondition,HighCongestionCondition,EvenPaceStyle
-2.400001526,20.69999886,8.369999731,74.03399553,-0.899999619,2.0615,48.23529434,1352.5,10.48999977,-1.332,20.38208008,UnevenCondition,HighCongestionCondition,EvenPaceStyle
-0.099998474,19.79999924,9.554999705,86.96081676,-1.799999237,1.7051,14.90196133,1149.0,14.13000011,-1.2976,20.50491524,UnevenCondition,HighCongestionCondition,EvenPaceStyle
0.099998474,19.79999924,10.72499967,92.18325699,-0.899999619,1.4377,22.74509811,1214.0,14.22000027,-1.0038,20.4618187,UnevenCondition,HighCongestionCondition,EvenPaceStyle
-0.799999237,20.69999886,11.98499964,88.45451144,1.799999237,1.6699,10.98039246,1251.5,14.60999966,-0.7732,20.36333084,UnevenCondition,HighCongestionCondition,EvenPaceStyle
-0.200000763,19.79999924,12.31499962,86.944342,-0.899999619,1.7301,29.41176605,1216.5,11.32999992,-0.7818,20.33966255,UnevenCondition,HighCongestionCondition,EvenPaceStyle
-0.5,18.0,12.94499961,82.89708806,-1.799999237,1.8849,3.529411793,1074.0,9.859999657,-0.9545,20.3640461,UnevenCondition,HighCongestionCondition,EvenPaceStyle
-0.400001526,17.10000038,13.22999962,80.26687647,-0.899999619,1.917,29.01960754,1031.5,10.48999977,-0.8961,20.35466385,UnevenCondition,HighCongestionCondition,EvenPaceStyle
0.799999237,16.19999886,13.78499961,74.42366499,-0.900001526,2.0755,17.64705849,904.0,5.610000134,-0.9803,20.39181328,UnevenCondition,HighCongestionCondition,EvenPaceStyle
0.600002289,14.39999962,14.0249996,71.15071603,-1.799999237,1.9773,29.01960754,855.0,5.050000191,-0.9561,20.39362144,UnevenCondition,HighCongestionCondition,EvenPaceStyle
0.199996948,13.5,14.2499996,67.76999587,-0.899999619,1.9164,31.37254906,780.5,4.409999847,-0.8384,20.38227463,UnevenCondition,HighCongestionCondition,EvenPaceStyle
0.200000763,12.59999943,14.45999959,64.3295554,-0.900000572,1.7875,42.74509811,742.5,4.46999979,-0.6899,20.40873146,UnevenCondition,HighCongestionCondition,EvenPaceStyle
-0.899997711,9.0,14.99999958,54.16474234,-2.699999809,1.7867,31.76470566,747.0,4.130000114,-0.8319,20.3575592,UnevenCondition,HighCongestionCondition,EvenPaceStyle
-1.0,10.79999924,15.98999951,31.61379508,2.699999809,1.9558,31.37254906,784.0,4.769999981,-0.7916,20.24503899,UnevenCondition,HighCongestionCondition,EvenPaceStyle
-2.0,12.59999943,16.22999948,26.35840575,0.899999619,1.7253,32.15686417,967.0,6.300000191,-0.6356,20.05555153,UnevenCondition,HighCongestionCondition,EvenPaceStyle
-1.799999237,13.5,15.79499947,24.0920071,0.900000572,1.7699,47.84313965,1001.5,6.800000191,-0.6053,19.92328644,UnevenCondition,HighCongestionCondition,EvenPaceStyle
-0.300003052,5.399999619,14.71499955,19.16061778,-7.199999809,1.953,69.80392456,1001.5,4.079999924,-0.6486,20.24458694,UnevenCondition,LowCongestionCondition,EvenPaceStyle
0.5,8.099999428,14.35499955,22.91132957,1.799999714,1.8038,67.45098114,837.0,6.050000191,-0.792,20.19864464,UnevenCondition,LowCongestionCondition,EvenPaceStyle
0.099998474,10.79999924,14.30999954,23.11108386,2.699999809,1.6389,85.88235474,904.5,6.630000114,-0.6817,20.11193085,UnevenCondition,LowCongestionCondition,EvenPaceStyle
-0.099998474,13.5,14.29499954,23.12183808,2.700000763,1.7996,82.74510193,1066.5,9.880000114,-0.6435,20.08373451,UnevenCondition,LowCongestionCondition,EvenPaceStyle
2.5,16.19999886,14.29499954,23.14929568,1.799999237,1.7022,65.88235474,1522.5,15.18999958,-0.5718,20.16753197,UnevenCondition,LowCongestionCondition,EvenPaceStyle
2.200000763,23.39999962,14.39999953,24.40982953,7.200000763,1.6575,61.17647171,1678.0,16.04999924,-0.5914,20.19002151,UnevenCondition,LowCongestionCondition,EvenPaceStyle
2.5,28.79999924,14.51999954,27.03111777,5.399999619,1.6584,23.52941132,1745.0,21.21999931,-0.6158,20.22896004,UnevenCondition,LowCongestionCondition,EvenPaceStyle
1.899997711,27.89999962,14.63999956,29.40345693,-0.899999619,1.668,0.0,1712.5,15.60999966,-0.6914,20.2589016,UnevenCondition,LowCongestionCondition,EvenPaceStyle
-2.0,23.39999962,15.28499957,39.88197427,1.800001144,1.3505,48.23529434,1552.5,12.40999985,-0.8739,20.2710247,UnevenCondition,LowCongestionCondition,EvenPaceStyle
-2.900001526,25.19999886,15.44999956,42.06966053,1.799999237,1.6318,0.0,1439.0,18.02000046,-1.0353,20.30181694,UnevenCondition,LowCongestionCondition,EvenPaceStyle
-3.700000763,20.69999886,15.58499954,43.72604152,-4.5,1.5093,57.64706039,1419.0,12.80000019,-1.0035,20.42643166,UnevenCondition,LowCongestionCondition,EvenPaceStyle
-3.0,24.29999924,15.64499954,44.56624494,3.600000381,1.4725,63.13725662,1537.5,15.05000019,-0.9375,20.49033165,UnevenCondition,LowCongestionCondition,EvenPaceStyle
-5.299999237,27.0,15.76499956,46.44434685,2.700000763,1.7984,15.68627453,1711.0,16.82999992,-1.1077,20.55673218,UnevenCondition,LowCongestionCondition,EvenPaceStyle
-1.0,18.0,16.51499952,52.74129609,-2.699998856,2.3339,5.490196228,1047.0,8.720000267,-1.5765,21.08395386,UnevenCondition,LowCongestionCondition,EvenPaceStyle
1.0,14.39999962,16.54499953,52.55641472,-3.600000381,2.4437,24.31372643,1018.0,8.609999657,-1.4393,21.05264282,UnevenCondition,LowCongestionCondition,EvenPaceStyle
5.0,17.10000038,16.63499954,52.15553342,2.700000763,2.208,76.86274719,1115.5,10.27000046,-1.4083,21.039608,UnevenCondition,LowCongestionCondition,EvenPaceStyle
3.899997711,18.0,16.73999954,51.76311823,0.899999619,2.1176,81.17647552,1273.5,12.85999966,-1.3203,21.05699158,UnevenCondition,LowCongestionCondition,EvenPaceStyle
5.299999237,20.69999886,16.93499952,50.97485556,2.699998856,2.0364,60.0,1420.0,12.82999992,-1.3264,21.07304001,UnevenCondition,LowCongestionCondition,EvenPaceStyle
5.700000763,23.39999962,17.18999952,50.29413521,2.700000763,1.9985,45.49019623,1508.5,12.23999977,-1.2962,21.07239723,UnevenCondition,LowCongestionCondition,EvenPaceStyle
4.5,21.59999847,17.90999952,47.02667745,-0.900001526,1.9481,16.07843208,1243.5,11.93999958,-1.2837,21.04257584,UnevenCondition,LowCongestionCondition,EvenPaceStyle
1.5,17.10000038,18.28499952,43.86332977,-4.499998093,2.2395,28.23529434,749.5,5.739999771,-1.5641,20.96113014,UnevenCondition,LowCongestionCondition,EvenPaceStyle
-3.399997711,13.5,18.32999953,43.29976182,-3.600000381,2.3529,29.41176605,757.0,4.690000057,-1.4292,20.96866989,UnevenCondition,LowCongestionCondition,EvenPaceStyle
-3.200000763,4.5,18.26999956,45.0112868,-9.0,2.1502,63.52941132,709.5,3.720000029,-1.4729,21.0102787,UnevenCondition,LowCongestionCondition,EvenPaceStyle
-3.700000763,5.399999619,18.16499956,47.07587158,0.899999619,2.0232,57.64706039,731.5,4.96999979,-1.3325,21.01684952,UnevenCondition,LowCongestionCondition,EvenPaceStyle
-2.299999237,8.099999428,18.10499955,48.08082083,2.699999809,1.8425,59.60784531,943.0,7.739999771,-1.2765,21.03549767,UnevenCondition,LowCongestionCondition,EvenPaceStyle
-3.700000763,10.79999924,17.99999955,49.6433887,2.699999809,1.5003,50.98039246,766.0,6.190000057,-1.0899,21.03413773,UnevenCondition,LowCongestionCondition,EvenPaceStyle
-1.900001526,14.39999962,17.93999952,50.43599912,3.600000381,1.2097,89.01960754,1192.0,12.48999977,-0.7355,21.09314537,UnevenCondition,LowCongestionCondition,EvenPaceStyle
-2.200000763,16.19999886,17.98499951,50.15112636,1.799999237,1.1917,44.31372452,1168.5,11.82999992,-0.7491,21.14290619,UnevenCondition,LowCongestionCondition,EvenPaceStyle
-0.5,19.79999924,18.08999949,49.85481286,3.600000381,1.3023,17.25490189,748.5,6.019999981,-0.8014,21.08587456,UnevenCondition,LowCongestionCondition,EvenPaceStyle
-0.399997711,18.0,18.16499949,49.49214344,-1.799999237,1.3683,27.05882454,752.0,4.829999924,-0.8292,20.99145508,UnevenCondition,LowCongestionCondition,EvenPaceStyle
-1.799999237,16.19999886,18.20999947,49.18667747,-1.800001144,1.4967,29.41176605,749.5,4.269999981,-0.9447,20.93400574,UnevenCondition,LowCongestionCondition,EvenPaceStyle
-0.5,7.199999809,18.17999949,49.3633213,-1.800000191,1.5518,32.15686417,747.5,4.050000191,-1.0164,20.8167572,UnevenCondition,LowCongestionCondition,EvenPaceStyle
0.299999237,3.599999905,17.50499952,66.76115901,3.599999905,1.4614,29.01960754,750.5,4.96999979,-1.0102,21.06834793,UnevenCondition,LowCongestionCondition,EvenPaceStyle
1.400001526,1.799999952,16.72499954,76.97173476,-0.899999857,1.5567,42.35294342,782.0,4.71999979,-1.0789,21.30328178,UnevenCondition,LowCongestionCondition,EvenPaceStyle
1.700000763,0.0,15.80999956,80.04904798,-1.799999952,1.9588,26.27450943,704.5,4.940000057,-1.2277,21.49888992,UnevenCondition,LowCongestionCondition,EvenPaceStyle
-1.5,39.59999847,32.14499912,64.55539535,0.899997711,0.916,70.58823395,1760.0,25.57999992,-0.9382,18.09646988,FullOfHolesCondition,LowCongestionCondition,EvenPaceStyle
-2.0,44.09999847,32.47499911,65.8239375,4.5,0.9007,67.84313965,1841.0,18.77000046,-0.8911,18.02551842,FullOfHolesCondition,LowCongestionCondition,EvenPaceStyle
-1.399997711,45.0,33.05999912,69.29938672,0.900001526,0.53,89.01960754,1366.5,18.12999916,-0.7811,17.79466438,FullOfHolesCondition,LowCongestionCondition,EvenPaceStyle
-0.599998474,46.79999924,33.47999913,74.70670906,1.799999237,0.1809,0.0,1350.5,16.98999977,-0.7944,17.6076355,FullOfHolesCondition,LowCongestionCondition,EvenPaceStyle
-0.699996948,45.0,33.92999913,79.69026883,-1.799999237,0.2393,1.568627477,1253.5,15.93999958,-0.9722,17.43874168,FullOfHolesCondition,LowCongestionCondition,EvenPaceStyle
1.0,36.0,34.12499908,81.74936072,-7.199996948,0.8308,34.50980377,801.5,5.940000057,-1.2763,16.66725159,FullOfHolesCondition,LowCongestionCondition,EvenPaceStyle
1.100002289,29.69999886,33.89999911,80.63389532,-6.300001144,1.0692,32.15686417,800.5,5.96999979,-1.5255,16.44425583,FullOfHolesCondition,LowCongestionCondition,EvenPaceStyle
0.599998474,15.29999924,33.04499912,84.10522531,-7.200000763,1.4789,32.54901886,796.5,5.860000134,-1.7621,16.33932304,FullOfHolesCondition,LowCongestionCondition,EvenPaceStyle
2.199996948,11.69999981,32.51999917,89.79925104,-3.599999428,1.4833,32.15686417,804.5,6.019999981,-1.8241,16.41615677,FullOfHolesCondition,LowCongestionCondition,EvenPaceStyle
3.100002289,9.899999619,31.9949992,96.85471727,-1.800000191,1.444,38.4313736,788.0,5.630000114,-1.8398,16.53252602,FullOfHolesCondition,LowCongestionCondition,EvenPaceStyle
2.199996948,3.599999905,31.34999921,108.2974539,-6.299999714,1.5472,35.29411697,841.0,6.190000057,-1.9921,16.69758034,FullOfHolesCondition,LowCongestionCondition,EvenPaceStyle
-0.100002289,3.599999905,19.57499955,313.2537576,3.599999905,0.6299,36.86274719,1182.0,17.36000061,-0.8489,16.94565582,FullOfHolesCondition,LowCongestionCondition,EvenPaceStyle
1.299999237,9.0,18.55499955,305.2489432,2.700000286,0.4176,20.7843132,849.0,11.35999966,-0.6972,17.08769417,FullOfHolesCondition,LowCongestionCondition,EvenPaceStyle
1.099998474,15.29999924,18.20999954,300.1493751,6.299999237,0.3203,97.64706421,1233.5,16.48999977,-0.5924,17.15861702,FullOfHolesCondition,LowCongestionCondition,EvenPaceStyle
3.099998474,19.79999924,17.96999951,295.8000863,4.5,0.2144,76.47058868,1519.0,21.19000053,-0.5907,17.23045921,FullOfHolesCondition,LowCongestionCondition,EvenPaceStyle
2.799995422,27.0,17.87999955,293.6446636,7.200000763,0.1713,68.23529816,1751.0,21.36000061,-0.5392,17.28534126,FullOfHolesCondition,LowCongestionCondition,EvenPaceStyle
2.5,29.69999886,17.83499957,292.4372151,2.699998856,-0.1655,49.01960754,1855.0,18.86000061,-0.1933,17.31434631,FullOfHolesCondition,LowCongestionCondition,EvenPaceStyle
-1.600002289,32.39999771,18.43499951,301.525688,2.699998856,-0.4889,72.94117737,1496.5,19.65999985,0.1321,17.26209831,FullOfHolesCondition,LowCongestionCondition,EvenPaceStyle
-3.400001526,42.29999924,18.8249995,314.0408742,4.5,-0.7682,74.11764526,1717.5,23.19000053,0.1094,17.28211784,FullOfHolesCondition,LowCongestionCondition,EvenPaceStyle
-6.700000763,43.19999695,19.06499946,322.3660247,0.899997711,-0.7923,72.54901886,1838.5,26.29999924,0.1081,17.30898094,FullOfHolesCondition,LowCongestionCondition,EvenPaceStyle
-6.499996185,46.79999924,19.45499945,334.9306346,3.600002289,-0.7838,62.74509811,1738.0,25.77000046,0.0022,17.32288933,FullOfHolesCondition,LowCongestionCondition,AggressiveStyle
-7.600002289,47.69999695,20.06999942,357.7810983,0.899997711,-0.5676,92.54901886,1483.5,11.07999992,0.133,17.08455658,FullOfHolesCondition,LowCongestionCondition,EvenPaceStyle
-5.799999237,49.5,20.38499944,370.4809382,1.800003052,-0.6137,82.35294342,1456.0,20.77000046,0.1218,17.05108452,FullOfHolesCondition,LowCongestionCondition,EvenPaceStyle
-6.799999237,52.19999695,20.72999939,385.4217743,2.699996948,-0.4199,71.76470947,1517.0,23.04999924,0.1309,17.02980232,FullOfHolesCondition,LowCongestionCondition,EvenPaceStyle
-3.700000763,54.89999771,21.28499931,412.710761,2.700000763,-0.1631,60.39215851,1662.0,20.73999977,0.0682,16.92926025,FullOfHolesCondition,LowCongestionCondition,EvenPaceStyle
-2.0,55.79999924,21.55499933,427.1424902,0.900001526,-0.178,27.45098114,1706.5,17.96999931,-0.0137,16.83810043,FullOfHolesCondition,LowCongestionCondition,EvenPaceStyle
-1.400001526,57.59999847,21.97499934,451.6310328,1.799999237,0.122,0.0,1684.5,21.71999931,-0.3725,16.7485981,FullOfHolesCondition,LowCongestionCondition,EvenPaceStyle
-2.599998474,47.69999695,23.36999926,518.2343064,0.899997711,1.6287,79.60784149,1418.5,18.65999985,-1.6796,16.35195351,FullOfHolesCondition,LowCongestionCondition,EvenPaceStyle
-1.400001526,48.59999847,23.80499923,528.8180769,0.900001526,1.6379,73.33333588,1479.0,17.79999924,-1.6741,16.30571365,FullOfHolesCondition,LowCongestionCondition,EvenPaceStyle
0.5,52.19999695,25.76999918,557.1966771,0.899997711,1.3116,58.8235321,1544.5,16.69000053,-1.7496,16.18199348,FullOfHolesCondition,LowCongestionCondition,EvenPaceStyle
1.5,54.89999771,30.19499909,550.6743497,0.899997711,0.9041,0.0,1634.0,20.57999992,-2.4424,15.89435673,FullOfHolesCondition,LowCongestionCondition,EvenPaceStyle
0.099998474,43.19999695,35.18999898,473.8005511,-3.600002289,1.0697,1.176470637,1262.5,15.88000011,-2.4538,15.71250725,FullOfHolesCondition,LowCongestionCondition,EvenPaceStyle
0.200000763,32.39999771,44.77499873,145.7073208,0.899997711,1.2544,59.60784531,1361.5,12.88000011,-1.4009,12.33899689,FullOfHolesCondition,LowCongestionCondition,EvenPaceStyle
0.400001526,31.5,43.64999879,135.1601623,-0.899997711,1.3164,1.176470637,1223.0,14.90999985,-1.5369,12.33621025,FullOfHolesCondition,LowCongestionCondition,EvenPaceStyle
0.299999237,28.79999924,43.03499883,130.2724771,-2.700000763,1.374,4.313725471,1088.0,9.300000191,-1.533,12.31518936,FullOfHolesCondition,LowCongestionCondition,EvenPaceStyle
0.900001526,27.0,42.37499886,124.7754598,-1.799999237,1.3303,10.1960783,1017.0,7.159999847,-1.6043,12.27567768,FullOfHolesCondition,LowCongestionCondition,EvenPaceStyle
0.700000763,25.19999886,41.66999884,118.5702639,-1.800001144,1.4331,29.80392265,797.0,5.409999847,-1.6927,12.22568798,FullOfHolesCondition,LowCongestionCondition,EvenPaceStyle
2.399997711,19.79999924,40.8599988,113.8997187,-5.399999619,1.3687,30.19607925,933.5,5.519999981,-1.5617,12.2020359,FullOfHolesCondition,LowCongestionCondition,EvenPaceStyle
1.5,16.19999886,38.32499879,102.5347745,2.699998856,0.9531,92.94117737,1275.5,12.23999977,-1.5693,12.20556545,FullOfHolesCondition,LowCongestionCondition,EvenPaceStyle
2.200000763,21.59999847,37.60499884,94.86860827,5.399999619,0.9628,70.58823395,1542.0,16.86000061,-1.5492,12.22081852,FullOfHolesCondition,LowCongestionCondition,EvenPaceStyle
0.900001526,28.79999924,36.34499893,76.93878274,7.200000763,1.104,60.39215851,1979.0,20.82999992,-1.5467,12.2445879,FullOfHolesCondition,LowCongestionCondition,EvenPaceStyle
1.5,32.39999771,35.56499894,66.54332613,3.599998474,0.777,34.50980377,1264.5,12.43999958,-1.4574,12.24015331,FullOfHolesCondition,LowCongestionCondition,EvenPaceStyle
-1.200000763,45.0,35.29499893,65.70861469,7.200000763,0.5075,65.49019623,1825.5,23.77000046,-1.3763,12.370368,FullOfHolesCondition,LowCongestionCondition,EvenPaceStyle
-1.5,47.69999695,35.77499886,72.09342749,0.899997711,0.544,79.21569061,1446.5,20.48999977,-1.2291,12.28929138,FullOfHolesCondition,LowCongestionCondition,EvenPaceStyle
-3.300003052,50.39999771,36.0449988,75.6025118,2.700000763,0.4286,81.17647552,1522.5,21.98999977,-1.1891,12.26054192,FullOfHolesCondition,LowCongestionCondition,EvenPaceStyle
-3.0,54.89999771,36.58499877,84.75688345,4.5,0.4777,52.94117737,1638.0,16.73999977,-0.9251,12.2380228,FullOfHolesCondition,LowCongestionCondition,EvenPaceStyle
-4.0,55.79999924,36.88499877,90.89823967,0.900001526,0.5376,1.960784316,1617.5,20.82999992,-0.9166,12.22152233,FullOfHolesCondition,LowCongestionCondition,EvenPaceStyle
-3.5,54.89999771,37.09499874,95.85708641,-0.900001526,0.4442,0.0,1578.0,20.02000046,-0.8845,12.20221615,FullOfHolesCondition,LowCongestionCondition,EvenPaceStyle
-2.399997711,54.0,37.28999875,100.202943,-0.899997711,0.5005,25.09803963,1553.0,15.48999977,-1.0484,12.16513348,FullOfHolesCondition,LowCongestionCondition,EvenPaceStyle
-1.799999237,53.09999847,37.40999877,103.1683669,-0.900001526,0.4585,55.68627548,1582.0,15.38000011,-1.0852,12.12890053,FullOfHolesCondition,LowCongestionCondition,EvenPaceStyle
0.399997711,44.09999847,38.50499878,120.7611552,-3.599998474,1.7489,17.25490189,1275.0,15.52000046,-1.9845,12.03311539,FullOfHolesCondition,LowCongestionCondition,EvenPaceStyle
1.900001526,33.29999924,38.3699988,121.0597569,-10.79999924,2.2094,28.62745094,776.0,5.329999924,-2.0707,11.90516949,FullOfHolesCondition,LowCongestionCondition,EvenPaceStyle
-0.200000763,27.89999962,37.85999886,121.0570115,-5.399999619,2.1532,0.0,1105.0,17.37999916,-2.1692,11.95217323,FullOfHolesCondition,LowCongestionCondition,EvenPaceStyle
-2.0,24.29999924,37.13999888,122.0180281,-3.600000381,2.1064,38.82352829,1521.0,15.27000046,-2.2048,12.03606129,FullOfHolesCondition,LowCongestionCondition,EvenPaceStyle
0.599998474,25.19999886,36.80999886,123.2765023,0.899999619,2.1736,27.84313774,1557.0,19.46999931,-2.3499,12.03538799,FullOfHolesCondition,LowCongestionCondition,EvenPaceStyle
-0.299999237,23.39999962,36.47999891,125.5216211,-1.799999237,2.0638,0.0,1469.0,17.86000061,-2.3773,12.03309822,FullOfHolesCondition,LowCongestionCondition,EvenPaceStyle
-0.5,22.5,36.13499896,127.9477312,-0.899999619,1.9298,34.11764908,1437.0,12.65999985,-2.3118,12.02429962,FullOfHolesCondition,LowCongestionCondition,EvenPaceStyle
-0.900001526,16.19999886,35.60999899,137.4080275,-6.300001144,2.3392,20.3921566,791.5,6.079999924,-2.5396,12.02117252,FullOfHolesCondition,LowCongestionCondition,EvenPaceStyle
0.799999237,11.69999981,35.249999,146.8754167,-4.499999046,2.4179,31.37254906,771.0,5.409999847,-2.5728,12.03752995,FullOfHolesCondition,LowCongestionCondition,EvenPaceStyle
1.599998474,4.5,34.81499902,162.3429834,-7.199999809,2.2372,63.92156982,692.0,5.989999771,-2.5654,12.04752445,FullOfHolesCondition,LowCongestionCondition,EvenPaceStyle
2.099998474,7.199999809,34.45499903,174.5231861,2.699999809,2.2309,66.27451324,980.5,11.98999977,-2.4244,12.08132458,FullOfHolesCondition,LowCongestionCondition,EvenPaceStyle
2.799999237,13.5,33.85499903,190.3936939,2.700000763,1.9413,1.568627477,761.5,16.23999977,-2.2539,12.10450172,FullOfHolesCondition,LowCongestionCondition,EvenPaceStyle
3.100002289,17.10000038,33.25499907,201.7703026,3.600000381,1.6953,87.45098114,1277.5,12.82999992,-1.895,12.11274338,FullOfHolesCondition,LowCongestionCondition,EvenPaceStyle
1.899997711,20.69999886,33.02999903,204.3753449,3.599998474,1.4209,70.19608307,1626.5,17.52000046,-1.4549,12.12130928,FullOfHolesCondition,LowCongestionCondition,EvenPaceStyle
3.0,28.79999924,32.819999,205.4233111,2.700000763,1.2404,59.2156868,1784.0,21.52000046,-1.2297,12.15400696,FullOfHolesCondition,LowCongestionCondition,EvenPaceStyle
3.300003052,31.5,32.75999902,205.6905653,2.700000763,1.2206,90.19608307,802.5,11.82999992,-1.0604,12.18690491,FullOfHolesCondition,LowCongestionCondition,EvenPaceStyle
3.700000763,35.09999847,32.80499903,205.779116,3.599998474,1.1053,75.29412079,1460.5,19.36000061,-0.9241,12.22463989,FullOfHolesCondition,LowCongestionCondition,EvenPaceStyle
4.200000763,44.09999847,34.21499898,202.2938277,2.700000763,0.756,0.0,1772.0,23.27000046,-0.3446,12.46581364,FullOfHolesCondition,LowCongestionCondition,AggressiveStyle
3.199996948,42.29999924,35.15999896,191.3759893,-1.799999237,0.5116,65.09803772,1776.0,18.02000046,-0.2359,12.47202206,SmoothCondition,LowCongestionCondition,AggressiveStyle
1.5,44.09999847,35.53499896,189.4711161,1.799999237,0.4343,56.47058868,1812.0,19.12999916,-0.2224,12.4453516,SmoothCondition,LowCongestionCondition,EvenPaceStyle
-2.400001526,47.69999695,36.95999889,191.4583594,3.599998474,0.2066,79.21569061,1444.0,18.79999924,-0.4539,12.25551414,SmoothCondition,LowCongestionCondition,EvenPaceStyle
-0.599998474,50.39999771,37.37999884,196.2250022,2.700000763,0.118,78.4313736,1550.0,20.57999992,-0.7077,12.19900417,SmoothCondition,LowCongestionCondition,EvenPaceStyle
1.400001526,54.0,37.7699988,203.487544,1.800003052,-0.0986,77.64705658,1598.0,21.87999916,-0.5924,12.14020443,SmoothCondition,LowCongestionCondition,EvenPaceStyle
3.199996948,54.89999771,37.90499878,207.060467,0.899997711,-0.1777,78.8235321,1644.0,23.52000046,-0.5106,12.11736679,SmoothCondition,LowCongestionCondition,EvenPaceStyle
2.5,57.59999847,38.20499878,215.4716531,2.700000763,-0.3091,78.4313736,1742.5,24.94000053,-0.619,12.10740566,SmoothCondition,LowCongestionCondition,EvenPaceStyle
1.0,60.29999924,38.48999882,224.997849,2.700000763,-0.5057,74.90196228,1851.5,24.36000061,-0.7364,12.07935333,SmoothCondition,LowCongestionCondition,EvenPaceStyle
-0.599998474,63.0,38.72999884,234.926528,0.900001526,-0.6114,73.33333588,1925.5,24.79999924,-0.6652,12.04062462,SmoothCondition,LowCongestionCondition,EvenPaceStyle
0.300003052,52.19999695,86.47758412,738.1596396,0.899997711,1.7785,75.29412079,1589.5,20.29999924,-1.6268,10.30729103,SmoothCondition,LowCongestionCondition,EvenPaceStyle
-1.900001526,55.79999924,84.67758409,753.2796363,0.900001526,1.6713,74.11764526,1684.5,21.27000046,-1.5255,10.27094173,SmoothCondition,LowCongestionCondition,EvenPaceStyle
-0.5,62.09999847,81.31034266,750.9851168,3.599998474,0.9825,72.94117737,1866.0,22.19000053,-1.0826,10.20326996,SmoothCondition,LowCongestionCondition,EvenPaceStyle
0.199996948,64.79999542,79.78965299,732.8809095,0.899997711,0.6896,71.76470947,1967.0,23.62999916,-0.8642,10.18461704,SmoothCondition,LowCongestionCondition,EvenPaceStyle
0.400001526,68.40000153,78.34654972,706.7867155,2.700004578,0.5319,0.0,2008.5,24.15999985,-0.8489,10.15719128,SmoothCondition,LowCongestionCondition,EvenPaceStyle
2.699996948,67.5,76.934481,675.8026304,-0.900001526,0.5397,76.47058868,1641.0,20.36000061,-0.8204,10.09713745,SmoothCondition,LowCongestionCondition,EvenPaceStyle
2.0,70.19999695,75.55344667,639.0593625,1.799995422,0.5673,74.11764526,1648.0,21.12999916,-0.6861,10.06901836,SmoothCondition,LowCongestionCondition,EvenPaceStyle
0.200004578,73.79999542,73.6293089,574.0898274,0.899993896,0.6314,73.72549438,1742.0,21.40999985,-0.6323,10.01753807,SmoothCondition,LowCongestionCondition,EvenPaceStyle
0.700004578,75.59999847,73.02413651,549.6759003,1.800003052,0.8072,48.23529434,1733.5,23.11000061,-0.7538,10.0038805,SmoothCondition,LowCongestionCondition,EvenPaceStyle
-0.199996948,74.69999695,72.40344686,524.4301673,-0.900001526,0.9,0.0,1736.0,22.36000061,-0.7507,9.98589325,SmoothCondition,LowCongestionCondition,EvenPaceStyle
0.400001526,72.0,71.08448147,471.2066058,-0.900001526,0.7613,22.35294151,1681.0,16.46999931,-0.8477,9.956772804,SmoothCondition,LowCongestionCondition,EvenPaceStyle
-0.199996948,73.79999542,69.85861943,419.5751113,0.899993896,0.8189,72.15686035,1759.5,20.37999916,-0.8883,9.92253685,SmoothCondition,LowCongestionCondition,EvenPaceStyle
-1.199996948,76.5,68.89655054,379.1986006,0.900001526,0.7657,70.19608307,1824.0,21.62999916,-0.9445,9.890194893,SmoothCondition,LowCongestionCondition,EvenPaceStyle
-2.099998474,78.29999542,68.4620677,359.5508303,1.799995422,0.7479,70.58823395,1856.5,22.02000046,-0.9155,9.873675346,SmoothCondition,LowCongestionCondition,EvenPaceStyle
-1.5,81.0,67.67068837,320.9719437,0.900001526,0.7946,63.52941132,1918.0,21.69000053,-1.0396,9.853833199,SmoothCondition,LowCongestionCondition,EvenPaceStyle
-2.5,81.0,66.91034356,282.0093745,-0.900001526,0.96,20.3921566,1876.5,24.65999985,-1.057,9.82053566,SmoothCondition,LowCongestionCondition,EvenPaceStyle
-0.800003052,77.40000153,65.62241245,217.1165105,-0.899993896,1.1559,44.31372452,1820.5,23.57999992,-1.1858,9.789875031,SmoothCondition,LowCongestionCondition,EvenPaceStyle
0.599998474,75.59999847,65.34915122,192.6687528,-1.800003052,1.1322,59.60784531,1815.0,18.19000053,-1.2479,9.7420578,SmoothCondition,LowCongestionCondition,EvenPaceStyle
2.200004578,79.19999695,64.96499863,166.4067235,0.900001526,1.2059,58.8235321,1865.0,20.36000061,-1.1705,9.72393322,SmoothCondition,LowCongestionCondition,EvenPaceStyle
1.699996948,81.90000153,65.17499873,171.4534384,1.800003052,1.1082,76.07843018,1919.0,25.62999916,-1.1824,9.716061592,SmoothCondition,LowCongestionCondition,EvenPaceStyle
1.199996948,84.59999847,65.66999868,182.4001059,1.800003052,1.1128,75.29412079,1990.5,26.90999985,-1.178,9.709506035,SmoothCondition,LowCongestionCondition,EvenPaceStyle
0.400001526,85.5,65.95499865,188.8560811,0.900001526,1.13,74.11764526,2020.0,26.69000053,-1.1661,9.706269264,SmoothCondition,LowCongestionCondition,EvenPaceStyle
-1.100006104,85.5,66.65999858,201.6176974,-0.899993896,1.1667,44.31372452,2011.5,28.86000061,-1.1559,9.707105637,SmoothCondition,LowCongestionCondition,EvenPaceStyle
-1.300003052,86.3999939,67.10999851,207.1229483,0.899993896,1.1681,80.78431702,2046.5,28.57999992,-1.2074,9.706298828,SmoothCondition,LowCongestionCondition,EvenPaceStyle
-2.700004578,87.29999542,67.72499847,208.9147848,0.900001526,1.2266,78.03921509,2072.5,28.96999931,-1.2219,9.707324982,SmoothCondition,LowCongestionCondition,EvenPaceStyle
-1.400001526,89.09999847,68.44499849,208.0581063,1.800003052,1.2645,19.6078434,2081.0,27.79999924,-1.1917,9.704612732,SmoothCondition,LowCongestionCondition,EvenPaceStyle
0.099998474,89.09999847,71.54999835,173.0242278,1.800003052,1.1451,63.92156982,2109.5,23.11000061,-1.0319,9.679093361,SmoothCondition,LowCongestionCondition,EvenPaceStyle
1.800003052,89.09999847,73.16999823,151.0800923,-1.799995422,1.1364,0.0,2089.5,28.27000046,-1.1051,9.673540115,SmoothCondition,LowCongestionCondition,EvenPaceStyle
1.300003052,88.19999695,73.90499821,140.0364055,-0.900001526,1.1385,70.58823395,2095.0,21.96999931,-1.1104,9.668772697,SmoothCondition,LowCongestionCondition,EvenPaceStyle
1.400001526,89.09999847,74.62499822,130.1296933,0.900001526,1.0682,67.45098114,2086.5,24.77000046,-1.1161,9.673015594,SmoothCondition,LowCongestionCondition,EvenPaceStyle
0.0,91.79999542,76.69499823,105.6319984,1.799995422,1.1097,53.72549057,2149.0,23.65999985,-1.0603,9.671877861,SmoothCondition,LowCongestionCondition,EvenPaceStyle
-0.099998474,92.69999695,78.58499813,88.454503,0.900001526,1.2617,66.66666412,2185.0,24.23999977,-1.157,9.662686348,SmoothCondition,LowCongestionCondition,EvenPaceStyle
0.200004578,91.79999542,80.33999805,74.15937705,-1.800003052,1.4106,0.0,2132.5,22.96999931,-1.1916,9.650923729,SmoothCondition,LowCongestionCondition,EvenPaceStyle
0.699996948,90.8999939,80.81999798,70.17618945,-0.900001526,1.4072,63.52941132,2139.5,23.65999985,-1.1777,9.645180702,SmoothCondition,LowCongestionCondition,EvenPaceStyle
1.700004578,92.69999695,82.15499789,61.12317595,1.800003052,1.3436,70.19608307,2178.0,25.19000053,-1.1791,9.627729416,SmoothCondition,LowCongestionCondition,EvenPaceStyle
0.400001526,93.59999847,83.39999771,55.48269734,0.900001526,1.2686,70.58823395,2209.5,26.23999977,-1.1851,9.620399475,SmoothCondition,LowCongestionCondition,EvenPaceStyle
2.0,95.3999939,85.31999766,49.11619229,0.899993896,1.2727,0.0,2193.5,29.52000046,-1.2542,9.589770317,SmoothCondition,LowCongestionCondition,EvenPaceStyle
3.0,89.09999847,85.85999769,46.71090447,-4.5,1.2473,41.5686264,2089.5,27.52000046,-1.3519,9.589317322,SmoothCondition,LowCongestionCondition,EvenPaceStyle
1.199996948,84.59999847,86.99999746,32.50067125,-2.699996948,1.3073,16.47058868,1993.5,23.02000046,-1.2338,9.557635307,SmoothCondition,LowCongestionCondition,EvenPaceStyle
-0.699996948,99.0,94.36499685,4.086382771,1.800003052,1.0183,70.98039246,2310.5,26.40999985,-1.211,12.60660458,SmoothCondition,LowCongestionCondition,EvenPaceStyle
-1.0,99.8999939,94.63499692,4.580619489,0.899993896,0.7696,72.54901886,2348.5,26.62999916,-1.2931,12.52215385,SmoothCondition,LowCongestionCondition,EvenPaceStyle
-1.800003052,100.7999954,94.79999695,4.960678106,0.900001526,0.976,72.94117737,2361.0,27.32999992,-1.2546,12.49242878,SmoothCondition,LowCongestionCondition,EvenPaceStyle
-0.400001526,102.5999985,95.44499702,6.683871524,1.800003052,0.8119,78.03921509,2431.0,28.27000046,-1.2539,12.33953857,SmoothCondition,LowCongestionCondition,EvenPaceStyle
2.5,102.5999985,95.75999705,8.434983023,-0.900001526,1.0963,82.35294342,2467.0,28.54999924,-1.1441,12.30021,SmoothCondition,LowCongestionCondition,EvenPaceStyle
3.300003052,105.2999954,95.96999702,9.773999446,2.699996948,1.1389,80.78431702,2487.5,28.65999985,-1.1686,12.26044178,SmoothCondition,LowCongestionCondition,EvenPaceStyle
2.599998474,106.1999969,96.19499702,11.31505873,0.900001526,1.1131,82.35294342,2493.0,29.37999916,-1.2983,12.22155952,SmoothCondition,LowCongestionCondition,EvenPaceStyle
2.099998474,107.0999985,96.854997,15.84556797,0.900001526,1.3232,82.74510193,2522.5,29.90999985,-1.0435,12.11757088,SmoothCondition,LowCongestionCondition,EvenPaceStyle
1.599998474,106.1999969,97.06499697,17.10129694,-0.900001526,1.2771,81.17647552,2533.5,29.04999924,-1.0209,12.07799053,SmoothCondition,LowCongestionCondition,EvenPaceStyle
0.300003052,108.0,97.304997,18.8659084,1.800003052,1.2159,81.5686264,2547.5,29.54999924,-1.0909,12.04355812,SmoothCondition,LowCongestionCondition,EvenPaceStyle
-4.800003052,108.8999939,97.829997,22.08417096,0.899993896,1.4051,81.5686264,2541.0,27.15999985,-0.9277,11.9678278,SmoothCondition,LowCongestionCondition,EvenPaceStyle
-1.5,108.0,98.9849968,30.02468527,-0.899993896,1.4384,80.0,2523.5,27.73999977,-1.161,11.7640667,SmoothCondition,LowCongestionCondition,EvenPaceStyle
0.099998474,107.0999985,99.16499685,30.98570254,-0.900001526,1.365,87.84313965,2521.5,30.21999931,-1.2396,11.73131943,SmoothCondition,LowCongestionCondition,EvenPaceStyle
1.400001526,108.0,100.3799971,34.44467905,0.900001526,1.1873,83.92156982,2535.0,29.29999924,-1.4968,11.53131676,SmoothCondition,LowCongestionCondition,EvenPaceStyle
0.700004578,107.0999985,100.7849973,35.18672123,-0.900001526,1.243,88.23529816,2532.5,30.12999916,-1.3371,11.50986004,SmoothCondition,LowCongestionCondition,EvenPaceStyle
-0.300003052,108.0,101.0099973,35.34803603,0.900001526,1.3157,79.60784149,2541.0,31.46999931,-1.3809,11.48178387,SmoothCondition,LowCongestionCondition,EvenPaceStyle
1.0,109.7999954,103.319997,30.11552368,0.900001526,1.2664,81.96078491,2579.5,32.54999924,-1.5794,11.34972191,SmoothCondition,LowCongestionCondition,EvenPaceStyle
4.5,110.6999969,104.4599969,24.48854009,0.900001526,1.5252,81.96078491,2595.0,32.02000046,-1.4437,11.19994926,SmoothCondition,LowCongestionCondition,EvenPaceStyle
3.099998474,68.40000153,104.4931009,91.47854009,-0.899993896,1.896,21.96078491,1565.0,19.40999985,-2.1476,10.73023891,SmoothCondition,LowCongestionCondition,EvenPaceStyle
1.099998474,59.39999771,101.5913769,196.7042929,-2.700000763,2.2948,15.29411793,857.5,16.29999924,-2.5515,10.7462368,SmoothCondition,LowCongestionCondition,AggressiveStyle
0.5,45.89999771,99.55861828,291.7940289,-4.5,2.5206,25.49019623,747.5,5.110000134,-2.5953,10.66897392,SmoothCondition,LowCongestionCondition,AggressiveStyle
1.800003052,40.5,96.09827357,451.5548895,-0.899997711,2.8396,55.68627548,1175.5,14.23999977,-2.5482,10.53918552,SmoothCondition,LowCongestionCondition,AggressiveStyle
2.300003052,39.59999847,94.90344607,503.2280388,-0.900001526,2.8008,92.54901886,1169.5,14.18999958,-2.4716,10.51466751,SmoothCondition,LowCongestionCondition,AggressiveStyle
0.5,42.29999924,92.57586006,591.312719,1.799999237,2.6661,81.17647552,1275.0,16.48999977,-2.4887,10.47773838,SmoothCondition,LowCongestionCondition,AggressiveStyle
0.299995422,50.39999771,88.38620482,707.0520638,4.5,2.1165,76.86274719,1480.5,18.54999924,-1.82,10.36997128,SmoothCondition,LowCongestionCondition,EvenPaceStyle
-2.0,72.0,98.0099973,44.93989572,-5.400001526,2.4669,0.0,1659.5,20.62999916,-2.3248,9.340510368,SmoothCondition,LowCongestionCondition,EvenPaceStyle
-1.700004578,52.19999695,96.35999756,108.9481957,-15.30000305,2.9076,29.01960754,745.5,5.110000134,-2.6266,9.250734329,SmoothCondition,LowCongestionCondition,EvenPaceStyle
-2.200004578,45.0,95.47499758,152.8096915,-7.199996948,2.8679,25.88235283,746.0,4.269999981,-2.7631,9.181340218,SmoothCondition,HighCongestionCondition,AggressiveStyle
-2.199996948,35.09999847,93.43499756,261.1629726,-5.400001526,3.1492,30.58823586,750.5,3.910000086,-2.663,9.067298889,SmoothCondition,HighCongestionCondition,AggressiveStyle
-0.300003052,31.5,89.96999766,437.0146549,-0.899997711,2.9171,30.58823586,753.5,4.190000057,-2.6102,8.978393555,SmoothCondition,HighCongestionCondition,AggressiveStyle
1.600006104,28.79999924,88.78499775,497.33517,-2.700000763,2.8943,27.45098114,754.0,4.380000114,-2.6212,8.941507339,SmoothCondition,HighCongestionCondition,AggressiveStyle
0.400001526,33.29999924,86.50499783,601.3519788,4.5,2.659,0.0,976.5,10.93999958,-2.6893,8.913871765,SmoothCondition,HighCongestionCondition,AggressiveStyle
-0.099998474,35.09999847,84.37499784,684.9476357,1.799999237,2.2784,50.19607925,1443.5,14.55000019,-2.3645,8.933361053,SmoothCondition,HighCongestionCondition,AggressiveStyle
-1.099998474,38.70000076,83.38499788,716.1175292,3.600002289,2.3387,3.137254953,1545.5,13.82999992,-2.338,8.938235283,SmoothCondition,HighCongestionCondition,AggressiveStyle
-3.699996948,35.09999847,77.17499816,875.9703321,1.799999237,2.0149,1.568627477,1184.5,14.15999985,-2.211,9.045331001,SmoothCondition,HighCongestionCondition,EvenPaceStyle
-3.400001526,25.19999886,74.83499829,927.9805738,-9.899999619,1.7664,16.47058868,907.0,5.190000057,-2.2376,9.038928986,SmoothCondition,HighCongestionCondition,EvenPaceStyle
-3.900001526,18.0,73.46999839,970.1868372,-7.199998856,1.9444,36.07843018,941.5,5.409999847,-2.3643,9.099646568,SmoothCondition,HighCongestionCondition,EvenPaceStyle
-3.800003052,8.099999428,71.93999848,1028.394263,-9.900000572,1.9715,29.41176605,744.5,4.440000057,-2.2715,9.19425106,SmoothCondition,HighCongestionCondition,EvenPaceStyle
-3.5,5.399999619,70.34999855,1086.749959,-2.699999809,1.6944,28.62745094,648.5,4.610000134,-2.3212,9.263181686,SmoothCondition,HighCongestionCondition,EvenPaceStyle
-3.299995422,7.199999809,67.16999865,1182.214635,1.800000191,1.6636,30.19607925,864.0,7.829999924,-2.2166,9.308204651,SmoothCondition,HighCongestionCondition,EvenPaceStyle
-0.300003052,13.5,64.15499868,1233.097048,2.700000763,1.7265,21.96078491,791.5,13.23999977,-2.2331,9.332380295,SmoothCondition,HighCongestionCondition,EvenPaceStyle
-0.400001526,12.59999943,62.63999867,1249.574595,-0.900000572,1.7219,50.19607925,866.0,5.630000114,-2.1892,9.339033127,SmoothCondition,HighCongestionCondition,EvenPaceStyle
-1.5,15.29999924,61.16999866,1257.064118,2.699999809,1.5502,93.72549438,1166.5,10.60999966,-2.0599,9.356038094,SmoothCondition,HighCongestionCondition,EvenPaceStyle
-0.900001526,20.69999886,59.75999872,1249.794258,5.399999619,1.6672,68.62744904,1491.0,14.80000019,-2.2886,9.37371254,SmoothCondition,HighCongestionCondition,EvenPaceStyle
-0.699996948,23.39999962,56.98499885,1219.928378,2.700000763,1.7162,78.03921509,1530.0,15.90999985,-2.1016,9.402778625,SmoothCondition,HighCongestionCondition,EvenPaceStyle
-0.5,27.89999962,55.72499884,1195.979833,4.5,1.8036,2.745098114,1706.0,20.86000061,-2.0687,9.421531677,SmoothCondition,HighCongestionCondition,EvenPaceStyle
-1.400001526,30.59999847,54.50999881,1166.492399,2.699998856,1.7153,30.98039246,1590.0,15.72000027,-2.036,9.432674408,SmoothCondition,HighCongestionCondition,EvenPaceStyle
-1.0,29.69999886,47.24999874,932.145209,-0.899999619,1.4212,27.84313774,749.5,4.190000057,-1.4788,9.115346909,SmoothCondition,HighCongestionCondition,EvenPaceStyle
0.299995422,27.89999962,43.69499885,793.454685,-1.799999237,1.7255,29.80392265,753.0,4.300000191,-1.7787,9.030070305,SmoothCondition,HighCongestionCondition,EvenPaceStyle
0.0,1.799999952,24.22499927,199.1581723,-0.899999857,1.6137,85.88235474,693.5,4.860000134,-1.8597,9.106080055,SmoothCondition,HighCongestionCondition,EvenPaceStyle
0.400001526,3.599999905,20.98499931,163.1117982,0.900000095,1.2598,26.27450943,752.5,4.659999847,-1.4425,9.187220573,SmoothCondition,HighCongestionCondition,EvenPaceStyle
0.099998474,4.5,19.99499937,166.2584427,0.900000095,0.8605,23.52941132,930.0,6.909999847,-0.9732,9.216378212,SmoothCondition,HighCongestionCondition,EvenPaceStyle
0.0,5.399999619,19.54499941,167.0547145,0.899999619,0.9681,24.31372643,986.0,6.019999981,-1.0352,9.227641106,SmoothCondition,HighCongestionCondition,EvenPaceStyle
-0.700004578,11.69999981,19.2149994,165.5646802,6.300000191,1.1626,29.41176605,907.0,5.46999979,-1.1903,9.248520851,SmoothCondition,HighCongestionCondition,EvenPaceStyle
-0.5,10.79999924,18.9149994,165.1162058,-0.900000572,1.1165,25.49019623,743.5,4.46999979,-1.1463,9.288600922,SmoothCondition,HighCongestionCondition,EvenPaceStyle
-1.300003052,1.799999952,15.64499943,158.4604742,1.799999952,0.9645,29.80392265,890.5,5.329999924,-1.1033,9.377655983,SmoothCondition,HighCongestionCondition,EvenPaceStyle
-1.099998474,2.699999809,15.04499942,151.9255577,0.899999857,1.0274,30.58823586,843.5,5.550000191,-1.1529,9.416481972,SmoothCondition,HighCongestionCondition,EvenPaceStyle
1.199996948,2.699999809,11.24999952,129.0645659,1.799999833,1.3224,36.07843018,1070.5,7.46999979,-1.4327,9.569909096,SmoothCondition,HighCongestionCondition,EvenPaceStyle
-1.899993896,13.5,8.114999781,41.44705697,0.0,0.883,30.58823586,923.0,6.079999924,-1.2597,11.44248199,SmoothCondition,HighCongestionCondition,EvenPaceStyle
-2.300003052,12.59999943,8.2949998,42.75404023,-0.900000572,1.1548,29.80392265,750.5,4.239999771,-1.4671,11.59613228,SmoothCondition,HighCongestionCondition,EvenPaceStyle
2.099998474,1.799999952,6.059999885,41.40243936,1.799999952,1.4836,63.13725662,731.0,4.800000191,-1.5018,11.65623951,SmoothCondition,HighCongestionCondition,EvenPaceStyle
1.800003052,2.699999809,5.789999888,38.72532084,0.899999857,1.4798,47.05882263,705.5,5.130000114,-1.4446,11.7149992,SmoothCondition,HighCongestionCondition,EvenPaceStyle
1.699996948,4.5,5.534999901,35.36061776,1.800000191,1.4817,53.72549057,990.0,8.409999847,-1.4144,11.7627039,SmoothCondition,HighCongestionCondition,EvenPaceStyle
2.0,5.399999619,5.309999901,32.28193145,0.899999619,1.4747,34.90196228,1347.5,10.72000027,-1.3868,11.80835438,SmoothCondition,HighCongestionCondition,EvenPaceStyle
0.900001526,11.69999981,5.099999911,28.73898248,2.699999809,1.3283,56.07843399,1617.5,15.27000046,-1.3064,11.91883373,SmoothCondition,HighCongestionCondition,EvenPaceStyle
-0.599998474,12.59999943,5.084999901,28.49621114,0.899999619,1.3245,32.15686417,1472.0,15.85999966,-1.3274,11.97154903,SmoothCondition,HighCongestionCondition,EvenPaceStyle
0.099998474,13.5,5.129999914,29.14077909,0.900000572,1.2551,26.27450943,971.0,7.579999924,-1.195,12.01293373,SmoothCondition,HighCongestionCondition,EvenPaceStyle
0.599998474,14.39999962,5.264999912,30.55553325,0.899999619,1.149,64.70588684,1008.5,7.909999847,-1.0576,12.0512991,SmoothCondition,HighCongestionCondition,EvenPaceStyle
1.5,18.89999962,5.804999898,36.42048197,3.600000381,0.8775,2.352941275,1135.0,13.27000046,-0.8838,12.20139885,SmoothCondition,HighCongestionCondition,EvenPaceStyle
0.699996948,17.10000038,5.969999907,38.52213469,-1.799999237,0.8642,3.529411793,1043.5,9.770000458,-0.9145,12.25500298,SmoothCondition,HighCongestionCondition,EvenPaceStyle
2.099998474,14.39999962,6.194999907,41.46353308,-2.700000763,1.1106,28.23529434,746.0,4.690000057,-1.1399,12.33098602,SmoothCondition,HighCongestionCondition,EvenPaceStyle
2.299995422,0.0,6.074999903,42.02732963,-8.099999428,1.2707,30.98039246,751.5,4.489999771,-1.2354,12.41385174,SmoothCondition,HighCongestionCondition,EvenPaceStyle
-1.299995422,9.899999619,6.284999891,41.47451606,4.5,1.3875,81.17647552,1148.5,9.800000191,-1.4313,12.57792091,SmoothCondition,HighCongestionCondition,EvenPaceStyle
-0.900001526,11.69999981,6.434999891,41.73078722,1.800000191,1.4541,35.29411697,1389.5,9.470000267,-1.5235,12.62571526,SmoothCondition,HighCongestionCondition,EvenPaceStyle
-0.5,9.899999619,7.169999866,39.84010076,-0.899999619,1.6467,30.58823586,1184.0,9.220000267,-1.5094,12.90263176,SmoothCondition,HighCongestionCondition,EvenPaceStyle
-0.300003052,10.79999924,7.349999853,39.15915157,0.899999619,1.6233,48.62745285,1425.0,11.48999977,-1.3972,12.97314835,SmoothCondition,HighCongestionCondition,EvenPaceStyle
0.099998474,12.59999943,7.799999821,38.54135481,1.800000191,1.4053,3.529411793,856.0,9.989999771,-1.1597,13.17661762,SmoothCondition,HighCongestionCondition,EvenPaceStyle
-0.599998474,20.69999886,8.174999805,41.71614253,7.199998856,1.2628,61.56863022,1350.5,10.57999992,-0.9676,13.31148148,SmoothCondition,HighCongestionCondition,EvenPaceStyle
-0.199996948,21.59999847,8.45999978,47.20515044,-0.900001526,1.2563,24.70588303,1343.0,15.48999977,-0.8107,13.40373993,SmoothCondition,HighCongestionCondition,EvenPaceStyle
0.199996948,18.0,8.53499978,48.31146403,-3.599998474,1.3699,28.62745094,746.0,5.690000057,-0.935,13.41861057,SmoothCondition,HighCongestionCondition,EvenPaceStyle
-0.400001526,11.69999981,8.489999767,47.92362493,-0.899999619,1.4774,29.01960754,746.0,4.300000191,-1.082,13.48101425,SmoothCondition,HighCongestionCondition,EvenPaceStyle
-0.900001526,10.79999924,8.414999751,47.33214176,-0.900000572,1.5962,46.27450943,777.0,4.579999924,-1.2542,13.5340414,SmoothCondition,HighCongestionCondition,EvenPaceStyle
-1.900001526,12.59999943,8.399999742,47.19050608,1.800000191,1.4809,71.76470947,820.0,5.940000057,-1.1325,13.56725788,SmoothCondition,HighCongestionCondition,EvenPaceStyle
-0.900001526,16.19999886,8.744999707,47.77878536,0.899999619,1.3588,37.64706039,1153.0,7.71999979,-1.0295,13.65604877,SmoothCondition,HighCongestionCondition,EvenPaceStyle
-0.5,18.0,9.044999707,47.84285334,1.800001144,1.3857,0.0,1094.5,12.82999992,-1.058,13.71151352,SmoothCondition,HighCongestionCondition,EvenPaceStyle
0.199996948,17.10000038,10.2599997,46.54616749,-1.799999237,1.1848,1.568627477,1093.5,12.80000019,-1.1391,13.8880825,UnevenCondition,HighCongestionCondition,EvenPaceStyle
0.5,16.19999886,11.32499968,41.44156629,0.899999619,1.3815,33.72549057,972.0,6.300000191,-1.4501,14.00978374,UnevenCondition,HighCongestionCondition,EvenPaceStyle
-0.299995422,22.5,12.22499962,41.60631186,6.300001144,1.3045,49.01960754,1426.5,12.43999958,-1.2922,14.31828213,UnevenCondition,HighCongestionCondition,EvenPaceStyle
-0.099998474,25.19999886,12.43499961,44.41248102,2.699998856,1.3852,17.64705849,1540.0,13.18999958,-1.2553,14.38982487,UnevenCondition,HighCongestionCondition,EvenPaceStyle
-1.5,27.0,12.9749996,51.98529462,3.600000381,1.5053,3.137254953,1693.0,16.52000046,-1.4453,14.64979839,UnevenCondition,HighCongestionCondition,EvenPaceStyle
0.800003052,3.599999905,11.21999953,129.475515,0.900000095,1.3714,9.019607544,1032.5,6.46999979,-1.5228,9.605626106,SmoothCondition,HighCongestionCondition,EvenPaceStyle
-1.300003052,6.299999714,11.03999953,130.0356505,-0.900000095,1.2953,30.19607925,862.0,4.940000057,-1.4384,9.70056057,SmoothCondition,HighCongestionCondition,EvenPaceStyle
0.099998474,1.799999952,2.819999866,14.01620196,1.799999952,1.2046,67.45098114,724.5,5.380000114,-1.2817,9.784340858,SmoothCondition,HighCongestionCondition,EvenPaceStyle
-0.400001526,5.399999619,2.51999989,9.93416868,1.799999714,1.1243,57.64706039,1515.5,13.68999958,-1.1978,9.874141693,SmoothCondition,HighCongestionCondition,EvenPaceStyle
0.5,12.59999943,2.59499989,11.12285505,7.199999809,1.1494,0.0,1076.5,9.739999771,-1.1921,9.91417408,SmoothCondition,HighCongestionCondition,EvenPaceStyle
0.900001526,11.69999981,3.194999874,17.99641399,-0.899999619,1.2019,29.80392265,754.5,4.130000114,-1.2643,9.982657433,SmoothCondition,HighCongestionCondition,EvenPaceStyle
0.599998474,9.899999619,3.344999868,18.64624445,-1.800000191,1.2279,29.41176605,751.5,4.21999979,-1.2936,9.998521805,SmoothCondition,HighCongestionCondition,EvenPaceStyle
-0.300003052,9.899999619,3.809999869,20.68565973,0.899999619,1.0915,35.29411697,839.0,5.71999979,-1.0063,10.04220772,SmoothCondition,HighCongestionCondition,EvenPaceStyle
-1.099998474,12.59999943,4.109999853,22.69006624,1.800000191,1.0515,74.11764526,815.0,5.190000057,-0.9702,10.07391548,SmoothCondition,HighCongestionCondition,EvenPaceStyle
-1.199996948,13.5,4.274999855,24.15241374,0.900000572,0.9447,84.31372833,896.5,10.80000019,-0.9426,10.10565758,SmoothCondition,HighCongestionCondition,EvenPaceStyle
-1.300003052,14.39999962,4.45499985,25.84929502,0.899999619,0.9844,36.47058868,1174.5,12.30000019,-0.9877,10.14136982,SmoothCondition,HighCongestionCondition,EvenPaceStyle
-2.199996948,19.79999924,5.339999809,41.29260715,0.899999619,1.1941,29.41176605,1219.0,8.300000191,-1.1784,10.28751945,SmoothCondition,HighCongestionCondition,EvenPaceStyle
-1.900001526,18.89999962,5.654999803,43.82488676,-0.899999619,1.201,7.450980663,1138.5,13.10999966,-1.279,10.32637978,SmoothCondition,HighCongestionCondition,EvenPaceStyle
-1.900001526,15.29999924,6.20999979,46.58735285,-2.700000763,1.2104,14.90196133,902.0,5.610000134,-1.3392,10.38533306,SmoothCondition,HighCongestionCondition,EvenPaceStyle
-1.400001526,13.5,6.43499979,46.78298854,-1.799999237,1.2752,32.54901886,737.5,5.769999981,-1.3835,10.41502476,SmoothCondition,HighCongestionCondition,EvenPaceStyle
-1.099998474,10.79999924,6.584999778,46.71892069,-2.700000763,1.3735,23.92156982,736.0,4.300000191,-1.4801,10.45450497,SmoothCondition,HighCongestionCondition,EvenPaceStyle
-0.900001526,3.599999905,6.659999778,46.35396306,-2.699999809,1.355,62.35294342,690.5,4.860000134,-1.4991,10.54525089,SmoothCondition,HighCongestionCondition,EvenPaceStyle
-0.599998474,7.199999809,6.869999768,44.8373869,1.800000191,1.3661,35.29411697,875.5,4.880000114,-1.5497,10.58714581,SmoothCondition,HighCongestionCondition,EvenPaceStyle
-0.400001526,9.0,7.139999765,43.24209889,1.800000191,1.4008,3.529411793,951.0,12.47000027,-1.7221,10.6952343,SmoothCondition,HighCongestionCondition,EvenPaceStyle
-0.199996948,6.299999714,7.529999761,40.82857366,-2.700000286,1.7504,29.80392265,852.0,4.940000057,-1.9517,10.85059261,SmoothCondition,HighCongestionCondition,EvenPaceStyle
-0.199996948,1.799999952,7.034999782,44.96163269,1.799999952,1.4575,28.23529434,767.0,4.380000114,-1.5002,10.96003246,SmoothCondition,HighCongestionCondition,EvenPaceStyle
-0.099998474,2.699999809,7.079999779,44.43925138,0.899999857,1.5649,31.37254906,753.5,4.329999924,-1.5313,11.02260303,SmoothCondition,HighCongestionCondition,EvenPaceStyle
-0.400001526,1.799999952,7.109999778,44.06125141,1.799999952,1.4033,27.05882454,740.5,5.130000114,-1.4224,11.08390427,SmoothCondition,HighCongestionCondition,EvenPaceStyle
-2.800003052,4.5,7.274999775,42.26529387,0.900000095,1.0712,43.13725662,1163.5,10.93999958,-1.2129,11.22010612,SmoothCondition,HighCongestionCondition,EvenPaceStyle
-2.5,8.099999428,7.409999766,41.36125155,3.599999428,0.9689,43.92156982,1474.5,11.35999966,-1.1806,11.26098156,SmoothCondition,HighCongestionCondition,EvenPaceStyle
-3.300003052,12.59999943,7.784999754,40.5226499,0.899999619,0.9691,27.05882454,769.0,6.159999847,-1.1774,11.35111237,SmoothCondition,HighCongestionCondition,EvenPaceStyle
-2.5,13.5,7.949999756,40.75169235,0.900000572,0.9145,27.84313774,749.5,4.769999981,-1.1796,11.36560535,SmoothCondition,HighCongestionCondition,EvenPaceStyle
-0.599998474,46.79999924,27.6449992,151.3489484,0.900001526,0.685,79.60784149,1429.0,17.48999977,-0.8606,16.29229164,UnevenCondition,LowCongestionCondition,AggressiveStyle
-1.400001526,51.29999924,27.85499924,159.6777633,1.799999237,0.6486,78.03921509,1551.5,18.15999985,-0.4965,16.13623428,UnevenCondition,LowCongestionCondition,EvenPaceStyle
-1.200004578,54.0,28.00499924,166.2584415,2.700000763,0.6059,75.6862793,1617.0,17.90999985,-0.4696,16.06822395,UnevenCondition,LowCongestionCondition,EvenPaceStyle
-1.199996948,54.89999771,28.15499924,173.0679326,0.899997711,0.5677,72.94117737,1669.0,17.79999924,-0.5739,16.04715157,UnevenCondition,LowCongestionCondition,EvenPaceStyle
-1.800003052,57.59999847,28.34999925,182.3872802,2.700000763,0.6093,70.98039246,1728.5,17.69000053,-0.6297,16.01497459,UnevenCondition,LowCongestionCondition,EvenPaceStyle
-2.299995422,59.39999771,28.60499924,194.457423,1.799999237,0.5755,62.74509811,1777.0,17.77000046,-0.603,15.97498608,UnevenCondition,LowCongestionCondition,EvenPaceStyle
-3.099998474,60.29999924,28.88999928,207.7910767,0.900001526,0.7468,65.49019623,1818.0,18.32999992,-0.7328,15.92865276,UnevenCondition,LowCongestionCondition,EvenPaceStyle
-3.300003052,62.09999847,29.23499929,223.7107798,1.799999237,0.916,61.96078491,1852.0,18.44000053,-0.8287,15.88342953,UnevenCondition,LowCongestionCondition,EvenPaceStyle
-2.299995422,63.0,29.60999929,240.7402295,0.900001526,1.0446,14.90196133,1840.0,23.29999924,-0.9253,15.86332035,UnevenCondition,LowCongestionCondition,EvenPaceStyle
-3.0,62.09999847,29.99999925,257.0766011,-0.900001526,1.0536,0.0,1814.0,22.94000053,-0.9272,15.83486462,UnevenCondition,LowCongestionCondition,EvenPaceStyle
-3.699996948,46.79999924,37.03499897,319.0528062,-2.700000763,1.7955,0.784313738,1331.5,16.15999985,-1.9533,15.49280167,UnevenCondition,LowCongestionCondition,EvenPaceStyle
-1.5,43.19999695,37.82999892,309.8309332,-0.900001526,2.0874,2.745098114,1241.5,15.07999992,-2.1169,15.41465569,UnevenCondition,LowCongestionCondition,EvenPaceStyle
-1.400001526,41.39999771,38.1149989,306.8616196,-1.799999237,2.111,3.921568632,1213.5,11.32999992,-2.0998,15.37759304,UnevenCondition,LowCongestionCondition,EvenPaceStyle
-0.599998474,40.5,38.3249989,305.144603,-0.899997711,2.2219,6.274509907,1161.0,9.130000114,-2.1785,15.29355335,UnevenCondition,LowCongestionCondition,EvenPaceStyle
-0.400001526,38.70000076,38.48999893,303.5815777,-1.799999237,2.2543,14.11764717,865.5,5.329999924,-2.3364,15.11297417,UnevenCondition,LowCongestionCondition,EvenPaceStyle
-0.599998474,34.20000076,38.59499895,301.9814845,-4.5,2.2802,30.19607925,758.5,4.610000134,-2.4748,14.92987442,UnevenCondition,LowCongestionCondition,EvenPaceStyle
-0.5,16.19999886,38.3249989,310.7459602,-5.399999619,2.4793,29.01960754,739.0,4.190000057,-2.5526,14.64578438,UnevenCondition,LowCongestionCondition,EvenPaceStyle
0.0,11.69999981,38.08499893,320.1694169,-4.499999046,2.4441,40.0,853.0,4.440000057,-2.5724,14.61086655,UnevenCondition,LowCongestionCondition,EvenPaceStyle
-0.599998474,9.0,37.84499893,330.7936873,-2.699999809,2.4674,30.19607925,751.0,4.380000114,-2.5679,14.58902359,UnevenCondition,LowCongestionCondition,EvenPaceStyle
-0.699996948,7.199999809,37.61999895,341.6772033,-1.800000191,2.4135,29.41176605,748.0,4.269999981,-2.6332,14.58271122,UnevenCondition,LowCongestionCondition,EvenPaceStyle
-0.400001526,2.699999809,37.18499896,365.4470412,-2.699999809,2.6497,30.98039246,751.5,4.21999979,-2.5705,14.57399464,UnevenCondition,LowCongestionCondition,EvenPaceStyle
0.5,8.099999428,29.86499922,655.0151606,4.499999523,1.0212,63.52941132,1677.0,15.65999985,-1.0421,14.55733871,UnevenCondition,LowCongestionCondition,EvenPaceStyle
0.400001526,14.39999962,29.36999924,655.3851523,6.300000191,0.9294,10.1960783,732.0,7.300000191,-0.9657,14.50858498,UnevenCondition,LowCongestionCondition,EvenPaceStyle
0.900001526,16.19999886,28.3349993,652.2419421,2.699998856,0.8249,73.33333588,1458.5,14.48999977,-0.8919,14.4920311,UnevenCondition,LowCongestionCondition,EvenPaceStyle
0.599998474,25.19999886,27.44999929,640.0509838,7.199998856,0.7485,55.68627548,1659.5,12.43999958,-0.8552,14.44426727,UnevenCondition,LowCongestionCondition,EvenPaceStyle
-0.5,27.89999962,25.67999934,587.139223,-0.899999619,0.8876,24.70588303,1709.0,21.40999985,-0.9435,14.47032452,UnevenCondition,LowCongestionCondition,AggressiveStyle
-1.900001526,27.89999962,24.01499941,522.394828,0.899999619,0.8903,19.2156868,1700.0,21.04999924,-1.0866,14.54391003,UnevenCondition,LowCongestionCondition,AggressiveStyle
-1.199996948,27.0,22.81499941,470.8110997,0.900001526,0.9288,24.70588303,1705.5,20.04999924,-1.0895,14.60411644,UnevenCondition,LowCongestionCondition,AggressiveStyle
-0.699996948,25.19999886,21.59999948,416.1203173,-1.800001144,1.0079,32.15686417,1649.0,12.88000011,-1.063,14.6537466,UnevenCondition,LowCongestionCondition,EvenPaceStyle
-0.5,26.09999847,20.87999953,377.3721204,0.899999619,1.0158,34.11764908,1688.0,13.38000011,-1.0942,14.63537312,UnevenCondition,LowCongestionCondition,EvenPaceStyle
0.099998474,27.0,20.35499953,353.7391114,0.900001526,1.2104,9.019607544,1675.5,20.61000061,-1.1915,14.60225391,UnevenCondition,LowCongestionCondition,EvenPaceStyle
-0.400001526,27.0,16.97999963,207.9768729,3.600000381,1.5768,47.45098114,1799.0,15.27000046,-1.6119,14.4933815,UnevenCondition,LowCongestionCondition,EvenPaceStyle
-1.0,29.69999886,16.19999967,175.6464355,0.899999619,1.3942,36.47058868,1909.5,24.19000053,-1.5486,14.49316502,UnevenCondition,LowCongestionCondition,EvenPaceStyle
-2.400001526,21.59999847,13.40999958,59.62972645,-6.300001144,1.7204,0.0,1312.0,15.32999992,-1.6206,14.91800976,UnevenCondition,HighCongestionCondition,EvenPaceStyle
-3.599998474,24.29999924,13.64999954,62.47067509,2.700000763,1.81,74.50980377,1634.0,17.73999977,-1.4874,15.11637211,UnevenCondition,HighCongestionCondition,EvenPaceStyle
-1.0,29.69999886,15.35999953,62.92921837,2.699998856,1.557,81.96078491,1315.5,15.55000019,-1.1582,15.32912636,UnevenCondition,HighCongestionCondition,EvenPaceStyle
2.5,30.59999847,18.01499939,58.88264911,-0.900001526,2.0158,60.0,1239.0,12.57999992,-1.1592,15.46073246,UnevenCondition,HighCongestionCondition,EvenPaceStyle
1.900001526,27.0,18.97499936,50.99681919,-3.599998474,1.9439,25.88235283,756.0,12.60999966,-1.4712,15.54138565,UnevenCondition,HighCongestionCondition,EvenPaceStyle
0.0,16.19999886,19.43999936,47.47972639,-10.80000114,2.0482,29.80392265,760.5,4.579999924,-1.5977,15.52323151,UnevenCondition,HighCongestionCondition,EvenPaceStyle
-0.100006104,13.5,19.46999936,47.0614552,-2.699998856,2.1045,27.45098114,751.0,4.329999924,-1.6021,15.5405159,UnevenCondition,HighCongestionCondition,EvenPaceStyle
-0.700004578,16.19999886,19.58999936,45.53481114,4.499999046,1.5343,84.31372833,1004.0,12.60999966,-1.1446,15.76338387,UnevenCondition,LowCongestionCondition,EvenPaceStyle
-0.800003052,19.79999924,19.75499935,43.91641292,3.600000381,1.5299,69.80392456,1353.0,15.43999958,-1.0935,16.05558586,UnevenCondition,LowCongestionCondition,EvenPaceStyle
-1.199996948,28.79999924,20.53499934,41.61180245,3.600000381,1.3953,0.0,1301.0,11.43999958,-1.2478,16.88728333,UnevenCondition,LowCongestionCondition,EvenPaceStyle
-1.0,29.69999886,20.81999933,41.88569216,0.899999619,1.1917,16.86274529,1149.0,13.35999966,-1.3121,17.13275337,UnevenCondition,LowCongestionCondition,EvenPaceStyle
-2.199996948,34.20000076,21.47999934,43.80772647,3.600002289,1.2414,83.52941132,1417.0,18.77000046,-1.302,17.61021233,UnevenCondition,LowCongestionCondition,EvenPaceStyle
-1.299995422,40.5,22.15499937,51.12861747,6.299999237,0.9757,78.03921509,1687.5,19.96999931,-1.1376,17.91214943,UnevenCondition,LowCongestionCondition,EvenPaceStyle
-1.599998474,43.19999695,22.49999932,58.51220052,2.699996948,0.8443,71.37255096,1798.0,19.86000061,-1.1336,17.91327667,UnevenCondition,LowCongestionCondition,EvenPaceStyle
-2.199996948,45.0,22.88999934,66.92430269,1.800003052,0.8835,0.0,1016.0,9.18999958,-1.1708,17.79852486,UnevenCondition,LowCongestionCondition,EvenPaceStyle
1.5,44.09999847,25.00499926,89.78895342,-1.799999237,0.5491,1.568627477,1270.0,15.52000046,-0.9006,17.68191147,UnevenCondition,LowCongestionCondition,EvenPaceStyle
0.699996948,43.19999695,25.54499922,91.6835283,-0.900001526,0.5208,2.745098114,1237.5,15.02000046,-0.9593,17.64453506,UnevenCondition,LowCongestionCondition,EvenPaceStyle
1.900001526,41.39999771,26.02499919,92.8696971,-1.799999237,0.4216,5.09803915,1201.5,14.73999977,-0.9587,17.60818291,UnevenCondition,LowCongestionCondition,EvenPaceStyle
-0.5,38.70000076,26.83499923,94.57756255,-1.799999237,0.6289,82.74510193,1153.5,8.329999924,-1.042,17.40444565,UnevenCondition,LowCongestionCondition,EvenPaceStyle
1.199996948,39.59999847,27.22499922,95.26766379,0.899997711,0.6808,12.94117641,1170.5,10.80000019,-1.2396,17.38962555,UnevenCondition,LowCongestionCondition,EvenPaceStyle
0.300003052,38.70000076,27.56999923,95.93602903,-0.899997711,0.8263,14.50980377,1152.0,9.380000114,-1.4123,17.39820671,UnevenCondition,LowCongestionCondition,EvenPaceStyle
-0.099998474,34.20000076,27.83999925,95.05463979,-4.5,1.1504,32.15686417,902.0,5.489999771,-1.5709,17.24305725,UnevenCondition,LowCongestionCondition,EvenPaceStyle
-0.099998474,16.19999886,28.04999925,95.2825388,-18.00000191,1.155,26.66666794,753.0,4.329999924,-1.6613,16.97746277,UnevenCondition,LowCongestionCondition,EvenPaceStyle
0.300003052,13.5,27.98999925,96.83481003,-2.699998856,1.2945,28.23529434,749.0,4.130000114,-1.6851,16.89401627,UnevenCondition,LowCongestionCondition,EvenPaceStyle
0.099998474,12.59999943,27.85499922,100.3692934,-0.900000572,1.6214,27.05882454,750.5,4.239999771,-1.9352,16.74001503,UnevenCondition,LowCongestionCondition,EvenPaceStyle
0.400001526,17.10000038,27.70499927,104.5611567,4.500000954,1.4547,75.29412079,1179.5,11.73999977,-1.7925,16.70532417,UnevenCondition,LowCongestionCondition,EvenPaceStyle
0.0,19.79999924,27.76499928,103.3731565,2.699998856,1.6929,75.6862793,1368.0,14.27000046,-1.8335,16.70392418,UnevenCondition,LowCongestionCondition,EvenPaceStyle
-1.099998474,24.29999924,27.85499927,101.9069192,4.5,1.461,65.09803772,1741.5,17.11000061,-1.6815,16.70650673,UnevenCondition,LowCongestionCondition,EvenPaceStyle
-0.599998474,27.89999962,27.89999928,101.7854192,3.600000381,1.3689,0.0,1192.0,10.90999985,-1.6006,16.8032093,UnevenCondition,LowCongestionCondition,EvenPaceStyle
-0.299995422,28.79999924,27.97499928,101.5737667,0.899999619,1.4469,20.3921566,757.0,5.550000191,-1.5221,16.87057686,UnevenCondition,LowCongestionCondition,EvenPaceStyle
1.400001526,23.39999962,28.13999931,100.2441307,-2.699998856,1.1095,31.37254906,750.5,4.21999979,-1.3017,17.1613903,UnevenCondition,LowCongestionCondition,EvenPaceStyle
3.400001526,20.69999886,28.0799993,100.928741,-2.700000763,0.9909,0.0,743.5,4.239999771,-1.2765,17.19843102,UnevenCondition,LowCongestionCondition,EvenPaceStyle
3.699996948,18.0,27.9299993,102.6082323,-2.699998856,0.9862,79.60784149,1173.5,12.82999992,-1.1929,17.2502079,UnevenCondition,LowCongestionCondition,EvenPaceStyle
4.400001526,16.19999886,27.74999928,104.8927071,-1.800001144,0.8704,71.37255096,1239.0,13.57999992,-1.0827,17.20532036,UnevenCondition,LowCongestionCondition,EvenPaceStyle
2.299995422,21.59999847,27.65999926,105.5159954,5.399999619,0.7904,65.88235474,1483.5,15.93999958,-1.0104,17.17484665,UnevenCondition,LowCongestionCondition,EvenPaceStyle
2.099998474,26.09999847,27.59999925,105.4830463,4.5,0.7293,0.0,1761.0,17.27000046,-0.96,17.13654137,UnevenCondition,LowCongestionCondition,EvenPaceStyle
2.0,22.5,27.31499934,104.7185809,-6.299999237,1.3012,28.23529434,746.0,4.46999979,-1.8228,16.92903328,UnevenCondition,LowCongestionCondition,EvenPaceStyle
1.900001526,10.79999924,26.96999933,108.9234876,-11.70000076,1.4138,29.01960754,749.0,3.99000001,-1.8252,16.99759674,UnevenCondition,LowCongestionCondition,EvenPaceStyle
1.399993896,5.399999619,26.54999935,116.4066062,-5.399999619,1.2765,49.41176605,701.5,4.519999981,-1.789,17.01547813,UnevenCondition,LowCongestionCondition,EvenPaceStyle
1.099998474,4.5,26.11499937,124.1768855,-0.899999619,1.2363,89.80392456,1165.5,11.65999985,-1.7291,17.07993126,UnevenCondition,LowCongestionCondition,EvenPaceStyle
2.800003052,9.899999619,25.52999937,133.2234866,0.899999619,1.4178,2.745098114,741.0,7.800000191,-1.8137,17.04573441,UnevenCondition,LowCongestionCondition,EvenPaceStyle
4.100006104,12.59999943,25.46999938,134.5780627,2.699999809,1.218,65.88235474,1051.0,13.38000011,-1.7253,17.00028992,UnevenCondition,LowCongestionCondition,EvenPaceStyle
3.900001526,17.10000038,25.52999938,133.3333169,4.500000954,1.1216,85.09803772,1392.0,17.73999977,-1.6801,16.98711205,UnevenCondition,LowCongestionCondition,EvenPaceStyle
3.699996948,21.59999847,25.66499936,131.1236648,4.499998093,1.2142,75.29412079,1694.0,19.46999931,-1.5601,16.95812607,UnevenCondition,LowCongestionCondition,EvenPaceStyle
3.799995422,29.69999886,26.12999934,126.35908,3.600000381,1.2973,5.490196228,1069.5,17.27000046,-1.6101,16.89269066,UnevenCondition,LowCongestionCondition,AggressiveStyle
3.400001526,30.59999847,26.30999932,125.9856561,0.899999619,1.1846,87.05882263,1304.5,10.32999992,-1.5225,16.7931385,UnevenCondition,LowCongestionCondition,AggressiveStyle
3.200004578,31.5,26.41499934,126.4101054,0.900001526,1.0507,82.74510193,1435.0,15.23999977,-1.3891,16.7485733,UnevenCondition,LowCongestionCondition,EvenPaceStyle
0.099998474,41.39999771,26.92499932,133.1225789,3.599998474,1.1377,70.98039246,1700.0,20.11000061,-1.3675,16.63643265,UnevenCondition,LowCongestionCondition,EvenPaceStyle
0.299995422,44.09999847,27.14999932,137.8418582,2.700000763,1.2676,63.92156982,1818.0,19.40999985,-1.3591,16.59823608,UnevenCondition,LowCongestionCondition,AggressiveStyle
0.599998474,45.89999771,27.34499927,142.9194585,1.799999237,1.3537,2.745098114,1878.5,18.96999931,-1.4544,16.51457977,UnevenCondition,LowCongestionCondition,AggressiveStyle
-0.900001526,35.09999847,15.2999996,162.2745694,3.599998474,1.526,61.17647171,1457.0,14.65999985,-1.5342,14.28696728,UnevenCondition,LowCongestionCondition,EvenPaceStyle
-2.400001526,36.0,17.12999952,170.044161,-0.899997711,1.5294,0.0,1471.5,13.85999966,-1.4834,14.26388168,UnevenCondition,LowCongestionCondition,EvenPaceStyle
-2.5,36.89999771,17.74499948,171.3106432,0.899997711,1.4714,13.72549057,1480.0,17.57999992,-1.2893,14.27424812,UnevenCondition,LowCongestionCondition,EvenPaceStyle
-1.400001526,35.09999847,20.14499942,166.7252199,-0.900001526,1.5909,19.6078434,1393.5,11.73999977,-1.0482,14.34475517,UnevenCondition,LowCongestionCondition,EvenPaceStyle
-1.599998474,36.0,21.3299994,159.5919579,0.900001526,1.4088,0.0,1452.0,17.36000061,-1.2772,14.38793278,UnevenCondition,LowCongestionCondition,EvenPaceStyle
-1.099998474,30.59999847,23.54999934,133.7232141,-1.799999237,1.5923,0.392156869,1188.0,14.65999985,-1.5455,14.32387352,UnevenCondition,LowCongestionCondition,EvenPaceStyle
-1.5,29.69999886,24.04499933,124.7150535,-0.899999619,1.7088,5.490196228,1093.5,14.02000046,-1.6563,14.30841541,UnevenCondition,LowCongestionCondition,EvenPaceStyle
-2.5,21.59999847,24.8549993,104.6984446,-5.400001526,2.0331,12.94117641,746.5,5.190000057,-2.1354,14.23763466,UnevenCondition,LowCongestionCondition,EvenPaceStyle
0.099998474,0.899999976,22.48499936,169.5368815,0.899999976,2.1731,71.37255096,652.5,4.989999771,-2.2845,14.2829771,UnevenCondition,LowCongestionCondition,EvenPaceStyle
-0.599998474,5.399999619,22.33499936,173.3534916,4.499999642,1.9897,86.27451324,1077.5,15.27000046,-2.2115,14.32036209,UnevenCondition,LowCongestionCondition,EvenPaceStyle
-0.600006104,14.39999962,22.61999935,165.2528059,3.600000381,1.8901,24.70588303,1006.0,6.860000134,-2.064,14.35579681,UnevenCondition,LowCongestionCondition,EvenPaceStyle
-0.700004578,15.29999924,22.76999934,161.6238231,0.899999619,1.8553,85.88235474,1132.5,10.73999977,-1.8815,14.37261486,UnevenCondition,LowCongestionCondition,EvenPaceStyle
-2.100002289,20.69999886,23.03999934,156.6237892,3.599998474,1.8144,51.76470566,1459.5,12.40999985,-1.949,14.47243214,UnevenCondition,LowCongestionCondition,EvenPaceStyle
-2.099998474,23.39999962,23.14499933,156.0167471,2.700000763,1.9258,7.058823586,1439.5,11.85999966,-1.9433,14.50893307,UnevenCondition,LowCongestionCondition,EvenPaceStyle
-1.999996185,24.29999924,22.93499936,154.3253573,-0.899999619,1.3109,71.76470947,1628.5,13.57999992,-1.3601,14.76847458,UnevenCondition,LowCongestionCondition,EvenPaceStyle
-2.099998474,26.09999847,22.79999932,152.3257549,1.799999237,1.2256,59.60784531,1741.5,18.69000053,-1.3191,14.87592411,UnevenCondition,LowCongestionCondition,EvenPaceStyle
-1.899997711,29.69999886,22.67999934,149.7483997,3.600000381,1.1818,0.0,1918.0,19.32999992,-1.3411,14.94334316,UnevenCondition,LowCongestionCondition,EvenPaceStyle
-1.200000763,31.5,22.55999932,146.702433,1.800001144,1.0471,93.33333588,952.0,9.829999924,-1.2264,14.97368526,UnevenCondition,LowCongestionCondition,EvenPaceStyle
-1.5,33.29999924,22.40999932,142.991077,1.799999237,1.11,72.15686035,1389.0,14.22000027,-1.1668,15.18530273,UnevenCondition,LowCongestionCondition,EvenPaceStyle
-0.199996948,37.79999924,23.02499932,150.5032542,0.900001526,1.1795,50.19607925,1575.5,13.52000046,-1.126,15.22945595,UnevenCondition,LowCongestionCondition,EvenPaceStyle
0.700000763,29.69999886,25.33499929,164.7134921,-0.899999619,1.1171,2.745098114,1154.5,14.77000046,-1.3819,15.18775368,UnevenCondition,LowCongestionCondition,EvenPaceStyle
0.099998474,27.0,25.25999929,164.1105683,-1.799999237,1.3043,29.01960754,1069.0,7.409999847,-1.5841,15.37141228,UnevenCondition,LowCongestionCondition,EvenPaceStyle
-0.200000763,23.39999962,25.06499931,162.4894245,-3.600000381,1.4796,28.23529434,748.5,4.940000057,-1.7153,15.4358139,UnevenCondition,LowCongestionCondition,EvenPaceStyle
-0.900001526,21.59999847,24.80999932,160.2527727,-1.800001144,1.5399,29.01960754,756.5,4.360000134,-1.8216,15.50811005,UnevenCondition,LowCongestionCondition,EvenPaceStyle
-1.100002289,9.899999619,23.63999938,158.975994,-3.600000381,1.7525,28.62745094,756.5,4.079999924,-2.0878,15.78110409,UnevenCondition,LowCongestionCondition,EvenPaceStyle
-0.700000763,0.0,18.55499948,187.812678,-0.899999976,1.6719,63.13725662,731.0,5.019999981,-1.75,15.87831688,UnevenCondition,LowCongestionCondition,EvenPaceStyle
-0.600002289,1.799999952,18.07499951,189.8774917,1.799999952,1.4584,65.88235474,735.0,5.190000057,-1.6472,15.91078377,UnevenCondition,LowCongestionCondition,EvenPaceStyle
-0.600002289,6.299999714,17.30999952,191.115144,1.799999714,1.3119,30.98039246,778.5,5.860000134,-1.5234,15.98930454,UnevenCondition,LowCongestionCondition,EvenPaceStyle
2.099998474,7.199999809,17.42999952,181.4116195,0.900000095,0.9098,24.31372643,1626.5,15.93999958,-0.7894,16.21695137,UnevenCondition,LowCongestionCondition,EvenPaceStyle
3.099998474,8.099999428,17.56499951,177.7192554,0.899999619,0.7541,81.96078491,824.5,6.829999924,-0.6283,16.19184685,UnevenCondition,LowCongestionCondition,EvenPaceStyle
0.299999237,12.59999943,17.7749995,172.8629167,4.5,0.6264,87.45098114,937.5,12.10999966,-0.4206,16.19190598,UnevenCondition,LowCongestionCondition,EvenPaceStyle
-1.100006104,30.59999847,15.83999967,161.3465037,0.899999619,1.5659,0.0,1916.5,23.69000053,-1.592,14.51947784,UnevenCondition,LowCongestionCondition,EvenPaceStyle
0.0,27.0,15.56999962,152.0685697,-0.899999619,1.5987,30.58823586,1707.5,15.02000046,-1.5061,14.55936718,UnevenCondition,LowCongestionCondition,EvenPaceStyle
0.900001526,27.89999962,15.67499964,154.0178326,0.899999619,1.6306,40.39215851,1778.0,16.61000061,-1.4979,14.57368088,UnevenCondition,LowCongestionCondition,EvenPaceStyle
-0.5,27.0,16.12499966,158.2463073,-0.899999619,1.5702,0.0,1646.5,20.65999985,-1.6176,14.5205822,UnevenCondition,LowCongestionCondition,EvenPaceStyle
-0.800003052,26.09999847,16.40999963,158.9897223,-0.900001526,1.6415,28.62745094,1628.0,11.13000011,-1.579,14.47907257,UnevenCondition,LowCongestionCondition,EvenPaceStyle
-0.400001526,27.0,16.73999964,159.3420954,0.900001526,1.5987,30.19607925,1674.0,19.12999916,-1.651,14.46835327,UnevenCondition,LowCongestionCondition,EvenPaceStyle
-0.5,26.09999847,17.48999962,156.5185359,-0.900001526,1.5457,22.35294151,728.0,5.440000057,-1.5635,14.35361767,UnevenCondition,LowCongestionCondition,EvenPaceStyle
-1.599998474,24.29999924,17.89499961,151.9530191,-1.799999237,1.5917,14.50980377,733.0,4.300000191,-1.5721,14.24302864,UnevenCondition,LowCongestionCondition,EvenPaceStyle
-1.300003052,11.69999981,18.7799996,136.230096,-5.400000572,1.9725,28.62745094,756.0,4.110000134,-1.9482,14.09362698,UnevenCondition,LowCongestionCondition,AggressiveStyle
-0.300003052,7.199999809,18.89999959,132.5105029,-4.5,2.1779,29.41176605,749.5,3.99000001,-2.0193,14.07985687,UnevenCondition,LowCongestionCondition,AggressiveStyle
1.200004578,3.599999905,18.95999959,130.4200623,-3.599999905,2.266,29.80392265,751.0,4.159999847,-2.076,14.08493137,UnevenCondition,LowCongestionCondition,AggressiveStyle
0.299995422,6.299999714,12.49499972,171.6401361,4.499999762,1.1597,95.6862793,1206.0,16.32999992,-1.0372,14.18624115,UnevenCondition,LowCongestionCondition,EvenPaceStyle
0.199996948,14.39999962,12.05999973,164.806162,1.800000191,1.0581,25.09803963,1080.5,7.800000191,-0.9211,14.20950985,UnevenCondition,LowCongestionCondition,EvenPaceStyle
0.600006104,15.29999924,11.86499972,161.1623058,0.899999619,1.0623,93.72549438,1213.5,15.43999958,-0.8816,14.22655773,UnevenCondition,LowCongestionCondition,EvenPaceStyle
0.900001526,18.0,11.71499972,157.8948481,2.700000763,1.0612,76.07843018,1473.0,16.02000046,-0.9275,14.22411251,UnevenCondition,LowCongestionCondition,EvenPaceStyle
1.300003052,24.29999924,11.69999972,157.4969415,6.299999237,1.0976,12.54901981,1555.0,18.12999916,-0.8975,14.28056908,UnevenCondition,LowCongestionCondition,EvenPaceStyle
1.799995422,18.89999962,11.62499972,156.0496958,-4.5,1.4416,25.09803963,781.5,5.880000114,-1.3286,14.38549614,UnevenCondition,LowCongestionCondition,EvenPaceStyle
1.800003052,4.5,10.58999974,143.0368402,0.900000095,1.2336,54.50980377,874.5,4.610000134,-1.1572,14.47353077,UnevenCondition,LowCongestionCondition,EvenPaceStyle
2.0,6.299999714,10.19999975,137.0044001,1.799999714,1.1212,67.05882263,1659.5,12.05000019,-1.0804,14.51979446,UnevenCondition,LowCongestionCondition,EvenPaceStyle
1.800003052,17.10000038,9.344999806,117.8231905,1.800001144,0.9759,76.86274719,1141.0,15.40999985,-0.8643,14.5817852,UnevenCondition,LowCongestionCondition,EvenPaceStyle
0.900001526,21.59999847,9.239999787,114.5220968,4.499998093,0.8838,72.54901886,1520.0,17.37999916,-0.82,14.60461998,UnevenCondition,LowCongestionCondition,EvenPaceStyle
0.599998474,26.09999847,9.224999762,113.9937654,4.5,0.8399,0.0,1789.5,20.27000046,-0.853,14.62978268,UnevenCondition,LowCongestionCondition,EvenPaceStyle
0.600006104,28.79999924,9.239999755,114.5770109,2.700000763,0.9013,100.0,1087.0,9.800000191,-0.9233,14.57655716,UnevenCondition,LowCongestionCondition,EvenPaceStyle
-0.300003052,34.20000076,9.419999774,122.0070456,5.400001526,1.1601,79.60784149,1492.5,17.65999985,-0.9813,14.55625534,UnevenCondition,LowCongestionCondition,EvenPaceStyle
0.0,36.89999771,9.584999736,129.5402724,2.699996948,1.2073,60.7843132,1561.5,16.73999977,-1.1922,14.55789375,UnevenCondition,LowCongestionCondition,EvenPaceStyle
0.300003052,38.70000076,9.779999749,138.7287394,1.800003052,1.2661,0.784313738,1544.5,18.77000046,-1.2985,14.5381546,UnevenCondition,LowCongestionCondition,EvenPaceStyle
0.199996948,37.79999924,9.974999762,147.4829175,-0.900001526,1.3315,0.0,1484.0,17.61000061,-1.2858,14.52616501,UnevenCondition,LowCongestionCondition,EvenPaceStyle
2.200004578,32.39999771,10.30499975,160.4191201,-3.600002289,1.5777,19.6078434,784.0,5.46999979,-1.6697,14.4209528,UnevenCondition,LowCongestionCondition,EvenPaceStyle
2.899993896,24.29999924,10.42499973,162.9415604,-8.099998474,1.2498,27.05882454,749.0,4.519999981,-1.3983,14.36551285,UnevenCondition,LowCongestionCondition,EvenPaceStyle
2.400001526,16.19999886,10.49999971,163.4735518,-8.100000381,1.15,26.66666794,897.5,5.829999924,-1.3238,14.34206295,UnevenCondition,LowCongestionCondition,EvenPaceStyle
2.0,15.29999924,10.6349997,163.66095,-0.899999619,1.1488,35.29411697,998.0,7.880000114,-1.3143,14.32424927,UnevenCondition,LowCongestionCondition,EvenPaceStyle
2.199996948,16.19999886,10.84499969,163.3021702,0.899999619,1.2046,81.96078491,1175.5,10.98999977,-1.2219,14.32439709,UnevenCondition,LowCongestionCondition,EvenPaceStyle
1.799995422,18.0,11.11499969,162.7090856,1.800001144,1.5401,26.27450943,1255.5,14.97000027,-1.3392,14.3336525,UnevenCondition,LowCongestionCondition,EvenPaceStyle
0.400001526,18.89999962,12.08999966,159.0446366,-0.899999619,1.6381,86.66667175,1233.5,11.15999985,-1.5256,14.32626915,UnevenCondition,LowCongestionCondition,EvenPaceStyle
-0.899993896,23.39999962,12.79499964,156.538442,4.5,1.7659,61.96078491,1504.0,15.52000046,-1.5921,14.31592464,UnevenCondition,LowCongestionCondition,EvenPaceStyle
0.300003052,27.0,13.24499964,156.9777643,3.600000381,1.7974,2.745098114,1747.5,16.23999977,-1.5842,14.30808544,UnevenCondition,LowCongestionCondition,EvenPaceStyle
0.099998474,27.89999962,13.70999964,157.4246374,0.899999619,1.882,92.54901886,738.0,8.909999847,-1.5797,14.25755215,UnevenCondition,LowCongestionCondition,EvenPaceStyle
-0.899993896,31.5,14.71499962,159.2494259,2.700000763,1.5934,70.19608307,1332.0,14.18999958,-1.5703,14.29713726,UnevenCondition,LowCongestionCondition,EvenPaceStyle
0.599998474,36.89999771,30.98999907,100.4775192,-0.900001526,1.4585,0.0,1451.5,17.86000061,-0.1658,17.75499153,FullOfHolesCondition,LowCongestionCondition,EvenPaceStyle
0.099998474,32.39999771,31.36499904,97.96400214,-2.700000763,1.4625,63.13725662,1360.0,17.96999931,-0.2976,17.75551605,FullOfHolesCondition,LowCongestionCondition,EvenPaceStyle
0.0,34.20000076,31.45499907,97.98047689,1.800003052,1.3396,76.86274719,1478.5,20.90999985,-0.292,17.76818848,FullOfHolesCondition,LowCongestionCondition,EvenPaceStyle
-0.199996948,36.89999771,31.57499905,98.41613765,2.699996948,1.2927,74.50980377,1583.5,22.44000053,-0.2626,17.77920151,FullOfHolesCondition,LowCongestionCondition,EvenPaceStyle
-0.100002289,39.59999847,31.73999904,99.4204002,2.700000763,1.0294,72.15686035,1746.0,22.87999916,-0.4563,17.78146172,FullOfHolesCondition,LowCongestionCondition,EvenPaceStyle
-0.299999237,43.19999695,31.91999903,101.6060265,3.599998474,1.0009,63.92156982,1822.0,21.40999985,-0.5206,17.76058578,FullOfHolesCondition,LowCongestionCondition,EvenPaceStyle
0.600002289,45.89999771,32.33999904,109.1678572,0.899997711,0.9513,89.41176605,1428.0,18.15999985,-0.6405,17.3376255,FullOfHolesCondition,LowCongestionCondition,EvenPaceStyle
0.0,48.59999847,32.47499901,112.501899,2.700000763,0.8244,83.13725281,1520.5,21.12999916,-0.7376,17.30851173,FullOfHolesCondition,LowCongestionCondition,EvenPaceStyle
0.300003052,53.09999847,32.879999,123.599585,1.799999237,0.9763,74.11764526,1589.5,24.21999931,-0.4442,17.26405144,FullOfHolesCondition,LowCongestionCondition,EvenPaceStyle
0.0,55.79999924,33.179999,132.0016191,2.700000763,0.9324,72.15686035,1664.5,23.82999992,-0.5254,17.23049736,FullOfHolesCondition,LowCongestionCondition,EvenPaceStyle
0.400001526,57.59999847,33.53999898,141.8424321,1.799999237,0.9586,25.88235283,1718.0,23.44000053,-0.514,17.1881485,FullOfHolesCondition,LowCongestionCondition,EvenPaceStyle
0.5,58.5,33.94499896,152.227594,0.900001526,1.1397,0.0,1690.5,23.02000046,-0.6337,17.14332008,FullOfHolesCondition,LowCongestionCondition,EvenPaceStyle
-1.5,47.69999695,36.85499878,177.1408102,-0.900001526,1.9668,38.03921509,1389.5,13.30000019,-0.8141,16.75204086,FullOfHolesCondition,LowCongestionCondition,EvenPaceStyle
-1.400001526,46.79999924,37.48499877,165.262642,-0.899997711,2.3805,54.50980377,1400.5,15.23999977,-0.9689,16.67777634,FullOfHolesCondition,LowCongestionCondition,EvenPaceStyle
-0.700000763,47.69999695,38.89499871,130.590983,0.899997711,2.6041,72.54901886,1464.0,18.23999977,-0.8064,16.58181,FullOfHolesCondition,LowCongestionCondition,EvenPaceStyle
-1.200000763,49.5,39.55499872,117.8048826,1.800003052,2.5371,70.98039246,1488.0,18.52000046,-0.9825,16.5365963,FullOfHolesCondition,LowCongestionCondition,EvenPaceStyle
-0.900001526,51.29999924,40.1849987,108.2331552,1.799999237,2.6217,72.94117737,1544.0,19.71999931,-0.9279,16.49629402,FullOfHolesCondition,LowCongestionCondition,EvenPaceStyle
-0.199996948,55.79999924,42.01499866,87.68570023,1.799999237,2.2157,70.19608307,1671.0,20.19000053,-1.0392,16.40645409,FullOfHolesCondition,LowCongestionCondition,EvenPaceStyle
0.0,56.69999695,42.53999863,86.26819952,0.899997711,2.0676,59.60784531,1708.5,20.04999924,-1.083,16.35611343,FullOfHolesCondition,LowCongestionCondition,EvenPaceStyle
-0.899997711,57.59999847,43.07999862,84.71958942,0.900001526,2.01,51.37255096,1721.0,18.29999924,-1.1696,16.2905407,FullOfHolesCondition,LowCongestionCondition,EvenPaceStyle
-1.599998474,56.69999695,44.1749986,79.27817469,-1.800003052,2.1252,0.0,1683.0,21.94000053,-1.1975,16.22650909,FullOfHolesCondition,LowCongestionCondition,EvenPaceStyle
-0.900001526,43.19999695,46.13999856,58.12413508,-1.800003052,2.1448,1.176470637,1273.0,15.97000027,-1.2893,16.02836037,FullOfHolesCondition,LowCongestionCondition,EvenPaceStyle
-0.200000763,41.39999771,46.25999851,56.07396663,-1.799999237,2.6288,3.529411793,1207.5,12.47000027,-1.1188,15.9665556,FullOfHolesCondition,LowCongestionCondition,EvenPaceStyle
-1.100002289,38.70000076,46.28999856,55.55684715,-0.899997711,2.3024,56.47058868,1169.5,13.97000027,-1.084,15.80906773,FullOfHolesCondition,LowCongestionCondition,EvenPaceStyle
-1.099998474,40.5,46.2749986,55.71953317,1.799999237,2.3544,90.98039246,1207.0,16.02000046,-1.0342,15.78500557,FullOfHolesCondition,LowCongestionCondition,EvenPaceStyle
-1.199996948,41.39999771,46.24499861,55.96116027,0.899997711,2.3322,83.92156982,1270.0,17.02000046,-0.8358,15.76302052,FullOfHolesCondition,LowCongestionCondition,EvenPaceStyle
-2.200000763,43.19999695,46.25999858,55.85430459,1.799999237,2.3501,80.39215851,1328.5,17.82999992,-0.6021,15.74152374,FullOfHolesCondition,LowCongestionCondition,EvenPaceStyle
-2.800003052,47.69999695,46.4249986,55.08800755,2.699996948,2.4941,74.50980377,1445.5,18.57999992,-0.2836,15.69248581,FullOfHolesCondition,LowCongestionCondition,EvenPaceStyle
-2.400001526,49.5,46.55999864,54.80176177,1.800003052,2.5324,28.23529434,1471.0,18.96999931,-0.2433,15.66915989,FullOfHolesCondition,LowCongestionCondition,EvenPaceStyle
-0.599998474,44.09999847,47.39999854,46.72372955,0.900001526,2.1415,77.64705658,1329.5,16.86000061,0.3933,15.49548149,FullOfHolesCondition,LowCongestionCondition,EvenPaceStyle
-0.5,46.79999924,47.56499856,44.83350042,2.700000763,1.8503,78.4313736,1402.0,19.11000061,0.5238,15.4807272,FullOfHolesCondition,LowCongestionCondition,EvenPaceStyle
-0.600002289,51.29999924,47.9999986,41.39694963,1.799999237,1.7021,76.86274719,1548.5,21.54999924,0.7751,15.45569038,FullOfHolesCondition,LowCongestionCondition,EvenPaceStyle
-0.200000763,56.69999695,48.61499856,35.35146563,9.0,1.019,76.47058868,1682.5,23.29999924,0.9225,15.42851353,FullOfHolesCondition,LowCongestionCondition,EvenPaceStyle
-0.700000763,58.5,49.01999855,33.31891635,1.800003052,0.9822,74.90196228,1760.5,24.27000046,0.9999,15.41598225,FullOfHolesCondition,LowCongestionCondition,EvenPaceStyle
-1.300003052,61.19999695,49.42499854,33.17682214,2.699996948,0.9078,73.72549438,1827.5,23.61000061,0.9168,15.39515495,FullOfHolesCondition,LowCongestionCondition,EvenPaceStyle
-1.099998474,64.79999542,50.17499854,37.44190558,1.799995422,1.0639,63.92156982,1949.0,22.21999931,0.7407,15.33394718,FullOfHolesCondition,LowCongestionCondition,EvenPaceStyle
-1.299999237,65.69999695,50.51999849,40.95213384,0.900001526,1.1656,16.07843208,1586.0,16.44000053,0.7732,15.25584126,FullOfHolesCondition,LowCongestionCondition,EvenPaceStyle
-2.299999237,66.59999847,51.49499842,51.2384461,0.900001526,1.2751,73.33333588,1590.5,18.46999931,0.7697,15.05757809,FullOfHolesCondition,LowCongestionCondition,EvenPaceStyle
-1.199996948,58.5,52.43999844,66.80074364,-2.699996948,1.6906,2.745098114,1361.0,16.90999985,0.1662,14.79957676,FullOfHolesCondition,LowCongestionCondition,EvenPaceStyle
1.099998474,50.39999771,52.39499842,66.86183691,-4.5,1.9824,21.56862831,1155.5,7.989999771,-0.0492,14.60321903,FullOfHolesCondition,LowCongestionCondition,EvenPaceStyle
0.799999237,46.79999924,52.33499845,67.32129434,-3.599998474,2.0095,25.49019623,1063.5,7.079999924,-0.3036,14.46322536,FullOfHolesCondition,LowCongestionCondition,EvenPaceStyle
0.5,42.29999924,52.22999846,68.78043814,-4.5,1.9697,27.45098114,818.0,5.409999847,-0.2703,14.28710461,FullOfHolesCondition,LowCongestionCondition,EvenPaceStyle
0.700000763,37.79999924,51.92999852,74.47331801,-0.900001526,1.9584,0.0,1094.0,10.77000046,-0.4602,14.19231129,FullOfHolesCondition,LowCongestionCondition,EvenPaceStyle
1.199996948,38.70000076,51.61499856,80.41858006,1.800003052,1.9569,84.31372833,1161.5,12.77000046,-0.4936,14.15942574,FullOfHolesCondition,LowCongestionCondition,EvenPaceStyle
1.0,39.59999847,51.44999854,82.76185985,0.899997711,2.0056,12.94117641,789.0,6.050000191,-0.564,14.02684689,FullOfHolesCondition,LowCongestionCondition,EvenPaceStyle
0.899997711,38.70000076,51.23999856,85.4719267,-0.899997711,1.8941,0.0,1656.5,15.63000011,-0.5441,14.02659702,FullOfHolesCondition,LowCongestionCondition,EvenPaceStyle
0.900001526,37.79999924,50.9999986,88.45931629,-0.900001526,2.0186,55.29411697,1538.5,16.23999977,-0.4801,14.02721405,FullOfHolesCondition,LowCongestionCondition,EvenPaceStyle
0.700000763,38.70000076,50.74499861,90.80488305,0.900001526,1.8155,73.72549438,1630.5,20.54999924,-0.1907,14.04021358,FullOfHolesCondition,LowCongestionCondition,EvenPaceStyle
0.800003052,40.5,50.48999863,92.08463671,1.799999237,1.6895,72.54901886,1733.0,20.79999924,-0.3569,14.05081558,FullOfHolesCondition,LowCongestionCondition,EvenPaceStyle
0.799999237,43.19999695,50.26499863,92.28027307,2.699996948,1.5445,67.05882263,1830.0,20.65999985,-0.0842,14.05635166,FullOfHolesCondition,LowCongestionCondition,EvenPaceStyle
0.899997711,45.0,50.05499865,91.79335762,1.800003052,1.6839,65.88235474,1906.5,21.77000046,0.0976,14.06386375,FullOfHolesCondition,LowCongestionCondition,EvenPaceStyle
0.299999237,49.5,49.61999868,89.30500999,0.900001526,1.4051,0.0,1948.5,25.19000053,-0.0137,14.07849026,FullOfHolesCondition,LowCongestionCondition,EvenPaceStyle
-0.5,41.39999771,49.31999868,90.52229708,0.899997711,0.9961,65.88235474,1690.0,17.21999931,0.6092,14.06955338,FullOfHolesCondition,LowCongestionCondition,EvenPaceStyle
-1.299999237,43.19999695,49.4249986,88.75105271,0.899997711,0.9986,63.52941132,1785.0,19.40999985,0.6876,13.95137119,FullOfHolesCondition,LowCongestionCondition,EvenPaceStyle
-1.400001526,44.09999847,49.46999861,88.13806096,0.900001526,1.1279,58.4313736,1836.5,18.77000046,0.6532,13.88692379,FullOfHolesCondition,LowCongestionCondition,EvenPaceStyle
-1.799999237,44.09999847,49.48499864,87.9602725,-0.900001526,1.1272,49.01960754,1796.5,17.29999924,0.6997,13.76354885,FullOfHolesCondition,LowCongestionCondition,EvenPaceStyle
-1.200000763,43.19999695,49.31999861,89.03958634,-0.900001526,1.3176,0.0,1688.0,21.96999931,0.3381,13.67768192,FullOfHolesCondition,LowCongestionCondition,EvenPaceStyle
1.099998474,29.69999886,48.0749987,110.6896945,-1.800001144,1.6882,87.05882263,1257.0,14.72000027,-0.1922,13.57598305,FullOfHolesCondition,LowCongestionCondition,EvenPaceStyle
1.200000763,30.59999847,47.8499987,115.5462624,0.899999619,1.6025,79.60784149,1378.0,16.98999977,-0.2277,13.5766058,FullOfHolesCondition,LowCongestionCondition,EvenPaceStyle
1.299999237,39.59999847,47.05499875,123.177422,0.899997711,2.0555,19.6078434,1626.0,16.11000061,-0.3467,13.50020599,FullOfHolesCondition,LowCongestionCondition,EvenPaceStyle
1.0,37.79999924,46.42499876,121.3707102,-1.799999237,2.3086,9.411765099,1500.5,18.73999977,-0.436,13.5261755,FullOfHolesCondition,LowCongestionCondition,EvenPaceStyle
2.099998474,29.69999886,44.92499886,114.5063053,-3.600000381,2.6663,30.58823586,770.0,5.21999979,-0.745,13.27280998,FullOfHolesCondition,LowCongestionCondition,EvenPaceStyle
2.599998474,23.39999962,44.2199989,114.5385688,-6.299999237,2.7932,30.19607925,777.5,4.989999771,-0.8218,13.2289238,FullOfHolesCondition,LowCongestionCondition,EvenPaceStyle
1.600002289,5.399999619,41.579999,135.1409436,-5.399999619,2.8864,30.58823586,772.5,5.300000191,-0.8632,13.29184055,FullOfHolesCondition,LowCongestionCondition,EvenPaceStyle
-1.300003052,83.69999695,92.32499708,20.5463084,-1.800003052,2.1628,16.07843208,1957.5,22.79999924,-0.18,12.25989437,SmoothCondition,LowCongestionCondition,EvenPaceStyle
-1.599998474,84.59999847,92.0399971,23.0058255,1.800003052,2.3537,77.2549057,2023.5,23.65999985,-0.2163,12.23127079,SmoothCondition,LowCongestionCondition,EvenPaceStyle
-2.100006104,85.5,91.91999715,23.70874013,0.900001526,2.2591,73.33333588,2053.0,28.15999985,-0.2482,12.20705986,SmoothCondition,LowCongestionCondition,EvenPaceStyle
-3.300003052,90.0,91.67999713,24.065689,0.900001526,1.9494,70.98039246,2122.0,26.15999985,0.0252,12.10536289,SmoothCondition,LowCongestionCondition,EvenPaceStyle
-3.400001526,91.79999542,91.63499705,23.92908702,1.799995422,1.8481,69.41176605,2157.5,25.32999992,0.1037,12.06640053,SmoothCondition,LowCongestionCondition,EvenPaceStyle
-4.0,92.69999695,91.604997,23.80827316,0.900001526,1.6565,68.62744904,2193.0,25.73999977,0.0933,12.04091644,SmoothCondition,LowCongestionCondition,EvenPaceStyle
-3.400001526,98.09999847,91.67999725,24.66975818,0.900001526,1.2777,68.23529816,2323.0,25.57999992,0.2795,11.82576084,SmoothCondition,LowCongestionCondition,EvenPaceStyle
-2.199996948,99.8999939,91.81499736,26.23552993,0.899993896,1.3571,72.54901886,2354.0,26.57999992,0.3245,11.74728584,SmoothCondition,LowCongestionCondition,EvenPaceStyle
-1.400001526,100.7999954,92.00999718,28.42870595,0.900001526,1.3905,79.60784149,2376.0,30.15999985,0.4638,11.68705273,SmoothCondition,LowCongestionCondition,EvenPaceStyle
0.400001526,101.6999969,92.23499705,31.06806934,0.900001526,1.3429,77.64705658,2395.0,30.02000046,0.4604,11.62981606,SmoothCondition,LowCongestionCondition,EvenPaceStyle
1.900001526,103.5,92.83499705,38.13383425,0.900001526,1.4435,80.0,2445.0,29.73999977,0.3409,11.53377151,SmoothCondition,LowCongestionCondition,EvenPaceStyle
1.799995422,104.3999939,93.14999695,42.13372365,0.899993896,1.5918,78.4313736,2452.0,29.19000053,0.2025,11.46699142,SmoothCondition,LowCongestionCondition,EvenPaceStyle
0.199996948,105.2999954,93.65999667,48.5688731,0.900001526,1.7604,79.60784149,2475.0,28.52000046,0.2071,11.37862587,SmoothCondition,LowCongestionCondition,EvenPaceStyle
-0.900001526,106.1999969,94.88999647,63.27243021,0.900001526,1.9277,77.2549057,2479.5,27.94000053,0.1719,11.33819485,SmoothCondition,LowCongestionCondition,EvenPaceStyle
-0.5,105.2999954,95.24999657,67.49541374,-1.800003052,1.9312,76.47058868,2470.5,27.73999977,0.0301,11.20838737,SmoothCondition,LowCongestionCondition,EvenPaceStyle
-0.300003052,104.3999939,95.72999662,72.10280196,-0.900001526,1.9852,74.50980377,2464.0,26.52000046,-0.1724,11.00244427,SmoothCondition,LowCongestionCondition,EvenPaceStyle
0.699996948,105.2999954,97.12499644,76.91680557,0.900001526,1.6033,88.62744904,2472.5,29.52000046,-0.1412,10.74467564,SmoothCondition,LowCongestionCondition,EvenPaceStyle
0.5,106.1999969,97.85999641,72.78649239,0.900001526,1.4122,81.5686264,2501.0,33.18999863,-0.048,10.68889523,SmoothCondition,LowCongestionCondition,EvenPaceStyle
-0.5,108.8999939,99.95999641,56.20209203,0.899993896,1.3327,79.21569061,2568.0,34.18999863,-0.2335,10.52608681,SmoothCondition,LowCongestionCondition,EvenPaceStyle
-1.099998474,109.7999954,100.7849963,50.48061015,0.900001526,1.4319,78.4313736,2581.0,33.65999985,-0.2425,10.49322128,SmoothCondition,LowCongestionCondition,EvenPaceStyle
-0.800003052,111.5999985,103.3499962,27.65440427,0.900001526,1.545,79.21569061,2619.5,31.27000046,-0.0565,10.42223549,SmoothCondition,LowCongestionCondition,EvenPaceStyle
1.800003052,108.0,105.2099963,16.49379965,-1.799995422,1.7737,81.17647552,2613.0,27.94000053,-0.036,10.32735538,SmoothCondition,LowCongestionCondition,EvenPaceStyle
1.200004578,109.7999954,105.9149963,13.30299373,-0.900001526,1.9071,78.8235321,2578.0,27.07999992,0.044,10.29356098,SmoothCondition,LowCongestionCondition,EvenPaceStyle
2.0,108.8999939,106.3049962,11.23268911,-0.900001526,1.9017,80.39215851,2563.0,27.69000053,0.0487,10.26079178,SmoothCondition,LowCongestionCondition,EvenPaceStyle
2.299995422,108.0,106.6049962,9.704214965,-0.899993896,1.8968,83.13725281,2540.0,29.11000061,0.1669,10.22833729,SmoothCondition,LowCongestionCondition,EvenPaceStyle
3.900001526,107.0999985,106.9649965,7.738248237,-0.900001526,1.9629,83.13725281,2541.5,29.54999924,0.2308,10.20854759,SmoothCondition,LowCongestionCondition,EvenPaceStyle
3.400001526,108.0,107.0699965,7.275358606,0.900001526,2.0115,81.5686264,2531.5,29.29999924,0.2759,10.19318771,SmoothCondition,LowCongestionCondition,EvenPaceStyle
0.800003052,109.7999954,107.7899966,5.254478055,0.900001526,1.8665,81.5686264,2576.5,29.21999931,0.3917,10.11671448,SmoothCondition,LowCongestionCondition,EvenPaceStyle
-0.700004578,110.6999969,107.9549966,5.228621872,0.900001526,1.8877,82.74510193,2596.5,29.11000061,0.3731,10.09055805,SmoothCondition,LowCongestionCondition,EvenPaceStyle
-2.300003052,109.7999954,108.5849968,5.376893271,-1.800003052,1.6695,78.4313736,2623.5,30.46999931,0.088,10.11121655,SmoothCondition,LowCongestionCondition,EvenPaceStyle
-0.799995422,110.6999969,108.6749968,5.26157109,0.900001526,1.6547,82.74510193,2630.0,30.36000061,0.0912,10.08461285,SmoothCondition,LowCongestionCondition,EvenPaceStyle
0.300003052,113.3999939,109.5299973,3.715017303,1.799995422,1.5772,80.78431702,2596.0,28.94000053,-0.0005,9.944439888,SmoothCondition,LowCongestionCondition,EvenPaceStyle
-0.199996948,114.2999954,109.6949973,3.626923194,0.900001526,1.5141,83.13725281,2592.5,28.23999977,-0.0019,9.921403885,SmoothCondition,LowCongestionCondition,EvenPaceStyle
-2.0,110.6999969,109.7849973,3.308414427,-3.599998474,1.4584,78.8235321,2598.0,28.69000053,-0.0374,9.898041725,SmoothCondition,LowCongestionCondition,EvenPaceStyle
0.800003052,110.6999969,110.2649974,2.155193692,-0.900001526,2.0954,82.35294342,2604.0,28.65999985,0.2695,9.495775223,SmoothCondition,LowCongestionCondition,EvenPaceStyle
2.700004578,109.7999954,110.3099973,2.069388809,-0.900001526,2.177,80.39215851,2584.5,28.32999992,0.4741,9.458368301,SmoothCondition,LowCongestionCondition,EvenPaceStyle
2.899993896,108.8999939,110.2799973,2.099592364,-0.900001526,2.2323,86.27451324,2564.0,27.37999916,0.5243,9.43475914,SmoothCondition,LowCongestionCondition,EvenPaceStyle
3.299995422,108.0,110.2499973,2.182880262,-0.899993896,2.2061,87.45098114,2541.0,27.46999931,0.4585,9.412538528,SmoothCondition,LowCongestionCondition,EvenPaceStyle
3.399993896,107.0999985,110.2199974,2.319252869,-0.900001526,2.0797,83.52941132,2514.0,27.21999931,0.2057,9.389788628,SmoothCondition,LowCongestionCondition,EvenPaceStyle
2.600006104,106.1999969,110.1749973,2.589024388,-0.900001526,2.0619,87.84313965,2503.0,26.98999977,0.2723,9.366550446,SmoothCondition,LowCongestionCondition,EvenPaceStyle
2.700004578,105.2999954,110.0849972,3.198584613,-0.900001526,1.7764,82.35294342,2482.0,26.69000053,-0.1258,9.343937874,SmoothCondition,LowCongestionCondition,EvenPaceStyle
1.400001526,106.1999969,109.739997,5.295662882,0.900001526,1.6206,83.92156982,2486.5,25.96999931,-0.3056,9.301527977,SmoothCondition,LowCongestionCondition,EvenPaceStyle
-1.5,99.0,107.8199968,11.19722069,-0.899993896,2.4543,76.86274719,2361.0,27.94000053,-0.1787,9.196798325,SmoothCondition,LowCongestionCondition,EvenPaceStyle
-1.199996948,100.7999954,107.6099968,11.45989953,1.799995422,2.5643,79.60784149,2399.0,27.96999931,-0.1034,9.198524475,SmoothCondition,LowCongestionCondition,EvenPaceStyle
-0.800003052,102.5999985,107.4149968,11.08807755,1.800003052,2.417,80.78431702,2426.5,28.69000053,-0.095,9.200632095,SmoothCondition,LowCongestionCondition,EvenPaceStyle
-1.0,104.3999939,107.1899968,11.0846452,0.899993896,2.3265,84.70588684,2475.0,28.90999985,0.0562,9.202348709,SmoothCondition,LowCongestionCondition,EvenPaceStyle
-1.700004578,105.2999954,107.0999968,10.9281368,0.900001526,2.2526,86.27451324,2505.0,29.11000061,0.2239,9.204481125,SmoothCondition,LowCongestionCondition,EvenPaceStyle
0.200000763,0.0,8.054999824,202.0997973,0.0,1.2907,32.54901886,782.5,5.239999771,-0.022,13.44066811,FullOfHolesCondition,LowCongestionCondition,EvenPaceStyle
0.099998474,1.799999952,4.754999868,131.3597983,1.799999952,1.1796,92.54901886,801.0,5.880000114,0.2613,13.50471115,FullOfHolesCondition,LowCongestionCondition,EvenPaceStyle
0.299999237,14.39999962,3.344999917,72.10624301,2.699999809,0.9218,99.21569061,1067.5,9.43999958,0.5045,13.59893322,FullOfHolesCondition,LowCongestionCondition,EvenPaceStyle
0.100002289,16.19999886,2.699999905,43.2732176,1.799999237,0.9699,5.09803915,1133.0,10.43999958,0.424,13.64268017,FullOfHolesCondition,LowCongestionCondition,EvenPaceStyle
0.200000763,14.39999962,2.324999905,28.92088765,-1.799999237,1.1465,82.35294342,889.0,6.360000134,0.4596,13.65179157,FullOfHolesCondition,LowCongestionCondition,EvenPaceStyle
-0.900001526,14.39999962,2.534999927,28.78909145,0.899999619,1.1777,77.2549057,1482.5,20.19000053,0.5302,13.79204845,FullOfHolesCondition,LowCongestionCondition,EvenPaceStyle
-1.0,25.19999886,2.954999908,37.20759913,10.79999924,1.1365,71.37255096,1742.0,21.79999924,0.5494,13.81419277,FullOfHolesCondition,LowCongestionCondition,EvenPaceStyle
-0.600002289,29.69999886,3.449999889,48.9340643,4.5,1.185,65.09803772,2019.0,22.57999992,0.508,13.82681942,FullOfHolesCondition,LowCongestionCondition,EvenPaceStyle
-0.5,32.39999771,3.989999851,62.64090968,2.699998856,1.1219,2.745098114,778.0,11.43999958,0.5565,13.78209877,FullOfHolesCondition,LowCongestionCondition,EvenPaceStyle
-0.899997711,31.5,4.514999851,74.91790136,-0.899997711,1.0562,94.11764526,1362.0,18.46999931,0.6321,13.76507282,FullOfHolesCondition,LowCongestionCondition,EvenPaceStyle
-0.200000763,34.20000076,5.084999863,89.17756331,2.700000763,0.8807,81.5686264,1506.5,22.54999924,0.6537,13.75124264,FullOfHolesCondition,LowCongestionCondition,EvenPaceStyle
0.700000763,37.79999924,5.714999851,106.4758677,3.599998474,0.7922,78.8235321,1648.5,24.46999931,0.6843,13.73809147,FullOfHolesCondition,LowCongestionCondition,EvenPaceStyle
0.299999237,44.09999847,7.139999787,149.8600585,2.700000763,0.7976,10.1960783,1480.0,25.65999985,0.5723,13.76723766,FullOfHolesCondition,LowCongestionCondition,AggressiveStyle
1.200000763,45.89999771,8.684999736,197.8273858,-0.900001526,0.9559,100.0,1355.5,7.769999981,0.5109,13.62155437,FullOfHolesCondition,LowCongestionCondition,AggressiveStyle
1.100002289,46.79999924,9.464999723,220.553148,0.900001526,0.7925,85.49019623,1468.0,18.36000061,0.5525,13.60536766,FullOfHolesCondition,LowCongestionCondition,EvenPaceStyle
1.200000763,52.19999695,11.15999967,272.7146277,2.699996948,0.9507,80.78431702,1553.5,23.82999992,0.7487,13.59514427,FullOfHolesCondition,LowCongestionCondition,EvenPaceStyle
0.600002289,54.0,12.05999967,300.8861538,1.800003052,0.9373,36.47058868,1622.0,23.96999931,0.8462,13.58928108,FullOfHolesCondition,LowCongestionCondition,EvenPaceStyle
0.799999237,56.69999695,13.00499962,331.2879211,2.699996948,1.0061,0.0,1658.0,21.32999992,0.7831,13.5670042,FullOfHolesCondition,LowCongestionCondition,EvenPaceStyle
-3.0,56.69999695,16.72499951,429.939508,1.799999237,1.1027,65.09803772,1668.5,20.07999992,0.7066,13.46638775,FullOfHolesCondition,LowCongestionCondition,EvenPaceStyle
-3.200000763,53.09999847,20.36999939,495.2248171,-0.900001526,1.5497,55.68627548,1568.0,15.48999977,0.6639,13.58581543,FullOfHolesCondition,LowCongestionCondition,EvenPaceStyle
-2.399997711,52.19999695,23.00999929,520.5242719,-0.900001526,1.906,0.0,1533.0,16.02000046,0.5116,13.53805161,FullOfHolesCondition,LowCongestionCondition,EvenPaceStyle
-1.600002289,51.29999924,23.86499928,524.3717724,-0.899997711,2.1041,63.92156982,1541.0,17.12999916,0.5501,13.47206783,FullOfHolesCondition,LowCongestionCondition,EvenPaceStyle
-0.5,52.19999695,24.73499923,527.5568556,0.899997711,2.1027,18.8235302,1540.0,19.69000053,0.7299,13.41952896,FullOfHolesCondition,LowCongestionCondition,EvenPaceStyle
-0.5,51.29999924,26.45999916,528.5373211,-0.899997711,2.2372,40.39215851,1482.0,19.04999924,0.5936,13.36446285,FullOfHolesCondition,LowCongestionCondition,EvenPaceStyle
-0.400001526,50.39999771,27.29999913,525.6670834,-0.900001526,2.352,55.29411697,1511.0,16.04999924,0.58,13.30171776,FullOfHolesCondition,LowCongestionCondition,EvenPaceStyle
-0.100002289,51.29999924,28.15499911,522.0543471,0.900001526,2.3773,4.705882549,1483.5,14.30000019,0.2232,13.25452805,FullOfHolesCondition,LowCongestionCondition,EvenPaceStyle
-0.299999237,49.5,29.78999908,510.2368145,-0.899997711,2.2946,66.66666412,1453.0,13.97000027,-0.0047,13.15557003,FullOfHolesCondition,LowCongestionCondition,EvenPaceStyle
0.5,40.5,35.21999887,409.5707521,-2.699996948,2.149,9.411765099,1130.0,8.020000458,-0.2088,12.94442654,FullOfHolesCondition,LowCongestionCondition,EvenPaceStyle
0.599998474,36.89999771,35.83499883,388.2094059,-3.600002289,2.1982,23.92156982,804.5,5.659999847,-0.176,12.91539383,FullOfHolesCondition,LowCongestionCondition,EvenPaceStyle
1.099998474,34.20000076,36.40499885,366.1591021,-2.699996948,2.0761,28.62745094,776.5,5.46999979,-0.4241,12.81517792,FullOfHolesCondition,LowCongestionCondition,EvenPaceStyle
1.299999237,32.39999771,36.94499881,343.6713071,-1.800003052,2.1053,0.0,1261.5,15.55000019,-0.3792,12.81302738,FullOfHolesCondition,LowCongestionCondition,EvenPaceStyle
1.399997711,31.5,37.97999878,297.4978778,0.900001526,2.0558,69.80392456,1310.0,13.82999992,-0.3326,12.79154205,FullOfHolesCondition,LowCongestionCondition,EvenPaceStyle
0.400001526,33.29999924,38.53499877,273.1070404,1.799999237,1.9441,60.0,1360.0,12.05000019,-0.4858,12.77338123,FullOfHolesCondition,LowCongestionCondition,EvenPaceStyle
-0.900001526,32.39999771,39.59999872,225.0152386,-0.900001526,1.7387,37.25490189,1290.0,14.88000011,-0.4601,12.77333832,SmoothCondition,LowCongestionCondition,EvenPaceStyle
-0.799999237,37.79999924,41.44499865,161.0506412,2.700000763,1.6382,76.47058868,1647.5,21.90999985,-0.2275,12.77873325,SmoothCondition,LowCongestionCondition,EvenPaceStyle
0.5,43.19999695,42.32999862,137.1224642,2.699996948,1.4275,74.90196228,1761.0,23.96999931,-0.1188,12.78280354,SmoothCondition,LowCongestionCondition,EvenPaceStyle
1.200000763,45.0,42.85499862,122.8753894,1.800003052,1.4045,73.72549438,1861.0,24.57999992,0.0069,12.78341103,SmoothCondition,LowCongestionCondition,EvenPaceStyle
1.299999237,47.69999695,43.42499857,108.3374922,2.699996948,1.4803,0.0,1954.5,25.52000046,0.1599,12.78329849,SmoothCondition,LowCongestionCondition,EvenPaceStyle
1.399997711,48.59999847,44.00999854,93.26531572,0.900001526,1.3246,89.80392456,1020.5,16.65999985,0.3637,12.75972843,SmoothCondition,LowCongestionCondition,EvenPaceStyle
2.200000763,53.09999847,45.3899985,69.4504018,2.700000763,0.7291,85.88235474,1612.5,26.79999924,0.5251,12.77533627,SmoothCondition,LowCongestionCondition,EvenPaceStyle
0.799999237,60.29999924,46.6649985,68.06265008,1.799999237,0.4127,78.4313736,1834.5,34.83000183,0.6221,12.78122616,SmoothCondition,LowCongestionCondition,EvenPaceStyle
0.399997711,63.0,47.08499851,71.07383756,2.700000763,0.4161,76.86274719,1911.5,31.23999977,0.6003,12.77598953,SmoothCondition,LowCongestionCondition,EvenPaceStyle
0.800003052,65.69999695,47.4899985,76.23243813,2.699996948,0.3699,80.0,1986.5,29.52000046,0.7117,12.76248932,SmoothCondition,LowCongestionCondition,EvenPaceStyle
1.200000763,67.5,47.87999852,82.66942217,1.800003052,0.468,58.03921509,1751.5,18.40999985,0.6415,12.7145443,SmoothCondition,LowCongestionCondition,EvenPaceStyle
1.400001526,68.40000153,48.23999856,89.6546446,0.900001526,0.5878,23.13725471,1743.0,20.73999977,0.7106,12.68174171,SmoothCondition,LowCongestionCondition,EvenPaceStyle
1.699996948,67.5,48.5999986,95.71728951,-0.900001526,0.5307,87.45098114,1618.5,25.57999992,0.6759,12.66823292,SmoothCondition,LowCongestionCondition,EvenPaceStyle
1.599998474,68.40000153,48.95999864,102.1753254,0.900001526,0.6425,78.03921509,1651.0,24.77000046,0.7449,12.75401306,SmoothCondition,LowCongestionCondition,EvenPaceStyle
1.800003052,72.0,49.63499864,118.1728254,1.800003052,0.6248,76.47058868,1727.5,24.36000061,0.5194,12.74329185,SmoothCondition,LowCongestionCondition,EvenPaceStyle
2.5,72.90000153,49.94999866,126.9228868,0.900001526,0.5741,76.86274719,1762.0,25.21999931,0.6406,12.7280283,SmoothCondition,LowCongestionCondition,EvenPaceStyle
2.900001526,74.69999695,50.24999866,136.4415298,1.799995422,0.6504,75.6862793,1794.0,24.77000046,0.5962,12.70883274,SmoothCondition,LowCongestionCondition,EvenPaceStyle
3.0,77.40000153,50.93999869,158.2987184,1.800003052,0.8056,74.11764526,1824.0,26.15999985,0.5666,12.67325115,SmoothCondition,LowCongestionCondition,EvenPaceStyle
3.200000763,80.09999847,51.71999868,183.9514615,1.800003052,0.7727,75.29412079,1886.0,26.61000061,0.4279,12.64483356,SmoothCondition,LowCongestionCondition,EvenPaceStyle
2.900001526,81.0,52.12499873,197.8951325,0.900001526,0.8453,77.64705658,1923.0,25.79999924,0.4172,12.63058949,SmoothCondition,LowCongestionCondition,EvenPaceStyle
3.400001526,85.5,54.61499882,275.1389337,0.900001526,1.2676,70.98039246,2023.0,24.21999931,0.0194,12.56288147,SmoothCondition,LowCongestionCondition,EvenPaceStyle
3.5,86.3999939,55.18499877,291.8331655,0.899993896,1.3205,67.05882263,2037.0,25.37999916,0.0123,12.56455421,SmoothCondition,LowCongestionCondition,EvenPaceStyle
2.899997711,87.29999542,55.7849987,308.6921451,0.900001526,1.508,68.62744904,2059.0,23.82999992,0.1009,12.55104828,SmoothCondition,LowCongestionCondition,EvenPaceStyle
2.399997711,88.19999695,56.96999868,341.4712834,0.900001526,1.4335,69.01960754,2082.5,25.29999924,0.0616,12.51251125,SmoothCondition,LowCongestionCondition,EvenPaceStyle
0.099998474,90.8999939,60.2249986,417.6934234,0.899993896,1.5933,76.47058868,2145.5,29.07999992,0.3078,12.45462704,SmoothCondition,LowCongestionCondition,EvenPaceStyle
2.700000763,93.59999847,65.54999835,486.6086181,0.900001526,1.5847,76.86274719,2197.5,29.79999924,0.1395,12.39571667,SmoothCondition,LowCongestionCondition,EvenPaceStyle
4.599998474,95.3999939,76.87499784,322.4978031,-0.900001526,1.5663,69.41176605,2247.0,25.29999924,0.1179,12.2607832,SmoothCondition,LowCongestionCondition,EvenPaceStyle
4.199996948,93.59999847,82.94999777,180.0991245,-0.900001526,2.3268,78.03921509,2208.5,29.54999924,0.5843,12.1388979,SmoothCondition,LowCongestionCondition,EvenPaceStyle
4.300003052,94.5,85.10999781,128.4019068,0.900001526,2.2279,76.07843018,2208.0,31.23999977,0.4657,12.11148548,SmoothCondition,LowCongestionCondition,EvenPaceStyle
4.399993896,95.3999939,90.11999779,42.70941552,0.899993896,2.2488,77.64705658,2240.0,31.02000046,0.8748,12.08990574,SmoothCondition,LowCongestionCondition,EvenPaceStyle
5.099998474,95.3999939,93.1199969,9.485692119,-0.900001526,1.8294,0.0,2236.0,30.98999977,0.6237,12.15504265,SmoothCondition,LowCongestionCondition,EvenPaceStyle
3.400001526,82.79999542,92.9699969,13.84687761,1.799995422,2.1923,70.19608307,1956.0,23.29999924,0.0945,12.44848061,SmoothCondition,LowCongestionCondition,EvenPaceStyle
3.299995422,83.69999695,92.87999687,15.04128458,0.900001526,2.1946,69.01960754,1983.0,22.71999931,0.0291,12.41844559,SmoothCondition,LowCongestionCondition,EvenPaceStyle
1.199996948,85.5,92.56499697,18.44671592,1.800003052,2.3333,10.1960783,2004.0,26.61000061,0.0027,12.31791115,SmoothCondition,LowCongestionCondition,EvenPaceStyle
1.700004578,31.5,16.58999953,59.5931165,0.900001526,1.3272,25.88235283,1288.0,10.55000019,0.2073,10.53060055,UnevenCondition,NormalCongestionCondition,EvenPaceStyle
0.900001526,30.59999847,17.35499952,63.64929416,-0.900001526,1.3123,40.0,1222.0,14.77000046,0.0738,10.59537125,UnevenCondition,NormalCongestionCondition,EvenPaceStyle
0.300003052,29.69999886,17.72999951,64.341455,-0.899999619,1.3683,18.4313736,1196.0,10.63000011,0.05,10.61575222,UnevenCondition,NormalCongestionCondition,EvenPaceStyle
0.099998474,31.5,18.82499951,66.12597174,2.700000763,1.0357,83.92156982,1339.5,14.80000019,0.1919,10.71318913,UnevenCondition,NormalCongestionCondition,EvenPaceStyle
-0.300003052,36.89999771,19.5149995,74.64332722,2.699996948,0.7339,72.15686035,1546.5,16.73999977,0.5231,10.77510738,UnevenCondition,NormalCongestionCondition,EvenPaceStyle
-0.099998474,39.59999847,19.91999949,81.01280955,2.700000763,0.6887,38.82352829,1608.0,15.97000027,0.5491,10.80326462,UnevenCondition,NormalCongestionCondition,EvenPaceStyle
0.299995422,38.70000076,20.7149995,92.18875027,-0.899997711,0.7837,0.0,1565.5,14.38000011,0.4951,10.86425304,UnevenCondition,NormalCongestionCondition,EvenPaceStyle
0.599998474,40.5,21.13499951,98.14705563,1.799999237,0.8229,41.96078491,1548.0,12.47000027,0.5239,10.88204002,UnevenCondition,NormalCongestionCondition,EvenPaceStyle
0.399993896,38.70000076,21.53999953,102.4407428,-1.799999237,0.9182,36.86274719,1540.0,17.21999931,0.5995,10.91468716,UnevenCondition,NormalCongestionCondition,EvenPaceStyle
1.099998474,37.79999924,23.75999956,97.04074569,-0.900001526,1.1646,34.50980377,1512.5,15.77000046,0.5764,11.0074625,UnevenCondition,NormalCongestionCondition,EvenPaceStyle
0.800003052,35.09999847,25.42499946,80.27580404,-1.799999237,1.3086,26.66666794,1419.0,13.98999977,0.4862,11.11319828,UnevenCondition,NormalCongestionCondition,EvenPaceStyle
0.300003052,34.20000076,25.78499948,78.66129592,-0.899997711,1.2454,0.0,1386.5,16.19000053,0.3945,11.15391541,UnevenCondition,NormalCongestionCondition,EvenPaceStyle
0.899993896,33.29999924,26.77499946,72.86224527,0.900001526,1.6739,26.27450943,1335.0,15.77000046,0.3206,11.19897938,UnevenCondition,NormalCongestionCondition,EvenPaceStyle
1.199996948,32.39999771,27.01499942,72.03485529,-0.900001526,1.9699,0.0,1292.0,15.48999977,0.2438,11.21923923,UnevenCondition,NormalCongestionCondition,EvenPaceStyle
1.300003052,29.69999886,27.3599994,70.48921945,-0.899999619,1.8942,58.8235321,1225.0,9.609999657,-0.1735,11.23817253,UnevenCondition,NormalCongestionCondition,EvenPaceStyle
1.0,30.59999847,27.5249994,69.88766838,0.899999619,2.0052,24.31372643,1217.0,14.63000011,-0.2793,11.25767136,UnevenCondition,NormalCongestionCondition,EvenPaceStyle
0.800003052,30.59999847,28.69499939,56.64760037,2.699998856,1.8965,52.94117737,1269.0,9.739999771,0.0628,11.37892151,UnevenCondition,NormalCongestionCondition,EvenPaceStyle
0.199996948,30.59999847,29.2499994,49.49237134,-0.900001526,1.9503,40.0,1211.5,14.88000011,0.1829,11.40900421,UnevenCondition,NormalCongestionCondition,EvenPaceStyle
0.199996948,31.5,29.69999936,44.75593133,0.900001526,1.961,9.019607544,1280.0,10.65999985,0.1491,11.44338036,UnevenCondition,NormalCongestionCondition,EvenPaceStyle
-0.099998474,30.59999847,30.22499933,38.00936309,-1.799999237,1.8923,6.666666985,1233.5,12.35999966,0.1658,11.49459743,UnevenCondition,LowCongestionCondition,EvenPaceStyle
0.0,29.69999886,30.41999931,35.44230407,-0.899999619,2.0663,25.49019623,1192.0,14.02000046,0.0825,11.52394962,UnevenCondition,LowCongestionCondition,EvenPaceStyle
0.299995422,21.59999847,30.64499925,31.01133086,-4.5,2.031,13.33333397,758.5,4.630000114,0.0411,11.49602413,UnevenCondition,LowCongestionCondition,EvenPaceStyle
0.099998474,18.89999962,30.67499924,30.23885665,-2.699998856,1.8392,69.41176605,1119.5,11.18999958,0.1293,11.53487396,UnevenCondition,LowCongestionCondition,EvenPaceStyle
-0.899993896,22.5,30.70499926,29.60183943,3.600000381,1.6501,59.2156868,1528.0,16.61000061,0.2011,11.61628819,UnevenCondition,LowCongestionCondition,EvenPaceStyle
-0.900001526,29.69999886,30.94499925,26.63641583,2.699998856,1.8684,0.0,1509.5,14.23999977,0.2908,11.68654823,UnevenCondition,LowCongestionCondition,EvenPaceStyle
-2.100006104,33.29999924,31.37999922,22.52806863,3.600000381,1.5755,78.4313736,1446.0,15.82999992,0.4042,11.75650883,UnevenCondition,LowCongestionCondition,EvenPaceStyle
-2.599998474,36.0,31.49999924,22.76237384,2.700000763,1.6841,72.54901886,1548.5,15.40999985,0.3431,11.77918816,UnevenCondition,LowCongestionCondition,EvenPaceStyle
-1.900001526,36.89999771,31.5899992,23.24837356,0.899997711,1.7237,10.58823586,1568.5,19.21999931,0.1663,11.81255054,UnevenCondition,LowCongestionCondition,EvenPaceStyle
-3.200004578,37.79999924,32.00999915,24.17277996,0.900001526,1.6262,54.90196228,1558.5,13.65999985,0.1188,11.88039398,UnevenCondition,LowCongestionCondition,EvenPaceStyle
-2.699996948,39.59999847,32.36999915,25.31501751,0.899997711,1.5127,44.31372452,1661.0,13.93999958,0.0581,11.90131092,UnevenCondition,LowCongestionCondition,EvenPaceStyle
-3.599998474,41.39999771,32.54999914,26.61101704,1.799999237,1.605,5.882352829,1653.5,14.13000011,0.0334,11.92397785,UnevenCondition,LowCongestionCondition,EvenPaceStyle
-3.399993896,40.5,32.69999914,27.64067832,-0.899997711,1.5472,0.0,1605.5,20.11000061,0.0756,11.96593189,UnevenCondition,LowCongestionCondition,EvenPaceStyle
-1.599998474,39.59999847,33.44999921,29.85101782,0.899997711,1.4809,0.784313738,1649.5,19.82999992,0.071,12.08414745,UnevenCondition,LowCongestionCondition,EvenPaceStyle
-2.400001526,38.70000076,33.65999918,30.8404078,-0.899997711,1.4499,47.84313965,1585.5,13.65999985,-0.0036,12.13507462,UnevenCondition,LowCongestionCondition,EvenPaceStyle
-2.0,37.79999924,33.65999924,30.78549313,-1.799999237,1.4968,39.60784531,1671.0,13.98999977,-0.1017,12.17335224,UnevenCondition,LowCongestionCondition,EvenPaceStyle
-0.300003052,40.5,33.77999913,32.19315309,0.900001526,1.529,38.03921509,1660.0,18.90999985,-0.4429,12.35711193,UnevenCondition,LowCongestionCondition,EvenPaceStyle
0.5,42.29999924,33.85499913,33.14387345,1.799999237,1.5892,0.0,1632.0,20.11000061,-0.4488,12.38414478,UnevenCondition,LowCongestionCondition,EvenPaceStyle
0.299995422,35.09999847,34.03499912,34.17078897,-1.799999237,1.3945,67.45098114,1527.5,14.68999958,-0.2998,12.52975178,UnevenCondition,LowCongestionCondition,EvenPaceStyle
1.300003052,36.89999771,34.27499914,34.63207683,-0.900001526,1.4841,18.4313736,1498.5,18.36000061,-0.3252,12.61074257,UnevenCondition,LowCongestionCondition,EvenPaceStyle
3.300003052,107.0999985,106.3649974,7.207400589,-0.900001526,1.6003,83.92156982,2529.0,30.27000046,0.5174,9.133813858,SmoothCondition,LowCongestionCondition,EvenPaceStyle
-0.5,108.8999939,105.9449977,4.752689882,0.899993896,1.416,0.0,2528.0,31.52000046,-0.4746,9.030917168,SmoothCondition,LowCongestionCondition,EvenPaceStyle
-0.899993896,102.5999985,105.9149977,5.038249385,-1.799995422,1.3371,76.07843018,2424.0,28.07999992,-0.6095,9.023893356,SmoothCondition,LowCongestionCondition,EvenPaceStyle
-2.100006104,101.6999969,105.7649979,5.66977465,-0.900001526,1.4635,0.0,2363.0,31.61000061,-0.6802,9.024305344,SmoothCondition,LowCongestionCondition,EvenPaceStyle
0.0,99.0,105.5699979,6.982478282,-0.899993896,1.6456,67.84313965,2318.5,26.40999985,-0.605,9.018760681,SmoothCondition,LowCongestionCondition,EvenPaceStyle
0.299995422,63.0,100.8149982,102.5951989,-7.199996948,3.2545,27.05882454,745.5,4.190000057,-0.8848,8.753016472,SmoothCondition,LowCongestionCondition,AggressiveStyle
0.099998474,54.89999771,100.0649983,137.7409624,-8.100002289,3.2443,29.80392265,749.0,3.829999924,-1.025,8.650045395,SmoothCondition,LowCongestionCondition,AggressiveStyle
-0.199996948,45.89999771,99.17999827,186.6514635,-9.0,3.3332,29.41176605,757.0,4.019999981,-1.3014,8.58103466,SmoothCondition,LowCongestionCondition,AggressiveStyle
-0.400001526,38.70000076,98.14499836,247.5147215,-7.199996948,3.2566,28.23529434,750.5,4.130000114,-1.3768,8.524367332,SmoothCondition,LowCongestionCondition,AggressiveStyle
-1.399993896,36.89999771,97.04999835,309.5344092,-1.800003052,3.2571,27.45098114,749.0,4.21999979,-1.3841,8.472064018,SmoothCondition,LowCongestionCondition,AggressiveStyle
-2.599998474,37.79999924,94.8299984,423.7251894,0.900001526,3.0952,26.27450943,759.5,4.409999847,-1.3193,8.363841057,SmoothCondition,LowCongestionCondition,AggressiveStyle
-2.400001526,39.59999847,92.59499849,521.4228591,1.799999237,2.8627,0.0,1600.5,15.23999977,-1.312,8.380620956,SmoothCondition,LowCongestionCondition,AggressiveStyle
-3.5,37.79999924,90.29999854,609.0559301,-0.900001526,2.7365,14.90196133,1676.5,14.80000019,-1.3254,8.387648582,SmoothCondition,LowCongestionCondition,AggressiveStyle
-3.600006104,41.39999771,89.1899985,643.0219305,3.599998474,2.8541,0.0,1671.0,20.94000053,-1.3188,8.403693199,SmoothCondition,LowCongestionCondition,AggressiveStyle
-2.699996948,33.29999924,84.50999839,776.438537,-3.599998474,2.9986,1.568627477,1322.0,16.04999924,-1.5235,8.469944954,SmoothCondition,LowCongestionCondition,AggressiveStyle
-2.900001526,29.69999886,83.20499837,816.2720009,-3.600000381,2.885,3.529411793,1203.5,14.43999958,-1.4953,8.488203049,SmoothCondition,LowCongestionCondition,AggressiveStyle
-3.5,27.89999962,81.86999836,855.8807684,-1.799999237,2.7008,4.705882549,1148.5,12.98999977,-1.4631,8.504534721,SmoothCondition,LowCongestionCondition,EvenPaceStyle
-2.799995422,27.0,80.51999836,893.4839842,-0.899999619,2.401,30.98039246,1100.5,10.10999966,-1.4267,8.515213013,SmoothCondition,NormalCongestionCondition,EvenPaceStyle
-3.200004578,31.5,76.58999837,974.8198722,2.700000763,1.8128,72.94117737,1339.5,13.72000027,-0.8627,8.568088531,SmoothCondition,NormalCongestionCondition,EvenPaceStyle
-4.0,35.09999847,75.38999837,986.7547872,3.599998474,1.5653,82.35294342,1486.0,18.11000061,-0.4495,8.587324142,SmoothCondition,NormalCongestionCondition,EvenPaceStyle
-4.600006104,37.79999924,74.23499839,992.3046589,2.700000763,1.4491,77.64705658,1631.5,19.62999916,-0.3756,8.606297493,SmoothCondition,NormalCongestionCondition,EvenPaceStyle
-3.699996948,44.09999847,72.0299984,988.638378,6.299999237,1.6177,0.0,1052.5,12.97000027,-0.5199,8.629943848,SmoothCondition,NormalCongestionCondition,EvenPaceStyle
-4.099998474,45.0,70.99499842,979.0865545,0.900001526,1.6553,98.4313736,1376.5,18.11000061,-0.4358,8.645367622,SmoothCondition,NormalCongestionCondition,EvenPaceStyle
-4.200004578,47.69999695,70.0049984,965.1929962,2.699996948,1.6302,88.62744904,1468.5,21.37999916,-0.4657,8.66185379,SmoothCondition,NormalCongestionCondition,EvenPaceStyle
-4.599998474,50.39999771,69.05999839,947.4766491,2.700000763,1.5329,26.27450943,1518.0,18.57999992,-0.4351,8.675262451,SmoothCondition,NormalCongestionCondition,EvenPaceStyle
-4.0,51.29999924,68.1299984,927.4170213,0.900001526,1.3389,42.74509811,1522.0,21.11000061,-0.3755,8.692365646,SmoothCondition,NormalCongestionCondition,EvenPaceStyle
-1.599998474,54.89999771,65.44499836,852.3146886,0.899997711,1.2618,80.0,1761.0,22.37999916,-0.2358,8.724969864,SmoothCondition,NormalCongestionCondition,EvenPaceStyle
-1.699996948,59.39999771,64.63499832,821.573127,4.5,1.0465,75.29412079,1824.0,22.40999985,-0.1011,8.741805077,SmoothCondition,NormalCongestionCondition,EvenPaceStyle
-1.199996948,61.19999695,63.85499827,789.2811246,1.799999237,0.9445,73.33333588,1883.5,21.52000046,-0.0093,8.749519348,SmoothCondition,NormalCongestionCondition,EvenPaceStyle
-0.099998474,65.69999695,62.39999828,719.7650523,1.799999237,0.8065,7.058823586,1948.0,20.54999924,0.1983,8.762583733,SmoothCondition,NormalCongestionCondition,EvenPaceStyle
-0.900001526,36.89999771,55.51499831,451.9660221,-6.299999237,2.1623,25.88235283,756.5,4.300000191,-0.4411,8.672590256,SmoothCondition,NormalCongestionCondition,EvenPaceStyle
-0.300003052,31.5,54.38999831,428.403942,-5.399997711,2.2415,28.23529434,750.0,4.019999981,-0.6165,8.636048317,SmoothCondition,NormalCongestionCondition,EvenPaceStyle
-1.0,23.39999962,53.14499833,410.7228303,-8.100000381,2.4079,28.62745094,754.5,3.940000057,-0.6795,8.622163773,SmoothCondition,NormalCongestionCondition,AggressiveStyle
-1.799995422,16.19999886,51.80999839,400.4795374,-7.200000763,2.6235,29.80392265,746.0,4.130000114,-0.7356,8.62748909,SmoothCondition,NormalCongestionCondition,AggressiveStyle
-1.900001526,10.79999924,50.41499837,396.1172033,-5.399999619,2.8085,29.01960754,750.0,4.21999979,-0.8166,8.642260551,SmoothCondition,NormalCongestionCondition,AggressiveStyle
-1.699996948,7.199999809,47.62499852,390.839852,-1.800000191,2.9208,27.84313774,746.5,4.269999981,-0.8693,8.686005592,SmoothCondition,NormalCongestionCondition,AggressiveStyle
-1.099998474,4.5,43.46999864,378.9783858,-0.899999619,2.9336,34.90196228,690.5,4.239999771,-0.8585,8.744709015,SmoothCondition,NormalCongestionCondition,AggressiveStyle
-1.5,5.399999619,42.13499863,371.789747,0.899999619,2.9686,46.66666794,793.0,4.21999979,-0.9882,8.773750305,SmoothCondition,NormalCongestionCondition,AggressiveStyle
-1.099998474,6.299999714,40.84499868,362.58046,0.900000095,2.912,49.80392075,921.0,4.989999771,-0.8217,8.805439949,SmoothCondition,NormalCongestionCondition,AggressiveStyle
-0.700004578,9.899999619,38.53499869,343.7555076,1.800000191,2.6936,42.74509811,1407.0,12.02000046,-0.8639,8.875666618,SmoothCondition,NormalCongestionCondition,AggressiveStyle
-0.400001526,10.79999924,37.54499873,338.8021531,0.899999619,2.665,2.745098114,1648.0,14.52000046,-0.8372,8.91307354,SmoothCondition,NormalCongestionCondition,EvenPaceStyle
-0.100006104,11.69999981,36.68999872,338.3978374,0.900000572,2.6106,26.27450943,766.0,6.739999771,-0.7985,8.936613083,SmoothCondition,NormalCongestionCondition,EvenPaceStyle
0.300003052,13.5,35.99999876,341.4081083,1.800000191,2.5641,26.66666794,743.0,4.940000057,-0.7697,8.951948166,SmoothCondition,NormalCongestionCondition,EvenPaceStyle
0.5,12.59999943,35.44499879,348.7143539,-0.900000572,2.3552,29.01960754,752.5,4.46999979,-0.6413,8.968407631,SmoothCondition,NormalCongestionCondition,EvenPaceStyle
1.200004578,10.79999924,34.5599988,367.5532594,-0.900000572,2.0883,30.19607925,753.0,4.079999924,-0.4929,9.007036209,SmoothCondition,NormalCongestionCondition,EvenPaceStyle
1.100006104,7.199999809,33.07499884,401.282893,-0.899999619,1.5653,60.7843132,683.5,4.519999981,-0.0436,9.08482933,SmoothCondition,NormalCongestionCondition,EvenPaceStyle
0.700004578,8.099999428,32.54999886,410.8530197,0.899999619,1.5115,82.74510193,712.5,5.829999924,-0.065,9.111586571,SmoothCondition,NormalCongestionCondition,EvenPaceStyle
0.900001526,14.39999962,31.09499887,432.1123148,6.300000191,1.3655,47.05882263,983.0,6.829999924,0.0238,9.175379753,SmoothCondition,NormalCongestionCondition,EvenPaceStyle
0.599998474,15.29999924,30.65999889,434.34851,0.899999619,1.3723,30.19607925,1003.0,6.190000057,0.0229,9.190509796,SmoothCondition,NormalCongestionCondition,EvenPaceStyle
0.199996948,14.39999962,29.12999894,450.1668484,-0.899999619,1.8489,30.98039246,749.5,5.159999847,-0.3101,9.258446693,SmoothCondition,NormalCongestionCondition,EvenPaceStyle
0.599998474,1.799999952,27.01499897,498.0124461,0.899999976,1.7749,57.25490189,698.5,4.940000057,-0.2488,9.37406826,SmoothCondition,NormalCongestionCondition,EvenPaceStyle
0.199996948,2.699999809,26.42999898,505.7136233,0.899999857,1.6973,72.15686035,941.0,9.720000267,-0.1047,9.415223122,SmoothCondition,NormalCongestionCondition,EvenPaceStyle
0.799995422,4.5,25.874999,511.3605123,1.800000191,1.6278,8.627450943,1418.5,12.90999985,-0.0733,9.452525139,SmoothCondition,NormalCongestionCondition,EvenPaceStyle
0.099998474,13.5,24.23999905,497.3088433,0.900000572,1.5745,81.17647552,1007.5,8.550000191,-0.0978,9.53613472,SmoothCondition,NormalCongestionCondition,EvenPaceStyle
-0.099998474,14.39999962,23.63999909,486.9847766,0.899999619,1.5777,68.62744904,1167.0,9.630000114,0.0035,9.560750008,SmoothCondition,NormalCongestionCondition,EvenPaceStyle
-0.299995422,18.0,23.0849991,474.2432932,3.600000381,1.6195,34.11764908,1225.0,8.659999847,0.0848,9.58204174,SmoothCondition,NormalCongestionCondition,EvenPaceStyle
-1.900001526,18.89999962,19.33499923,337.9619473,-1.799999237,1.6297,7.058823586,1041.0,7.860000134,0.1509,9.735769272,UnevenCondition,NormalCongestionCondition,EvenPaceStyle
-1.400001526,13.5,17.63999931,262.9122512,-2.699998856,1.4041,47.05882263,781.0,5.300000191,0.2128,9.755588531,UnevenCondition,NormalCongestionCondition,EvenPaceStyle
-1.0,12.59999943,16.76999937,224.8770372,-0.900000572,1.3135,45.88235474,825.0,5.110000134,0.2513,9.775791168,UnevenCondition,NormalCongestionCondition,EvenPaceStyle
-1.300003052,16.19999886,15.16499937,151.5063681,3.599999428,1.2087,43.13725662,1126.0,8.68999958,0.1695,9.840268135,UnevenCondition,NormalCongestionCondition,EvenPaceStyle
-2.299995422,17.10000038,13.76999945,83.28721253,-0.899999619,1.3504,5.09803915,1065.5,12.55000019,0.0029,9.914399147,UnevenCondition,NormalCongestionCondition,EvenPaceStyle
-1.5,16.19999886,13.19999947,60.31524857,-0.900001526,1.3977,48.23529434,990.5,8.720000267,-0.0759,9.945513725,UnevenCondition,NormalCongestionCondition,EvenPaceStyle
-0.800003052,15.29999924,12.73499951,44.9158698,-0.899999619,1.4564,26.27450943,988.5,9.300000191,-0.1188,9.978758812,UnevenCondition,NormalCongestionCondition,EvenPaceStyle
-1.0,18.0,12.41999955,35.38738834,2.700000763,1.5135,1.176470637,1063.0,12.63000011,0.0081,10.01572895,UnevenCondition,NormalCongestionCondition,EvenPaceStyle
-1.199996948,17.10000038,12.17999956,29.52976106,-0.899999619,1.5696,49.80392075,1011.0,11.57999992,-0.0063,10.05401134,UnevenCondition,NormalCongestionCondition,EvenPaceStyle
-1.299995422,18.0,12.20999961,28.48362589,0.899999619,1.4889,57.64706039,1304.5,10.48999977,0.0084,10.14195442,UnevenCondition,NormalCongestionCondition,EvenPaceStyle
-1.099998474,21.59999847,12.41999958,29.75857473,3.599998474,1.4288,45.88235474,1389.5,11.07999992,0.0224,10.1708889,UnevenCondition,NormalCongestionCondition,EvenPaceStyle
-0.900001526,22.5,12.67499958,30.95275288,0.900001526,1.4678,40.7843132,1447.5,11.73999977,-0.1441,10.19992161,UnevenCondition,NormalCongestionCondition,EvenPaceStyle
-0.900001526,22.5,13.43999957,30.99599879,2.700000763,1.5282,67.45098114,1584.5,16.27000046,-0.1828,10.31485653,UnevenCondition,NormalCongestionCondition,EvenPaceStyle
-1.200004578,24.29999924,13.75499956,31.79844783,1.799999237,1.4392,69.41176605,1753.5,17.52000046,-0.1,10.35098839,UnevenCondition,NormalCongestionCondition,EvenPaceStyle
-0.099998474,28.79999924,14.12999956,34.54993076,4.5,1.5249,58.03921509,1923.0,18.86000061,-0.1442,10.3879137,UnevenCondition,NormalCongestionCondition,EvenPaceStyle
-0.300003052,31.5,14.51999957,38.89281234,2.700000763,1.4557,0.0,852.0,8.329999924,-0.1035,10.39183903,UnevenCondition,NormalCongestionCondition,EvenPaceStyle
1.200004578,30.59999847,16.24499952,56.27234513,1.799999237,1.3065,63.92156982,1234.0,10.85999966,0.178,10.51377964,UnevenCondition,NormalCongestionCondition,EvenPaceStyle
-2.100002289,24.29999924,23.42999929,121.1695899,-1.799999237,1.3281,3.137254953,1576.0,12.47000027,-0.0291,15.69083786,UnevenCondition,LowCongestionCondition,EvenPaceStyle
-1.600002289,25.19999886,24.25499926,111.8740395,0.899999619,2.0026,45.88235474,1051.0,7.380000114,-0.3464,15.60293102,UnevenCondition,LowCongestionCondition,EvenPaceStyle
-0.5,27.0,24.14999927,111.01576,0.900001526,2.1772,47.84313965,1113.0,8.159999847,-0.4411,15.50165939,UnevenCondition,LowCongestionCondition,EvenPaceStyle
0.0,27.89999962,24.11999928,110.7311161,0.899999619,2.2164,9.411765099,1079.0,12.77000046,-0.4161,15.49866676,UnevenCondition,LowCongestionCondition,EvenPaceStyle
0.299999237,27.89999962,23.7749993,106.0768203,1.800001144,2.3569,73.72549438,1175.0,10.35999966,-0.1703,15.44754601,UnevenCondition,LowCongestionCondition,EvenPaceStyle
1.399997711,29.69999886,23.3999993,97.8315237,1.799999237,2.3577,0.0,1161.5,14.07999992,0.0226,15.43649673,UnevenCondition,LowCongestionCondition,EvenPaceStyle
2.799999237,27.0,23.05499929,90.94217558,-1.799999237,2.3933,27.05882454,751.5,5.909999847,-0.0723,15.37309074,UnevenCondition,LowCongestionCondition,EvenPaceStyle
3.200000763,24.29999924,22.85999928,88.08955661,-2.700000763,2.4562,27.45098114,753.5,4.739999771,-0.1646,15.29109573,UnevenCondition,LowCongestionCondition,EvenPaceStyle
3.299999237,15.29999924,22.00499929,79.63878618,-4.5,2.3993,30.19607925,756.5,4.110000134,-0.3086,15.06856537,UnevenCondition,LowCongestionCondition,EvenPaceStyle
3.099998474,13.5,21.58499928,75.9612936,-1.799999237,2.4666,28.62745094,755.0,4.159999847,-0.3266,15.07507992,UnevenCondition,LowCongestionCondition,EvenPaceStyle
0.799999237,9.899999619,20.66999928,70.45535276,-0.899999619,2.4376,29.41176605,755.5,4.300000191,-0.3621,15.06562233,UnevenCondition,LowCongestionCondition,EvenPaceStyle
0.100002289,7.199999809,20.23499929,70.63451357,-2.699999809,2.4502,30.19607925,753.0,4.239999771,-0.3888,15.08487511,UnevenCondition,LowCongestionCondition,EvenPaceStyle
-1.200000763,2.699999809,18.97499931,77.05410573,-1.800000191,2.4934,28.62745094,751.0,4.190000057,-0.3928,15.25187111,UnevenCondition,LowCongestionCondition,EvenPaceStyle
-8.300003052,18.89999962,10.75344801,180.4288396,-4.5,0.4114,40.39215851,810.0,6.489999771,-0.0408,21.62732124,SmoothCondition,LowCongestionCondition,EvenPaceStyle
-10.30000305,16.19999886,11.03275833,178.8411807,-2.700000763,0.6606,4.705882549,795.5,6.630000114,-0.176,21.28777504,SmoothCondition,LowCongestionCondition,EvenPaceStyle
-9.100006104,14.39999962,11.28103419,176.8419068,-1.799999237,0.6754,82.35294342,908.5,11.90999985,-0.2035,21.45657921,SmoothCondition,LowCongestionCondition,EvenPaceStyle
-8.600006104,17.10000038,11.4599997,171.7987042,0.900001526,0.6047,83.52941132,1347.5,18.04999924,-0.2385,21.77383423,SmoothCondition,LowCongestionCondition,EvenPaceStyle
-8.699996948,20.69999886,11.80499968,170.8987804,3.599998474,0.4368,75.6862793,1614.0,23.02000046,-0.145,21.93961143,SmoothCondition,LowCongestionCondition,EvenPaceStyle
-9.0,22.5,12.17999968,170.332467,1.800001144,0.3713,38.03921509,1656.0,14.72000027,-0.1473,21.74942207,SmoothCondition,LowCongestionCondition,EvenPaceStyle
-6.0,25.19999886,12.59999966,170.5118567,2.699998856,0.3496,25.09803963,805.5,9.359999657,-0.1859,21.18109322,SmoothCondition,LowCongestionCondition,EvenPaceStyle
-4.5,28.79999924,13.07999965,172.0348396,3.600000381,0.3481,54.11764908,1192.0,15.77000046,-0.177,21.0802803,SmoothCondition,LowCongestionCondition,EvenPaceStyle
-3.599998474,30.59999847,13.58999963,174.0731103,1.799999237,0.3894,90.58823395,1327.5,18.12999916,-0.1716,20.99221992,SmoothCondition,LowCongestionCondition,EvenPaceStyle
-2.5,34.20000076,14.15999964,177.8119248,3.600002289,0.4616,81.96078491,1466.5,21.40999985,-0.2127,20.95645332,SmoothCondition,LowCongestionCondition,EvenPaceStyle
-3.699996948,37.79999924,14.78999963,183.4819247,3.599998474,0.2969,80.78431702,1608.5,23.86000061,-0.1235,20.93811417,SmoothCondition,LowCongestionCondition,EvenPaceStyle
-3.800003052,40.5,15.46499963,190.5145099,2.700000763,0.2797,73.33333588,1715.5,23.61000061,-0.0637,20.87423515,SmoothCondition,LowCongestionCondition,EvenPaceStyle
-3.200004578,42.29999924,16.88999956,205.5853127,-0.899997711,0.2264,0.0,1679.0,23.23999977,-0.0163,20.80493546,SmoothCondition,LowCongestionCondition,EvenPaceStyle
-3.5,39.59999847,18.22499954,212.292067,-0.900001526,-0.1268,52.94117737,1652.0,16.96999931,0.0693,20.53590202,SmoothCondition,LowCongestionCondition,EvenPaceStyle
-3.099998474,40.5,18.89999954,214.608805,0.900001526,-0.0565,18.4313736,1639.0,18.98999977,0.1134,20.39672852,SmoothCondition,LowCongestionCondition,EvenPaceStyle
-2.699996948,36.89999771,20.83499951,212.681967,-1.800003052,-0.2046,42.35294342,1510.5,19.36000061,0.3174,20.22243881,SmoothCondition,LowCongestionCondition,EvenPaceStyle
-2.5,38.70000076,22.09499949,206.1360692,1.800003052,-0.1359,45.09804153,1563.0,19.32999992,0.2329,20.08093071,SmoothCondition,LowCongestionCondition,EvenPaceStyle
-2.099998474,40.5,22.76999949,203.1397564,1.799999237,-0.0847,1.176470637,1626.0,20.62999916,0.2618,20.0116787,SmoothCondition,LowCongestionCondition,EvenPaceStyle
-0.900001526,38.70000076,24.07499947,192.9344438,-0.899997711,0.3105,0.0,1559.5,17.79999924,0.0206,19.86645317,SmoothCondition,LowCongestionCondition,EvenPaceStyle
-1.400001526,37.79999924,25.34999947,178.4516909,-0.900001526,0.4173,0.0,1511.0,19.71999931,0.0005,19.76929665,SmoothCondition,LowCongestionCondition,EvenPaceStyle
-0.599998474,32.39999771,27.46499937,144.8799369,-0.900001526,0.8907,4.313725471,1104.0,9.630000114,-0.4169,19.44322968,FullOfHolesCondition,LowCongestionCondition,EvenPaceStyle
-1.299995422,28.79999924,27.88499936,135.0775644,-3.599998474,0.974,11.37254906,1025.5,8.409999847,-0.4452,19.20431519,FullOfHolesCondition,LowCongestionCondition,EvenPaceStyle
-2.700004578,25.19999886,28.24499934,125.0720056,-3.600000381,0.9081,90.98039246,1088.0,14.60999966,-0.4125,19.19403076,FullOfHolesCondition,LowCongestionCondition,EvenPaceStyle
-3.199996948,28.79999924,28.70999933,112.1836248,3.600000381,0.8826,93.72549438,1240.0,16.65999985,-0.3797,19.18030548,FullOfHolesCondition,LowCongestionCondition,EvenPaceStyle
-4.599998474,35.09999847,29.80499926,85.64285463,2.700000763,0.7471,75.29412079,1478.5,19.23999977,-0.3039,19.17294884,FullOfHolesCondition,LowCongestionCondition,EvenPaceStyle
-4.899997711,45.0,31.84499922,64.4730244,1.800003052,0.2297,46.66666794,1810.0,22.48999977,-0.0933,19.13297653,FullOfHolesCondition,LowCongestionCondition,EvenPaceStyle
-3.0,45.89999771,32.38499918,61.82061743,0.899997711,0.2252,3.137254953,1872.0,21.90999985,-0.0755,19.07301331,FullOfHolesCondition,LowCongestionCondition,EvenPaceStyle
-1.299995422,45.0,32.81999919,61.24332137,-0.899997711,0.1834,50.98039246,1814.0,23.90999985,0.0775,19.05628967,FullOfHolesCondition,LowCongestionCondition,EvenPaceStyle
-0.900001526,44.09999847,33.16499917,61.77485514,-0.900001526,0.3006,1.176470637,1799.5,18.98999977,-0.0342,18.96574974,FullOfHolesCondition,LowCongestionCondition,EvenPaceStyle
1.300003052,36.0,34.15499919,63.46624489,-1.799999237,0.2991,20.7843132,796.0,6.409999847,-0.3199,18.37886047,FullOfHolesCondition,LowCongestionCondition,EvenPaceStyle
1.600002289,31.5,34.13999923,63.5332871,-4.5,0.2728,31.37254906,782.0,6.079999924,-0.4025,17.98859406,FullOfHolesCondition,LowCongestionCondition,EvenPaceStyle
0.0,26.09999847,34.00499919,64.61031272,-5.400001526,0.3114,34.50980377,791.5,6.21999979,-0.4251,17.75571632,FullOfHolesCondition,LowCongestionCondition,EvenPaceStyle
-0.399993896,13.5,33.14999921,76.50152362,-6.299999237,0.4612,36.47058868,800.0,6.380000114,-0.6695,17.6423893,FullOfHolesCondition,LowCongestionCondition,AggressiveStyle
-0.699996948,7.199999809,32.71499921,87.72231123,-6.300000191,0.6011,36.86274719,798.0,6.360000134,-0.808,17.80694962,FullOfHolesCondition,LowCongestionCondition,AggressiveStyle
0.0,3.599999905,22.34999948,334.4933754,3.599999905,-0.0826,92.94117737,839.5,10.07999992,0.0187,18.14498711,FullOfHolesCondition,LowCongestionCondition,EvenPaceStyle
-0.099998474,8.099999428,21.80999947,332.0551378,4.499999523,-0.0132,28.23529434,926.0,7.300000191,0.0011,18.24801254,FullOfHolesCondition,LowCongestionCondition,EvenPaceStyle
0.200004578,7.199999809,21.25499947,329.4391118,-0.899999619,0.0089,23.52941132,779.5,6.019999981,0.032,18.3452301,FullOfHolesCondition,LowCongestionCondition,EvenPaceStyle
-1.5,21.59999847,16.87499944,177.4757918,-3.600000381,2.331,27.45098114,748.5,4.769999981,-0.3288,15.02477455,UnevenCondition,LowCongestionCondition,EvenPaceStyle
-1.400001526,17.10000038,17.15999945,172.5675125,-4.499998093,2.5622,28.23529434,757.5,4.380000114,-0.491,14.9904995,UnevenCondition,LowCongestionCondition,EvenPaceStyle
-1.600006104,10.79999924,17.33999943,168.2292078,-6.300001144,2.6891,29.80392265,753.5,4.239999771,-0.5598,14.99076557,UnevenCondition,LowCongestionCondition,EvenPaceStyle
-1.400001526,6.299999714,17.44499943,165.1875894,-4.499999523,2.6766,29.41176605,747.5,4.110000134,-0.5055,15.00730419,UnevenCondition,LowCongestionCondition,EvenPaceStyle
-1.5,3.599999905,17.50499943,163.2747081,-2.699999809,2.6448,29.80392265,756.0,4.079999924,-0.4803,15.0517931,UnevenCondition,LowCongestionCondition,EvenPaceStyle
-0.099998474,1.799999952,11.7749996,183.7269787,1.799999952,1.5196,79.21569061,691.5,6.019999981,-0.0359,15.0762434,UnevenCondition,LowCongestionCondition,EvenPaceStyle
-0.5,10.79999924,12.02999959,180.1485637,4.499999523,1.3608,43.13725662,1622.0,14.32999992,-0.0477,15.14442158,UnevenCondition,LowCongestionCondition,EvenPaceStyle
-0.799995422,12.59999943,12.23999958,177.6563266,1.800000191,1.357,5.882352829,737.0,6.550000191,-0.0573,15.15175152,UnevenCondition,LowCongestionCondition,EvenPaceStyle
-1.299995422,12.59999943,12.67499957,172.4144372,-0.900000572,1.071,52.15686417,851.0,7.519999981,0.02,15.17588043,UnevenCondition,LowCongestionCondition,EvenPaceStyle
-2.699996948,13.5,12.89999957,169.6515136,0.900000572,0.9877,96.86274719,1142.5,10.27000046,0.1062,15.21416569,UnevenCondition,LowCongestionCondition,EvenPaceStyle
-2.199996948,15.29999924,13.12499955,167.6093527,1.799999237,0.8725,76.86274719,1442.0,14.27000046,0.1514,15.25970554,UnevenCondition,LowCongestionCondition,EvenPaceStyle
-0.799999237,27.0,13.76999956,169.4767008,4.5,0.7794,0.0,1730.5,17.32999992,0.1466,15.31427288,UnevenCondition,LowCongestionCondition,EvenPaceStyle
0.0,29.69999886,14.45999955,179.9810734,1.799999237,0.5747,81.17647552,1226.0,14.23999977,0.1726,15.15801716,UnevenCondition,LowCongestionCondition,EvenPaceStyle
0.400001526,32.39999771,14.68499952,185.0504367,2.699998856,0.4361,72.54901886,1371.0,14.68999958,0.2023,15.10521984,UnevenCondition,LowCongestionCondition,EvenPaceStyle
0.399997711,35.09999847,14.89499949,191.034368,2.700000763,0.3843,68.62744904,1479.0,15.43999958,0.1426,15.05704021,UnevenCondition,LowCongestionCondition,EvenPaceStyle
1.200000763,39.59999847,15.2549995,204.2964016,1.799999237,0.3041,65.88235474,1663.0,16.40999985,0.1475,14.99473476,UnevenCondition,LowCongestionCondition,EvenPaceStyle
-0.799999237,22.5,15.80999955,230.077512,-6.299999237,1.5579,29.41176605,753.5,4.130000114,-0.4419,14.69875431,UnevenCondition,LowCongestionCondition,EvenPaceStyle
-1.099998474,12.59999943,14.7449996,215.2977586,-0.900000572,1.7487,73.33333588,958.0,6.079999924,-0.5168,14.63582993,UnevenCondition,LowCongestionCondition,EvenPaceStyle
-1.600002289,14.39999962,14.5199996,212.3151738,1.800000191,1.8113,78.4313736,1206.5,8.770000458,-0.4155,14.64006424,UnevenCondition,LowCongestionCondition,EvenPaceStyle
-1.099998474,21.59999847,14.3099996,208.4775128,2.699998856,1.877,58.8235321,1386.0,13.35999966,-0.3631,14.61980057,UnevenCondition,LowCongestionCondition,EvenPaceStyle
-1.0,24.29999924,14.35499961,209.2662333,2.700000763,1.9971,62.74509811,1554.0,15.05000019,-0.4157,14.62170982,UnevenCondition,LowCongestionCondition,EvenPaceStyle
1.0,29.69999886,14.8349996,215.3911143,2.699998856,2.0465,3.921568632,1817.5,17.48999977,-0.3779,14.61012077,UnevenCondition,LowCongestionCondition,EvenPaceStyle
-0.400001526,31.5,15.2549996,218.6841993,1.800001144,2.0717,73.72549438,745.5,7.829999924,-0.4076,14.52746868,UnevenCondition,LowCongestionCondition,EvenPaceStyle
-0.700000763,33.29999924,16.27499959,221.3713861,1.799999237,1.9119,74.50980377,1403.0,14.93999958,-0.289,14.50979805,UnevenCondition,LowCongestionCondition,EvenPaceStyle
0.900001526,36.0,16.87499959,223.1103697,2.700000763,1.7265,70.58823395,1530.0,15.57999992,-0.3223,14.49491978,UnevenCondition,LowCongestionCondition,EvenPaceStyle
-0.400001526,40.5,18.17999958,228.6067007,2.700000763,1.7437,55.68627548,1678.0,15.38000011,-0.2392,14.45616055,UnevenCondition,LowCongestionCondition,EvenPaceStyle
0.100002289,41.39999771,18.86999954,231.6590725,0.899997711,1.5627,9.8039217,1663.0,20.62999916,-0.3838,14.43631458,UnevenCondition,LowCongestionCondition,EvenPaceStyle
-0.200000763,40.5,19.54499954,233.0903019,-0.899997711,1.4846,0.0,1626.0,20.44000053,-0.3072,14.4202528,UnevenCondition,LowCongestionCondition,EvenPaceStyle
-1.600002289,34.20000076,25.22999945,193.9597541,-1.799999237,1.5933,21.17647171,1377.0,16.27000046,-0.3913,14.47705078,UnevenCondition,LowCongestionCondition,EvenPaceStyle
-1.799999237,31.5,25.75499945,183.5567462,-2.700000763,1.6932,31.76470566,788.0,5.860000134,-0.4636,14.40280151,UnevenCondition,LowCongestionCondition,EvenPaceStyle
-1.5,15.29999924,27.23999939,138.8220959,-5.399999619,2.2667,30.19607925,754.0,4.019999981,-0.8247,14.10316467,UnevenCondition,LowCongestionCondition,EvenPaceStyle
-0.799999237,5.399999619,27.50999937,126.2602326,-5.399999619,2.6084,29.01960754,752.0,4.159999847,-0.9503,14.14272594,UnevenCondition,LowCongestionCondition,EvenPaceStyle
0.099998474,7.199999809,18.92999964,252.4170428,7.199999809,1.8907,89.80392456,1074.5,14.10999966,-0.1367,14.36419964,UnevenCondition,LowCongestionCondition,EvenPaceStyle
0.900001526,12.59999943,18.52499967,247.4561373,5.399999619,1.9876,3.137254953,747.5,6.739999771,-0.2126,14.3744545,UnevenCondition,LowCongestionCondition,EvenPaceStyle
0.5,11.69999981,18.11999967,242.902976,-0.899999619,2.0345,1.176470637,1276.5,12.10999966,-0.2503,14.43180561,UnevenCondition,LowCongestionCondition,EvenPaceStyle
0.099998474,10.79999924,17.69999965,238.2132132,-0.900000572,1.9199,60.7843132,1228.0,16.96999931,-0.1285,14.50769329,UnevenCondition,LowCongestionCondition,EvenPaceStyle
-0.099998474,12.59999943,17.24999965,236.5794845,0.899999619,1.8825,54.11764908,1098.0,13.32999992,-0.0017,14.59580803,UnevenCondition,LowCongestionCondition,EvenPaceStyle
0.400001526,13.5,17.18999965,236.8137895,0.900000572,1.7076,84.70588684,1444.0,19.21999931,0.1434,14.62629986,UnevenCondition,LowCongestionCondition,EvenPaceStyle
0.300003052,24.29999924,17.36999964,237.4068742,10.79999924,1.5336,73.33333588,1756.5,19.32999992,0.1619,14.65537071,UnevenCondition,LowCongestionCondition,EvenPaceStyle
0.599998474,28.79999924,17.62499962,239.3012216,4.5,1.4088,0.0,1617.0,15.43999958,0.0906,14.6786747,UnevenCondition,LowCongestionCondition,EvenPaceStyle
-0.299999237,29.69999886,18.17999959,243.7083987,-0.899999619,1.3903,99.21569061,1220.5,9.489999771,0.2664,14.6487484,UnevenCondition,LowCongestionCondition,EvenPaceStyle
-0.799999237,30.59999847,18.37499957,246.2754576,0.899999619,1.2959,82.74510193,1361.5,15.22000027,0.3163,14.66365242,UnevenCondition,LowCongestionCondition,EvenPaceStyle
-1.900001526,33.29999924,18.56999959,249.8360253,2.700000763,1.2239,79.60784149,1493.0,17.61000061,0.4918,14.67100143,UnevenCondition,LowCongestionCondition,EvenPaceStyle
-2.400001526,39.59999847,18.98999954,261.0863285,2.700000763,1.2338,9.019607544,1617.0,16.71999931,0.6136,14.68412971,UnevenCondition,LowCongestionCondition,EvenPaceStyle
-3.300003052,40.5,19.16999956,266.9512782,0.900001526,1.1137,0.0,1606.5,19.86000061,0.5751,14.68625927,UnevenCondition,LowCongestionCondition,EvenPaceStyle
-2.600002289,35.09999847,19.42499954,274.9961339,-0.900001526,1.1994,71.76470947,1422.0,14.57999992,0.2558,14.71247959,UnevenCondition,LowCongestionCondition,EvenPaceStyle
-0.099998474,37.79999924,19.33499952,271.6243364,2.700000763,1.0426,68.23529816,1550.5,15.85999966,0.3012,14.69033432,UnevenCondition,LowCongestionCondition,EvenPaceStyle
0.199996948,38.70000076,19.28999957,269.7263301,0.900001526,1.0743,19.2156868,1577.5,19.27000046,0.3173,14.70528984,UnevenCondition,LowCongestionCondition,EvenPaceStyle
0.899997711,29.69999886,18.79499952,252.5577607,-1.800001144,2.0095,1.960784316,1172.0,14.05000019,-0.224,14.81528187,UnevenCondition,LowCongestionCondition,EvenPaceStyle
0.800003052,27.89999962,18.62999953,247.8133118,-1.799999237,2.2039,21.56862831,788.0,5.690000057,-0.1668,14.76618004,UnevenCondition,LowCongestionCondition,EvenPaceStyle
0.400001526,25.19999886,18.43499955,242.848745,-2.700000763,2.1428,27.84313774,749.0,4.659999847,-0.2731,14.68351269,UnevenCondition,LowCongestionCondition,EvenPaceStyle
0.400001526,14.39999962,17.54999954,227.2804993,-3.600000381,2.6069,29.41176605,747.5,4.079999924,-0.7772,14.58910656,UnevenCondition,LowCongestionCondition,EvenPaceStyle
0.5,8.099999428,16.85999953,223.6387027,-2.699999809,2.6093,29.80392265,745.5,4.21999979,-0.9965,14.73097515,UnevenCondition,LowCongestionCondition,EvenPaceStyle
-0.200000763,4.5,16.06499957,229.9802704,1.800000191,2.3468,71.76470947,689.5,4.989999771,-0.5085,14.81089783,UnevenCondition,LowCongestionCondition,EvenPaceStyle
0.0,7.199999809,16.00499958,230.8387787,2.699999809,2.3034,35.29411697,898.0,7.269999981,-0.4443,14.83370399,UnevenCondition,LowCongestionCondition,EvenPaceStyle
0.099998474,9.0,16.06499958,229.7606091,1.800000191,2.5748,25.88235283,1056.5,7.079999924,-0.4799,14.86390305,UnevenCondition,LowCongestionCondition,EvenPaceStyle
0.200000763,8.099999428,16.16999958,227.3756856,-0.900000572,2.6824,25.49019623,996.0,6.079999924,-0.427,14.92562485,UnevenCondition,LowCongestionCondition,EvenPaceStyle
-0.200000763,9.0,16.58999956,216.9802287,0.900000572,2.2746,58.4313736,1547.5,14.55000019,-0.145,15.05490112,UnevenCondition,LowCongestionCondition,EvenPaceStyle
-0.299999237,14.39999962,17.15999953,204.5556532,3.600000381,1.5505,89.01960754,1225.5,15.52000046,0.033,15.12795258,UnevenCondition,LowCongestionCondition,EvenPaceStyle
-1.400001526,19.79999924,17.47499952,200.0917297,5.399999619,1.2305,74.50980377,1571.0,17.19000053,0.1589,15.17399216,UnevenCondition,LowCongestionCondition,EvenPaceStyle
-1.299999237,29.69999886,18.35999948,193.52684,4.5,0.9748,55.29411697,1972.0,18.57999992,0.276,15.26170826,UnevenCondition,LowCongestionCondition,EvenPaceStyle
-0.599998474,31.5,18.88499948,190.4595948,1.800001144,0.8734,5.882352829,1939.0,24.73999977,0.3221,15.28908157,UnevenCondition,LowCongestionCondition,EvenPaceStyle
0.099998474,21.59999847,21.91499937,145.9050207,-0.900001526,1.0567,53.72549057,1359.5,10.65999985,0.1311,15.49916935,UnevenCondition,LowCongestionCondition,EvenPaceStyle
-1.799999237,26.09999847,22.99499931,125.1635304,1.799999237,1.1453,17.25490189,1650.0,14.23999977,0.0747,15.62789726,UnevenCondition,LowCongestionCondition,EvenPaceStyle
-0.099998474,51.29999924,11.38499973,287.284332,1.799999237,-0.2257,77.64705658,1499.5,20.52000046,0.5946,14.88235474,FullOfHolesCondition,LowCongestionCondition,EvenPaceStyle
1.099998474,59.39999771,15.11999957,399.7775332,2.700000763,-0.3947,71.76470947,1747.5,21.15999985,0.5086,14.80426979,FullOfHolesCondition,LowCongestionCondition,EvenPaceStyle
0.399997711,60.29999924,16.12499956,429.4727278,0.900001526,-0.3035,19.6078434,1800.5,19.62999916,0.3394,14.76229095,FullOfHolesCondition,LowCongestionCondition,EvenPaceStyle
0.699996948,60.29999924,18.1499995,484.0001393,-0.899997711,0.389,0.0,1760.0,22.98999977,0.3142,14.72426414,FullOfHolesCondition,LowCongestionCondition,EvenPaceStyle
-0.700000763,57.59999847,20.08499947,522.9988936,-0.900001526,0.2645,20.3921566,1733.5,17.19000053,-0.0945,14.86525726,FullOfHolesCondition,LowCongestionCondition,EvenPaceStyle
-0.400001526,57.59999847,21.9899994,552.2103733,0.900001526,0.3968,60.0,1706.0,17.61000061,-0.4908,14.87028217,FullOfHolesCondition,LowCongestionCondition,EvenPaceStyle
-0.900001526,59.39999771,23.95499936,578.205195,0.899997711,0.1559,59.2156868,1749.5,17.44000053,-0.5429,14.77203465,FullOfHolesCondition,LowCongestionCondition,EvenPaceStyle
-1.399997711,57.59999847,25.90499929,595.3662102,-1.799999237,0.4565,0.0,1667.5,21.73999977,-0.7372,14.6243782,FullOfHolesCondition,LowCongestionCondition,EvenPaceStyle
1.099998474,56.69999695,28.70999922,599.6113879,0.899997711,0.1711,56.07843399,1679.5,18.79999924,-0.8027,14.48385429,FullOfHolesCondition,LowCongestionCondition,EvenPaceStyle
1.200000763,57.59999847,29.66999919,598.8498965,0.900001526,0.2023,0.0,1654.5,21.65999985,-0.8681,14.43222141,FullOfHolesCondition,LowCongestionCondition,EvenPaceStyle
-1.099998474,54.0,32.50499917,583.2573999,-3.599998474,0.181,0.784313738,1643.0,19.96999931,-1.0112,14.23196602,FullOfHolesCondition,LowCongestionCondition,EvenPaceStyle
-0.900001526,53.09999847,34.28999914,559.2212239,-0.900001526,0.475,50.98039246,1561.0,19.94000053,-1.0417,14.08375931,FullOfHolesCondition,LowCongestionCondition,EvenPaceStyle
-1.0,53.09999847,37.78499896,489.3907587,0.900001526,0.3938,56.86274719,1572.0,16.07999992,-0.9135,13.81608105,SmoothCondition,LowCongestionCondition,EvenPaceStyle
0.199996948,52.19999695,38.65499891,467.9445218,-0.900001526,0.4679,19.2156868,1555.0,19.57999992,-0.9999,13.77302361,SmoothCondition,LowCongestionCondition,EvenPaceStyle
2.700000763,49.5,40.34999886,419.4747193,-2.699996948,0.3295,43.92156982,1468.5,20.02000046,-0.5515,13.69644165,SmoothCondition,LowCongestionCondition,EvenPaceStyle
2.100002289,50.39999771,41.18999882,392.8737713,0.899997711,0.7332,80.0,1515.0,21.52000046,-0.7315,13.74704456,SmoothCondition,LowCongestionCondition,EvenPaceStyle
2.799999237,54.0,42.95999877,337.0112322,1.800003052,0.0673,77.64705658,1605.0,22.82999992,-0.374,13.71458912,SmoothCondition,LowCongestionCondition,EvenPaceStyle
3.599998474,54.89999771,43.87499873,307.2954455,0.899997711,0.1501,78.4313736,1654.5,23.32999992,-0.273,13.69800663,SmoothCondition,LowCongestionCondition,EvenPaceStyle
2.200000763,56.69999695,45.73499867,245.0453472,0.899997711,0.3296,76.86274719,1752.5,24.82999992,-0.1282,13.68364239,SmoothCondition,LowCongestionCondition,EvenPaceStyle
1.700000763,57.59999847,46.61999865,217.815849,0.900001526,0.4058,79.21569061,1795.5,26.02000046,0.0382,13.66572189,SmoothCondition,LowCongestionCondition,EvenPaceStyle
1.200000763,60.29999924,48.20999864,179.2259882,1.799999237,0.5337,79.60784149,1919.5,26.86000061,0.1688,13.62497234,SmoothCondition,LowCongestionCondition,EvenPaceStyle
2.799999237,66.59999847,49.90499856,148.969285,1.800003052,0.4438,76.86274719,1963.5,28.04999924,0.3359,13.68453312,SmoothCondition,LowCongestionCondition,EvenPaceStyle
1.5,67.5,50.74499855,135.2587794,0.900001526,0.3847,5.09803915,2009.0,23.40999985,0.3678,13.66726208,SmoothCondition,LowCongestionCondition,EvenPaceStyle
1.100002289,66.59999847,51.53999853,121.6885348,-0.900001526,0.3552,94.50980377,793.0,12.02000046,0.4064,13.57657528,SmoothCondition,LowCongestionCondition,EvenPaceStyle
0.899997711,68.40000153,53.17499854,90.45342924,1.800003052,0.2567,80.39215851,1609.0,24.19000053,0.3015,13.5521946,SmoothCondition,LowCongestionCondition,EvenPaceStyle
1.200000763,69.29999542,53.87999846,82.74264081,0.899993896,-0.0458,80.0,1646.0,24.48999977,0.4677,13.5491848,SmoothCondition,LowCongestionCondition,EvenPaceStyle
0.0,74.69999695,56.6399985,65.64752664,1.799995422,-0.0904,76.86274719,1771.0,24.61000061,0.5473,13.5097599,SmoothCondition,LowCongestionCondition,EvenPaceStyle
-0.200000763,75.59999847,57.32999846,62.7214606,0.900001526,-0.305,76.07843018,1809.5,25.27000046,0.7588,13.49951553,SmoothCondition,LowCongestionCondition,EvenPaceStyle
1.5,78.29999542,58.0049984,63.24658616,2.699996948,-0.3674,77.2549057,1831.0,24.62999916,0.7835,13.48619938,SmoothCondition,LowCongestionCondition,EvenPaceStyle
2.600002289,80.09999847,58.6799984,65.31620491,1.800003052,0.1492,76.07843018,1850.5,25.19000053,0.5152,13.47278214,SmoothCondition,LowCongestionCondition,EvenPaceStyle
0.900001526,79.19999695,59.2799984,68.02535568,-0.900001526,-0.0746,73.72549438,1878.0,23.37999916,0.547,13.45191288,SmoothCondition,LowCongestionCondition,EvenPaceStyle
0.799999237,80.09999847,59.83499839,72.41926288,0.900001526,-0.0972,72.54901886,1907.0,24.02000046,0.5778,13.44715023,SmoothCondition,LowCongestionCondition,EvenPaceStyle
0.800003052,81.90000153,61.46999849,86.69197061,0.900001526,-0.323,65.49019623,1936.5,21.54999924,0.1914,13.39580917,SmoothCondition,LowCongestionCondition,EvenPaceStyle
-2.5,82.79999542,62.47499847,97.51004705,0.899993896,-0.3232,61.56863022,1952.0,21.21999931,0.1485,13.32083416,SmoothCondition,LowCongestionCondition,EvenPaceStyle
-4.299999237,83.69999695,64.15499833,121.5025142,0.900001526,-0.421,57.64706039,1962.5,21.37999916,-0.0346,13.16001225,SmoothCondition,LowCongestionCondition,EvenPaceStyle
-4.0,84.59999847,64.93499832,134.0433269,0.900001526,-0.371,64.31372833,1970.5,21.71999931,-0.231,13.10271072,SmoothCondition,LowCongestionCondition,EvenPaceStyle
1.700000763,84.59999847,66.25499827,147.999122,0.900001526,-0.2661,69.80392456,1999.0,23.52000046,-0.2463,13.02686501,SmoothCondition,LowCongestionCondition,EvenPaceStyle
2.599998474,86.3999939,68.05499827,166.533021,0.899993896,-0.2661,68.23529816,2017.0,23.79999924,-0.2474,12.95419788,SmoothCondition,LowCongestionCondition,EvenPaceStyle
2.799999237,85.5,69.53999812,173.9129416,-0.899993896,-0.2254,66.66666412,2022.0,23.48999977,-0.2221,12.90772724,SmoothCondition,LowCongestionCondition,EvenPaceStyle
1.700000763,30.59999847,30.50999916,149.1690418,-2.700000763,-0.1885,2.352941275,1258.5,15.82999992,0.0273,15.20220566,FullOfHolesCondition,LowCongestionCondition,EvenPaceStyle
1.799999237,31.5,30.14999919,140.4045678,0.900001526,-0.2937,69.41176605,1174.0,14.80000019,0.0233,15.23305035,FullOfHolesCondition,LowCongestionCondition,EvenPaceStyle
1.800003052,28.79999924,29.77499919,132.7107118,-2.700000763,-0.4161,88.23529816,1152.5,14.93999958,0.0587,15.24667454,FullOfHolesCondition,LowCongestionCondition,EvenPaceStyle
1.899997711,30.59999847,29.45999916,126.0268383,1.799999237,-0.5246,83.13725281,1254.5,16.52000046,0.1381,15.22421265,FullOfHolesCondition,LowCongestionCondition,EvenPaceStyle
1.099998474,36.0,29.00999916,115.3870083,3.600002289,-0.5714,78.8235321,1470.0,20.82999992,0.2326,15.18329048,FullOfHolesCondition,LowCongestionCondition,EvenPaceStyle
0.0,37.79999924,28.78499923,109.6517983,-1.799999237,-0.5988,0.0,1520.5,19.27000046,0.0734,15.19756794,FullOfHolesCondition,LowCongestionCondition,EvenPaceStyle
0.900001526,36.89999771,28.7699992,109.390264,-0.900001526,-0.4081,16.86274529,834.5,6.579999924,-0.0081,15.07708931,FullOfHolesCondition,LowCongestionCondition,EvenPaceStyle
0.599998474,34.20000076,28.73999921,109.0031115,-2.699996948,-0.1615,29.80392265,758.5,5.360000134,-0.1987,14.93589973,FullOfHolesCondition,LowCongestionCondition,EvenPaceStyle
-0.400001526,29.69999886,28.67999921,108.6626369,-4.500001907,-0.0071,28.62745094,784.0,5.329999924,-0.2796,14.82893658,FullOfHolesCondition,LowCongestionCondition,EvenPaceStyle
-0.299999237,24.29999924,28.52999921,108.6031454,-5.399999619,0.2048,31.76470566,780.0,4.989999771,-0.3585,14.75049973,FullOfHolesCondition,LowCongestionCondition,EvenPaceStyle
-0.300003052,18.0,28.24499923,109.6682724,-6.299999237,0.4013,30.58823586,783.5,5.019999981,-0.4801,14.71086025,FullOfHolesCondition,LowCongestionCondition,EvenPaceStyle
0.299999237,15.29999924,27.86999923,110.8180606,-2.700000763,0.4123,30.98039246,780.5,5.300000191,-0.4713,14.70209408,FullOfHolesCondition,LowCongestionCondition,EvenPaceStyle
-0.5,10.79999924,27.38999925,113.1903999,-4.5,0.5299,32.54901886,778.0,5.130000114,-0.5003,14.70996094,FullOfHolesCondition,LowCongestionCondition,EvenPaceStyle
-0.100002289,2.699999809,25.46999933,122.743824,-1.800000191,0.5181,33.33333206,779.5,5.269999981,-0.4785,14.81104088,FullOfHolesCondition,LowCongestionCondition,EvenPaceStyle
0.400001526,9.0,4.604999872,111.6177649,4.5,-0.7463,56.07843399,1047.0,15.47000027,0.609,14.89929485,FullOfHolesCondition,LowCongestionCondition,EvenPaceStyle
0.700000763,14.39999962,4.184999891,92.30773255,5.399999619,-0.7264,25.49019623,1733.5,16.96999931,0.5194,14.93208694,FullOfHolesCondition,LowCongestionCondition,EvenPaceStyle
0.900001526,15.29999924,3.434999923,58.30604051,0.899999619,-0.8447,31.37254906,1038.0,14.22000027,0.4713,14.95216942,FullOfHolesCondition,LowCongestionCondition,EvenPaceStyle
1.700000763,17.10000038,3.149999917,45.34626865,1.800001144,-0.5015,1.176470637,1279.5,15.80000019,0.5468,14.97493935,FullOfHolesCondition,LowCongestionCondition,EvenPaceStyle
1.200000763,17.10000038,2.849999948,33.22830407,-1.799999237,-0.6443,59.60784531,1181.0,15.47000027,0.67,15.02535915,FullOfHolesCondition,LowCongestionCondition,EvenPaceStyle
1.299999237,19.79999924,2.879999936,34.20671042,2.699998856,-0.6333,78.8235321,1453.0,20.65999985,0.7091,15.05243587,FullOfHolesCondition,LowCongestionCondition,EvenPaceStyle
-0.099998474,27.0,3.074999948,41.41410907,7.200000763,-0.8009,72.94117737,1744.5,22.27000046,0.7126,15.07365513,FullOfHolesCondition,LowCongestionCondition,EvenPaceStyle
-0.100002289,30.59999847,3.404999936,53.13302314,3.599998474,-0.7436,70.19608307,2011.0,23.62999916,0.8049,15.09130096,FullOfHolesCondition,LowCongestionCondition,EvenPaceStyle
-0.599998474,32.39999771,3.824999901,66.95885151,1.799999237,-0.5815,0.0,782.0,7.690000057,0.8715,15.0192976,FullOfHolesCondition,LowCongestionCondition,AggressiveStyle
-0.799999237,31.5,4.274999901,79.72664821,-0.899997711,-0.5533,18.8235302,819.5,7.050000191,0.865,14.93798447,FullOfHolesCondition,LowCongestionCondition,AggressiveStyle
-1.799999237,34.20000076,5.309999917,106.1429458,2.700000763,-0.595,79.60784149,1457.5,20.48999977,0.8421,15.00913429,FullOfHolesCondition,LowCongestionCondition,AggressiveStyle
-1.699996948,37.79999924,5.939999904,123.152945,3.599998474,-0.6622,77.64705658,1608.5,22.29999924,0.851,15.01018047,FullOfHolesCondition,LowCongestionCondition,AggressiveStyle
-2.200000763,39.59999847,6.599999879,141.3152485,1.799999237,-0.6056,76.86274719,1725.5,24.07999992,0.8615,15.01210594,FullOfHolesCondition,LowCongestionCondition,AggressiveStyle
-1.099998474,46.79999924,8.099999815,187.6454138,3.600002289,-0.6137,72.94117737,1924.5,24.71999931,0.826,15.01029396,FullOfHolesCondition,LowCongestionCondition,AggressiveStyle
-0.699996948,47.69999695,8.894999764,212.4696219,0.899997711,-0.3377,27.45098114,905.5,19.57999992,0.6175,14.98589897,FullOfHolesCondition,LowCongestionCondition,AggressiveStyle
-0.5,48.59999847,9.704999739,237.1814847,0.900001526,-0.187,85.49019623,1436.5,12.80000019,0.5274,14.9209137,FullOfHolesCondition,LowCongestionCondition,AggressiveStyle
-1.0,46.79999924,41.12999874,225.4628005,1.799999237,0.3637,79.60784149,1443.5,19.52000046,0.1606,16.85003662,FullOfHolesCondition,LowCongestionCondition,EvenPaceStyle
0.0,49.5,41.95499874,197.2855568,2.700000763,0.3373,21.17647171,1457.5,20.44000053,0.0095,16.82748604,FullOfHolesCondition,LowCongestionCondition,EvenPaceStyle
0.299999237,39.59999847,45.86999858,60.18620095,-2.700000763,0.3435,85.09803772,1180.0,15.23999977,-0.2058,16.529953,FullOfHolesCondition,LowCongestionCondition,EvenPaceStyle
-1.899997711,45.89999771,46.60499849,45.19777037,2.700000763,0.0674,82.74510193,1367.5,19.12999916,-0.0293,16.45701408,FullOfHolesCondition,LowCongestionCondition,EvenPaceStyle
-1.100002289,53.09999847,47.54999847,34.57372893,1.799999237,0.1361,78.4313736,1603.5,22.48999977,-0.3575,16.4000206,FullOfHolesCondition,LowCongestionCondition,EvenPaceStyle
-0.900001526,55.79999924,47.8649985,33.70400851,2.700000763,0.061,76.07843018,1671.5,23.07999992,-0.3957,16.37930298,FullOfHolesCondition,LowCongestionCondition,EvenPaceStyle
-1.200000763,57.59999847,48.14999847,34.3083055,1.799999237,-0.0096,75.6862793,1731.5,24.61000061,-0.4132,16.36239052,FullOfHolesCondition,LowCongestionCondition,EvenPaceStyle
-1.600002289,62.09999847,48.70499852,39.29438172,1.799999237,0.2225,27.05882454,1833.5,24.23999977,-0.6584,16.31080818,FullOfHolesCondition,LowCongestionCondition,EvenPaceStyle
-0.200000763,43.19999695,49.5149985,48.17417552,-2.700000763,0.2114,21.96078491,791.5,5.96999979,-0.1534,15.68951416,FullOfHolesCondition,LowCongestionCondition,EvenPaceStyle
0.099998474,40.5,49.54499849,47.56827759,-2.699996948,0.2886,28.62745094,776.0,5.409999847,-0.0967,15.48791599,FullOfHolesCondition,LowCongestionCondition,EvenPaceStyle
0.100002289,37.79999924,49.4399985,49.3926078,-2.700000763,0.4315,30.98039246,856.5,10.73999977,-0.1934,15.43913841,FullOfHolesCondition,LowCongestionCondition,EvenPaceStyle
0.099998474,36.0,49.30499852,51.95234441,-1.799999237,0.5744,0.0,1413.0,17.65999985,-0.2362,15.4478302,FullOfHolesCondition,LowCongestionCondition,EvenPaceStyle
0.400001526,35.09999847,48.58499858,63.30332672,1.799999237,0.3782,77.64705658,1472.0,18.54999924,-0.3148,15.44787121,FullOfHolesCondition,LowCongestionCondition,EvenPaceStyle
0.099998474,39.59999847,48.10499859,65.69030951,1.799999237,0.1697,71.76470947,1654.0,18.61000061,-0.1678,15.45178699,FullOfHolesCondition,LowCongestionCondition,EvenPaceStyle
0.700000763,45.89999771,47.29499855,62.12081821,0.899997711,0.402,0.0,1871.0,22.71999931,0.0118,15.46539593,FullOfHolesCondition,LowCongestionCondition,EvenPaceStyle
0.099998474,43.19999695,47.02499854,61.57715722,-1.800003052,0.6923,26.27450943,1754.0,19.02000046,0.0108,15.47473526,FullOfHolesCondition,LowCongestionCondition,EvenPaceStyle
0.5,27.89999962,46.34999857,73.21575788,-3.600000381,1.2556,3.921568632,1101.0,9.609999657,-0.5923,15.44368267,FullOfHolesCondition,LowCongestionCondition,EvenPaceStyle
-0.199996948,17.10000038,45.61499866,95.51111949,-6.299999237,1.4821,31.37254906,888.5,5.409999847,-0.6192,15.24542713,FullOfHolesCondition,LowCongestionCondition,EvenPaceStyle
-1.0,12.59999943,45.07499865,113.6825763,-4.500000954,1.5073,29.80392265,784.0,5.239999771,-0.6221,15.18094254,FullOfHolesCondition,LowCongestionCondition,EvenPaceStyle
-0.799999237,13.5,44.51999866,130.2168714,0.900000572,1.399,44.70588303,739.0,5.190000057,-0.5301,15.11654472,FullOfHolesCondition,LowCongestionCondition,EvenPaceStyle
-1.400001526,12.59999943,43.90499865,146.68115,-0.900000572,1.3432,77.64705658,790.5,9.800000191,-0.525,15.08345318,FullOfHolesCondition,LowCongestionCondition,AggressiveStyle
-2.200000763,14.39999962,42.74999871,176.0720215,1.800000191,1.344,29.41176605,1104.0,12.82999992,-0.4964,15.11894512,FullOfHolesCondition,LowCongestionCondition,AggressiveStyle
-1.899997711,16.19999886,42.25499873,187.6021656,1.799999237,1.2483,20.3921566,1013.5,8.079999924,-0.5929,15.12187958,FullOfHolesCondition,LowCongestionCondition,AggressiveStyle
-1.299999237,15.29999924,41.77499874,199.6249448,-0.899999619,1.2387,42.35294342,961.5,7.130000114,-0.6049,15.06376934,FullOfHolesCondition,LowCongestionCondition,AggressiveStyle
-0.5,16.19999886,40.04999878,243.2333756,0.899999619,1.107,29.41176605,1094.0,11.38000011,-0.5197,14.95569038,FullOfHolesCondition,LowCongestionCondition,EvenPaceStyle
-0.299999237,17.10000038,39.61499883,251.7999255,0.900001526,0.7018,30.19607925,1140.5,13.80000019,-0.5596,14.95139408,FullOfHolesCondition,LowCongestionCondition,EvenPaceStyle
-1.099998474,17.10000038,37.49999894,271.5467618,-1.799999237,0.4367,33.33333206,1059.5,10.30000019,-0.2288,14.99623394,FullOfHolesCondition,LowCongestionCondition,EvenPaceStyle
-0.599998474,18.0,36.86999895,271.9119473,0.899999619,0.3459,50.19607925,1129.5,8.989999771,-0.2048,14.99096203,FullOfHolesCondition,LowCongestionCondition,EvenPaceStyle
-1.600002289,18.89999962,35.51999898,264.9788956,0.899999619,-0.2459,69.80392456,1214.0,14.13000011,0.1629,15.01468849,FullOfHolesCondition,LowCongestionCondition,EvenPaceStyle
-1.200000763,21.59999847,34.84499898,255.8252099,2.699998856,-0.3022,73.33333588,1428.0,16.96999931,0.1871,15.03992367,FullOfHolesCondition,LowCongestionCondition,EvenPaceStyle
-1.099998474,24.29999924,34.21499899,244.7158543,2.700000763,-0.5002,54.90196228,1573.0,15.77000046,0.2702,15.06394863,FullOfHolesCondition,LowCongestionCondition,EvenPaceStyle
0.099998474,26.09999847,33.62999902,233.1417801,1.799999237,-0.5464,82.35294342,1655.5,24.02000046,0.3282,15.09103012,FullOfHolesCondition,LowCongestionCondition,EvenPaceStyle
0.200000763,28.79999924,33.08999906,220.3575108,2.700000763,-0.4174,68.62744904,1829.5,19.19000053,0.2003,15.1026535,FullOfHolesCondition,LowCongestionCondition,EvenPaceStyle
1.299999237,31.5,32.06999914,192.7516167,1.800001144,-0.4615,99.21569061,1320.0,10.88000011,0.2088,15.07279301,FullOfHolesCondition,LowCongestionCondition,EvenPaceStyle
1.5,34.20000076,31.64999919,179.9893131,2.700000763,-0.5013,71.37255096,1423.5,18.15999985,0.1771,15.07607746,FullOfHolesCondition,LowCongestionCondition,EvenPaceStyle
2.0,35.09999847,31.27499919,168.6344408,0.899997711,-0.4548,0.0,1371.5,17.90999985,0.0916,15.0818634,FullOfHolesCondition,LowCongestionCondition,EvenPaceStyle
-0.800003052,90.0,101.594997,30.78250919,-0.899993896,1.0203,60.39215851,2125.5,21.19000053,-0.2708,9.225705147,SmoothCondition,LowCongestionCondition,EvenPaceStyle
0.0,88.19999695,101.0699972,35.45602564,-1.800003052,0.9269,0.0,2052.0,27.23999977,-0.2816,9.240876198,SmoothCondition,LowCongestionCondition,EvenPaceStyle
-0.099998474,48.59999847,96.31499716,143.9463692,-8.099998474,2.2671,27.05882454,762.5,6.579999924,-0.9085,9.232704163,SmoothCondition,LowCongestionCondition,EvenPaceStyle
0.800003052,37.79999924,94.09499728,229.3926702,-10.79999924,2.5143,30.98039246,745.5,4.050000191,-1.0828,9.098215103,SmoothCondition,NormalCongestionCondition,AggressiveStyle
1.599998474,32.39999771,92.80499732,288.0330093,-5.400001526,2.4565,32.94117737,759.0,4.019999981,-1.0722,9.048542023,SmoothCondition,NormalCongestionCondition,AggressiveStyle
0.699996948,28.79999924,90.07499749,405.8042613,-0.899999619,2.6656,24.70588303,1181.0,13.47000027,-1.2015,9.039915085,SmoothCondition,NormalCongestionCondition,AggressiveStyle
-0.400001526,36.0,86.26499758,547.8022859,6.300001144,2.6682,63.92156982,1482.0,14.97000027,-1.1195,9.111311913,SmoothCondition,NormalCongestionCondition,AggressiveStyle
-0.900001526,37.79999924,85.12499762,579.5561142,1.799999237,2.5855,62.35294342,1622.0,16.02000046,-1.123,9.130222321,SmoothCondition,NormalCongestionCondition,AggressiveStyle
-1.400001526,43.19999695,83.05499773,622.8787613,0.899997711,2.4199,15.29411793,1782.5,22.69000053,-1.2834,9.169148445,SmoothCondition,NormalCongestionCondition,AggressiveStyle
-1.899993896,44.09999847,82.0649977,640.5175383,0.900001526,2.4468,0.0,1765.0,22.98999977,-1.2933,9.193551064,SmoothCondition,NormalCongestionCondition,AggressiveStyle
-0.599998474,28.79999924,75.8399979,767.2173178,-2.700000763,1.8655,3.137254953,1147.0,10.72000027,-1.3448,9.29444313,SmoothCondition,NormalCongestionCondition,AggressiveStyle
-0.699996948,24.29999924,74.59499788,801.5729832,-4.5,1.657,10.58823586,1044.5,6.739999771,-1.3544,9.287177086,SmoothCondition,NormalCongestionCondition,EvenPaceStyle
-1.900001526,25.19999886,73.37999789,832.0612439,0.899999619,1.6853,11.76470566,1020.5,5.989999771,-1.3103,9.274400711,SmoothCondition,NormalCongestionCondition,EvenPaceStyle
-1.700004578,27.89999962,70.96499786,878.2822613,2.700000763,1.2745,95.6862793,1221.0,13.30000019,-1.0683,9.289520264,SmoothCondition,NormalCongestionCondition,EvenPaceStyle
-2.300003052,31.5,69.83999786,890.071875,3.600000381,1.4778,85.88235474,1396.5,16.48999977,-1.136,9.304947853,SmoothCondition,NormalCongestionCondition,EvenPaceStyle
-1.899993896,35.09999847,68.75999794,894.0257768,3.599998474,1.256,82.74510193,1606.0,20.27000046,-1.0816,9.322182655,SmoothCondition,NormalCongestionCondition,EvenPaceStyle
-2.599998474,49.5,64.99499817,851.2987443,5.400001526,1.3012,98.4313736,1458.5,13.90999985,-0.8976,9.366922379,SmoothCondition,NormalCongestionCondition,EvenPaceStyle
-1.5,50.39999771,64.13999818,831.3308732,0.899997711,1.6533,88.62744904,1500.5,21.44000053,-0.8671,9.376578331,SmoothCondition,NormalCongestionCondition,EvenPaceStyle
-2.099998474,54.0,63.34499823,808.519764,3.600002289,1.5571,78.8235321,1586.0,25.12999916,-0.7142,9.389038086,SmoothCondition,NormalCongestionCondition,EvenPaceStyle
-1.800003052,56.69999695,60.95999826,731.0281655,3.599998474,1.6627,0.0,1683.5,21.57999992,-0.6903,9.41498661,SmoothCondition,NormalCongestionCondition,EvenPaceStyle
-1.900001526,58.5,60.26999836,704.9461712,1.800003052,1.368,66.66666412,1692.5,18.98999977,-0.5723,9.416107178,SmoothCondition,NormalCongestionCondition,EvenPaceStyle
-1.0,60.29999924,58.99499842,655.9743509,1.799999237,0.9526,31.76470566,1769.0,22.23999977,-0.2862,9.422030449,SmoothCondition,NormalCongestionCondition,EvenPaceStyle
-0.800003052,60.29999924,56.4749986,550.6249357,1.799999237,0.4929,60.39215851,1796.5,17.19000053,0.0203,9.425794601,SmoothCondition,NormalCongestionCondition,EvenPaceStyle
-2.199996948,61.19999695,54.7499986,472.4954024,0.899997711,0.4649,20.7843132,1788.5,19.94000053,-0.0647,9.446721077,SmoothCondition,NormalCongestionCondition,EvenPaceStyle
-2.5,59.39999771,53.62499854,419.9174763,-1.799999237,0.6849,29.01960754,1743.5,22.90999985,-0.1889,9.483397484,SmoothCondition,NormalCongestionCondition,EvenPaceStyle
-3.100006104,58.5,52.46999855,365.3319426,-0.899997711,0.778,0.0,1727.0,21.82999992,-0.25,9.499205589,SmoothCondition,NormalCongestionCondition,EvenPaceStyle
-0.300003052,51.29999924,49.51499863,235.517551,-2.700000763,0.8364,8.627450943,1506.5,18.27000046,-0.5095,9.579472542,SmoothCondition,NormalCongestionCondition,EvenPaceStyle
-0.5,44.09999847,48.14999873,186.9177902,-3.599998474,1.1168,24.70588303,752.5,4.769999981,-0.7735,9.450025558,SmoothCondition,NormalCongestionCondition,EvenPaceStyle
-0.099998474,34.20000076,46.63499877,148.64163,-5.399997711,1.6136,28.23529434,750.5,3.970000029,-0.8428,9.317845345,SmoothCondition,NormalCongestionCondition,EvenPaceStyle
0.400001526,30.59999847,45.95999877,142.3915881,-3.600002289,1.7161,29.41176605,750.0,3.880000114,-0.838,9.268720627,UnevenCondition,NormalCongestionCondition,AggressiveStyle
0.299995422,27.0,45.3449988,142.6448846,-3.599998474,1.6979,28.23529434,755.0,4.159999847,-0.9421,9.232893944,UnevenCondition,NormalCongestionCondition,AggressiveStyle
-2.5,24.29999924,43.60499884,171.4021738,-0.899999619,1.6722,0.0,1436.5,4.409999847,-0.7243,9.069019318,UnevenCondition,NormalCongestionCondition,AggressiveStyle
-2.099998474,22.5,43.48499886,175.6599357,-1.799999237,1.6063,74.90196228,1497.5,16.54999924,-0.6688,9.090989113,UnevenCondition,NormalCongestionCondition,AggressiveStyle
-1.299995422,25.19999886,43.40999886,178.1002323,2.699998856,1.5225,64.70588684,1743.5,16.32999992,-0.6498,9.11123848,UnevenCondition,NormalCongestionCondition,AggressiveStyle
-0.399993896,29.69999886,43.12499886,184.3035964,2.699998856,1.3408,0.0,1868.5,16.62999916,-0.5573,9.146595001,UnevenCondition,NormalCongestionCondition,AggressiveStyle
-0.699996948,27.0,42.40499891,194.265223,-2.699998856,0.646,94.90196228,1127.0,13.27000046,-0.4371,9.151207924,UnevenCondition,NormalCongestionCondition,AggressiveStyle
0.5,29.69999886,42.16499891,196.8938332,2.699998856,0.4989,20.7843132,1222.5,15.22000027,-0.3272,9.164504051,UnevenCondition,NormalCongestionCondition,AggressiveStyle
0.099998474,30.59999847,41.93999891,199.0458249,0.899999619,0.5454,0.0,1220.0,15.13000011,-0.16,9.178483963,UnevenCondition,NormalCongestionCondition,AggressiveStyle
5.799995422,87.29999542,74.86499761,157.6477191,0.0,0.0221,76.86274719,2063.0,28.15999985,0.3311,12.72121239,SmoothCondition,LowCongestionCondition,EvenPaceStyle
3.600002289,88.19999695,75.44999758,152.2845585,0.900001526,-0.0423,76.47058868,2068.0,29.07999992,0.3483,12.71217251,SmoothCondition,LowCongestionCondition,EvenPaceStyle
2.300003052,89.09999847,77.30999756,127.6971697,0.900001526,0.0206,76.86274719,2091.5,28.79999924,0.491,12.69642258,SmoothCondition,LowCongestionCondition,EvenPaceStyle
6.200004578,90.8999939,83.30999743,44.16192132,0.899993896,0.3801,76.47058868,2129.0,29.04999924,0.5292,12.54025459,SmoothCondition,LowCongestionCondition,EvenPaceStyle
4.399993896,91.79999542,86.92499657,12.17172987,0.900001526,0.3248,78.8235321,2155.0,30.82999992,0.3487,12.46121788,SmoothCondition,LowCongestionCondition,EvenPaceStyle
1.5,93.59999847,88.72499619,8.080547659,0.900001526,-0.4167,79.60784149,2209.0,31.52000046,0.4375,12.56635857,SmoothCondition,LowCongestionCondition,EvenPaceStyle
1.299995422,94.5,89.08499629,7.893836821,0.900001526,-0.4212,78.4313736,2227.5,31.46999931,0.4187,12.52107525,SmoothCondition,LowCongestionCondition,EvenPaceStyle
1.799995422,95.3999939,89.62499631,7.943261948,0.899993896,-0.3171,74.11764526,2231.0,30.82999992,0.4482,12.45472908,SmoothCondition,LowCongestionCondition,EvenPaceStyle
1.900001526,96.29999542,89.83499629,8.058583919,0.900001526,-0.3319,74.90196228,2247.5,28.73999977,0.3592,12.42012787,SmoothCondition,LowCongestionCondition,EvenPaceStyle
0.099998474,95.3999939,90.19499613,8.377092798,-0.900001526,-0.3813,71.76470947,2268.0,27.87999916,0.4092,12.35827255,SmoothCondition,LowCongestionCondition,EvenPaceStyle
1.300003052,98.09999847,90.74999606,9.422543405,0.900001526,-0.4221,71.37255096,2307.5,26.44000053,0.3509,12.23940563,SmoothCondition,LowCongestionCondition,EvenPaceStyle
1.700004578,99.8999939,91.18499616,11.16129735,0.899993896,-0.2858,72.54901886,2347.0,26.54999924,0.3572,12.1608448,SmoothCondition,LowCongestionCondition,EvenPaceStyle
0.900001526,99.0,92.08499603,13.49519591,-0.899993896,0.0645,73.72549438,2408.0,27.15999985,0.2707,12.06457996,SmoothCondition,LowCongestionCondition,EvenPaceStyle
0.299995422,101.6999969,92.33999608,14.44820425,2.699996948,0.1839,77.2549057,2417.0,27.07999992,0.2207,12.02802372,SmoothCondition,LowCongestionCondition,EvenPaceStyle
-0.100006104,102.5999985,92.60999616,15.56023849,0.900001526,0.0481,75.6862793,2438.0,27.65999985,0.1131,11.99306011,SmoothCondition,LowCongestionCondition,EvenPaceStyle
0.900001526,104.3999939,92.90999616,17.17108457,1.799995422,0.1466,76.86274719,2442.0,26.73999977,0.0637,11.93623543,SmoothCondition,LowCongestionCondition,EvenPaceStyle
-0.799995422,105.2999954,93.77999611,21.87823471,0.900001526,0.2309,77.64705658,2464.0,26.48999977,-0.0671,11.84061813,SmoothCondition,LowCongestionCondition,EvenPaceStyle
1.300003052,105.2999954,94.97999598,24.752133,4.5,0.4005,65.88235474,2482.0,26.21999931,0.1994,11.63357925,SmoothCondition,LowCongestionCondition,EvenPaceStyle
-1.200004578,104.3999939,95.23499591,25.60400575,-0.900001526,0.3331,67.05882263,2463.0,24.79999924,0.1302,11.57480145,SmoothCondition,LowCongestionCondition,EvenPaceStyle
2.299995422,103.5,95.95499573,27.51505874,-0.899993896,0.0838,62.74509811,2415.5,23.90999985,-0.0764,11.46597862,SmoothCondition,LowCongestionCondition,EvenPaceStyle
2.099998474,101.6999969,96.14999568,27.43474631,-1.800003052,0.2047,60.39215851,2397.5,24.73999977,-0.1439,11.40902138,SmoothCondition,LowCongestionCondition,EvenPaceStyle
2.800003052,102.5999985,96.34499575,27.63404318,0.900001526,0.2963,58.4313736,2378.5,23.61000061,-0.2094,11.35569382,SmoothCondition,LowCongestionCondition,EvenPaceStyle
5.0,100.7999954,96.50999578,27.44023769,-1.800003052,0.4723,65.88235474,2372.0,24.98999977,-0.2582,11.3168745,SmoothCondition,LowCongestionCondition,EvenPaceStyle
1.800003052,105.2999954,99.04499639,21.75811073,1.799995422,0.5205,80.78431702,2441.5,33.04999924,0.0315,10.94312572,SmoothCondition,LowCongestionCondition,EvenPaceStyle
3.5,103.5,99.25499649,20.92522919,-1.799995422,0.577,81.17647552,2451.5,34.65999985,0.0743,10.92278576,SmoothCondition,LowCongestionCondition,EvenPaceStyle
3.0,105.2999954,99.47999649,20.55111853,1.799995422,0.6756,80.39215851,2465.5,34.18999863,0.1315,10.9007349,SmoothCondition,LowCongestionCondition,EvenPaceStyle
0.199996948,44.09999847,24.50999925,401.3856379,-0.900001526,-0.6428,1.176470637,1283.0,15.68999958,-0.0151,12.13651848,UnevenCondition,LowCongestionCondition,EvenPaceStyle
0.599998474,42.29999924,25.94999921,390.7815031,-1.799999237,-0.8707,3.137254953,1212.5,13.05000019,0.1685,12.10499668,UnevenCondition,LowCongestionCondition,EvenPaceStyle
0.799995422,41.39999771,26.63999918,382.929537,-0.900001526,-0.8385,4.705882549,1193.0,9.93999958,0.0838,12.09802914,UnevenCondition,LowCongestionCondition,EvenPaceStyle
0.899993896,38.70000076,27.28499919,372.9429705,-2.699996948,-0.7845,24.31372643,793.5,4.940000057,0.0225,12.0295639,UnevenCondition,LowCongestionCondition,EvenPaceStyle
1.299995422,35.09999847,27.86999916,361.0119457,-3.600002289,-0.7461,27.05882454,757.0,4.550000191,-0.0648,11.91955662,UnevenCondition,LowCongestionCondition,EvenPaceStyle
0.0,18.89999962,29.47499909,308.1466355,-1.799999237,-0.2565,0.0,1115.0,4.079999924,-0.4517,11.68980885,UnevenCondition,LowCongestionCondition,EvenPaceStyle
-0.199996948,18.0,29.77499909,295.5618903,-0.899999619,-0.345,83.13725281,1210.0,11.82999992,-0.402,11.69303322,UnevenCondition,LowCongestionCondition,EvenPaceStyle
-0.199996948,22.5,30.47999907,267.5873749,2.700000763,0.0383,58.8235321,1409.5,14.05000019,-0.4817,11.7381258,UnevenCondition,LowCongestionCondition,EvenPaceStyle
-0.5,24.29999924,30.88499906,252.3216216,1.799999237,0.0587,56.07843399,1576.0,14.63000011,-0.3814,11.75111389,UnevenCondition,LowCongestionCondition,EvenPaceStyle
-0.699996948,29.69999886,31.81499902,219.5189119,3.600000381,0.251,0.0,1888.0,17.82999992,-0.4547,11.77102184,UnevenCondition,LowCongestionCondition,EvenPaceStyle
-0.199996948,31.5,33.40499898,165.5445423,-1.799999237,0.331,84.31372833,1284.0,13.32999992,-0.1849,11.77450943,UnevenCondition,LowCongestionCondition,EvenPaceStyle
-0.100006104,33.29999924,33.95999897,146.3180266,1.799999237,0.3986,53.72549057,1367.5,11.07999992,-0.1605,11.77720356,UnevenCondition,LowCongestionCondition,EvenPaceStyle
0.199996948,34.20000076,34.52999898,126.4414515,0.900001526,0.5375,47.84313965,1404.5,11.10999966,-0.135,11.76961231,UnevenCondition,LowCongestionCondition,EvenPaceStyle
-0.099998474,35.09999847,35.05499895,109.9520033,0.899997711,0.7456,42.74509811,1435.5,11.40999985,-0.189,11.76079178,UnevenCondition,LowCongestionCondition,EvenPaceStyle
-0.199996948,36.0,35.53499896,96.58197026,0.900001526,0.8428,41.17647171,1460.0,11.43999958,-0.2431,11.76592255,UnevenCondition,LowCongestionCondition,EvenPaceStyle
-5.099998474,29.69999886,37.09499893,65.37912442,-2.699998856,0.45,2.745098114,1149.5,15.07999992,0.0167,11.88374996,UnevenCondition,LowCongestionCondition,EvenPaceStyle
-4.600002289,27.89999962,37.01999896,66.43281046,-1.799999237,0.5533,5.882352829,1099.5,11.97000027,-0.1088,11.92293549,UnevenCondition,LowCongestionCondition,EvenPaceStyle
-4.400001526,27.0,36.91499898,67.88875082,-0.899999619,0.6137,6.274509907,1071.0,9.720000267,-0.2456,11.92254925,UnevenCondition,LowCongestionCondition,EvenPaceStyle
-3.300003052,25.19999886,36.55499897,72.05132735,-0.899999619,0.9668,10.98039246,1038.5,8.18999958,-0.4326,11.90967751,UnevenCondition,LowCongestionCondition,EvenPaceStyle
-0.400001526,24.29999924,36.16499898,76.62027648,-0.899999619,1.0259,36.47058868,758.5,5.190000057,-0.5403,11.83229923,UnevenCondition,LowCongestionCondition,EvenPaceStyle
1.599998474,22.5,35.69999901,81.89694544,-1.799999237,1.1007,31.37254906,756.5,4.360000134,-0.7586,11.82389832,UnevenCondition,LowCongestionCondition,EvenPaceStyle
1.0,20.69999886,35.38499902,85.35180153,-1.800001144,1.237,30.58823586,752.5,4.239999771,-0.842,11.91088104,UnevenCondition,LowCongestionCondition,EvenPaceStyle
0.600002289,14.39999962,34.5149991,95.52027607,-3.600000381,1.3604,31.76470566,751.0,4.269999981,-0.9711,12.11851215,UnevenCondition,LowCongestionCondition,EvenPaceStyle
-1.900001526,0.0,31.45499919,146.19607,-6.299999714,1.6016,30.98039246,751.0,4.269999981,-1.0108,12.69453239,UnevenCondition,LowCongestionCondition,EvenPaceStyle
-0.799999237,6.299999714,14.15999964,213.0675157,4.499999762,0.4546,87.45098114,1050.0,5.159999847,0.0452,12.80783081,UnevenCondition,LowCongestionCondition,EvenPaceStyle
-1.599998474,17.10000038,12.86999972,193.5570433,1.800001144,0.1127,24.31372643,1232.5,15.13000011,0.405,12.94704723,UnevenCondition,LowCongestionCondition,EvenPaceStyle
-0.5,23.39999962,12.73499972,189.5351872,6.299999237,0.1489,0.0,1459.5,17.44000053,0.3978,13.00423622,UnevenCondition,LowCongestionCondition,EvenPaceStyle
-0.100002289,20.69999886,11.24999968,142.2167711,1.799999237,0.3836,80.0,1366.5,15.38000011,0.5209,13.13649368,UnevenCondition,LowCongestionCondition,EvenPaceStyle
-0.099998474,24.29999924,11.06999969,135.4292465,3.600000381,0.2846,74.90196228,1587.5,17.27000046,0.584,13.15640068,UnevenCondition,LowCongestionCondition,EvenPaceStyle
-3.900001526,37.79999924,37.57499908,69.40257939,2.700000763,0.9941,28.62745094,1515.5,11.27000046,-0.1416,10.53221893,UnevenCondition,LowCongestionCondition,EvenPaceStyle
-3.699996948,36.89999771,37.28999904,64.75514668,-0.900001526,0.961,0.784313738,1495.0,14.72000027,-0.1005,10.56677628,UnevenCondition,LowCongestionCondition,EvenPaceStyle
-2.400001526,30.59999847,34.94999914,29.19203325,-1.799999237,1.2506,1.960784316,1191.0,15.47000027,-0.648,10.78715801,UnevenCondition,LowCongestionCondition,EvenPaceStyle
-3.800003052,31.5,34.49999914,28.0250839,0.900001526,0.8809,17.64705849,1286.0,13.47000027,-0.544,10.83986759,UnevenCondition,LowCongestionCondition,EvenPaceStyle
-4.0,32.39999771,34.60499913,26.89268551,0.899997711,0.9015,0.0,1280.5,15.90999985,-0.5859,10.86324787,UnevenCondition,LowCongestionCondition,EvenPaceStyle
-2.199996948,31.5,34.75499913,24.54963492,-0.899997711,0.9533,9.411765099,1268.0,15.48999977,-0.6434,10.88700867,UnevenCondition,LowCongestionCondition,EvenPaceStyle
-2.799995422,30.59999847,34.93499912,21.01858423,-0.900001526,0.8486,28.23529434,836.0,6.690000057,-0.6084,10.87186909,UnevenCondition,LowCongestionCondition,EvenPaceStyle
-1.400001526,20.69999886,34.94999908,19.91135615,-4.5,1.1413,32.15686417,751.0,4.019999981,-0.732,10.74265862,UnevenCondition,LowCongestionCondition,EvenPaceStyle
-0.5,10.79999924,34.3049991,35.17573743,-5.399999619,1.285,31.76470566,750.5,4.190000057,-0.889,10.76134777,UnevenCondition,LowCongestionCondition,EvenPaceStyle
0.199996948,6.299999714,33.82499912,48.22360129,-4.499999523,1.242,30.58823586,749.5,4.360000134,-0.8764,10.79661942,UnevenCondition,LowCongestionCondition,EvenPaceStyle
-0.700004578,3.599999905,33.28499912,63.33078686,-2.699999809,1.379,31.76470566,748.0,4.329999924,-0.8956,10.87868977,UnevenCondition,LowCongestionCondition,EvenPaceStyle
-1.0,14.39999962,17.4749994,281.3937532,7.199999809,0.0863,0.0,1362.0,16.04999924,0.2892,11.0823946,UnevenCondition,LowCongestionCondition,EvenPaceStyle
-0.900001526,15.29999924,17.0249994,270.8225669,0.899999619,0.0052,34.11764908,1055.5,12.82999992,0.3498,11.14358234,UnevenCondition,LowCongestionCondition,EvenPaceStyle
-2.400001526,27.0,16.03499944,243.535179,8.100000381,-0.2722,67.05882263,1643.0,18.54999924,0.6233,11.27237034,UnevenCondition,LowCongestionCondition,EvenPaceStyle
-3.100006104,26.09999847,15.65999944,231.0614079,-0.900001526,-0.1351,27.84313774,1590.5,15.40999985,0.5868,11.35617256,UnevenCondition,LowCongestionCondition,EvenPaceStyle
-3.0,32.39999771,15.5999994,228.795237,6.299999237,-0.2758,85.09803772,1189.0,12.30000019,0.6066,11.36774158,UnevenCondition,LowCongestionCondition,EvenPaceStyle
-2.799995422,33.29999924,15.56999942,227.659407,0.900001526,-0.4323,71.37255096,1363.0,14.98999977,0.6589,11.40880299,UnevenCondition,LowCongestionCondition,EvenPaceStyle
-2.900001526,36.89999771,15.56999942,227.6044917,0.899997711,-0.5873,18.8235302,1479.5,18.15999985,0.6663,11.4568882,UnevenCondition,LowCongestionCondition,EvenPaceStyle
-0.700004578,36.0,15.55499945,226.9672476,-0.899997711,-0.4049,23.92156982,1476.0,13.97000027,0.6218,11.51369953,UnevenCondition,LowCongestionCondition,EvenPaceStyle
-1.0,37.79999924,15.58499944,228.2687386,0.900001526,-0.5831,37.64706039,1547.0,12.55000019,0.7038,11.52143478,UnevenCondition,LowCongestionCondition,EvenPaceStyle
-0.799995422,39.59999847,15.65999944,231.5831028,1.799999237,-0.7589,65.88235474,1627.0,16.79999924,0.7133,11.53907299,UnevenCondition,LowCongestionCondition,EvenPaceStyle
-1.300003052,45.0,16.1249994,253.0574817,1.800003052,-0.3935,5.490196228,1815.0,22.98999977,0.359,11.60149002,UnevenCondition,LowCongestionCondition,EvenPaceStyle
-0.400001526,40.5,17.26499937,299.3016145,-0.899997711,-0.2373,46.66666794,1669.0,20.61000061,-0.1527,12.18118095,UnevenCondition,LowCongestionCondition,EvenPaceStyle
-1.100006104,45.0,17.7149994,317.1216156,2.700000763,-0.3725,62.35294342,1803.0,20.62999916,-0.0684,12.29000092,UnevenCondition,LowCongestionCondition,EvenPaceStyle
-0.900001526,46.79999924,18.02999939,329.6004204,1.799999237,-0.239,0.0,1899.0,19.82999992,-0.084,12.28741741,UnevenCondition,LowCongestionCondition,EvenPaceStyle
-1.400001526,47.69999695,18.83999937,356.8905536,0.899997711,-0.535,78.03921509,1403.0,18.69000053,0.0443,12.26571465,UnevenCondition,LowCongestionCondition,EvenPaceStyle
-1.399993896,49.5,19.39499938,372.3919864,1.800003052,-0.4312,3.137254953,1474.0,15.90999985,0.0388,12.25105381,UnevenCondition,LowCongestionCondition,EvenPaceStyle
-0.900001526,29.69999886,41.5949989,203.7106471,0.0,0.2333,75.29412079,1214.0,14.13000011,0.0918,9.205764771,UnevenCondition,NormalCongestionCondition,EvenPaceStyle
-1.0,32.39999771,41.80499887,198.4204782,-0.900001526,0.1569,0.0,1292.5,15.52000046,0.0917,9.242145538,UnevenCondition,NormalCongestionCondition,EvenPaceStyle
-0.800003052,31.5,41.90999889,195.5358252,-0.899997711,0.2536,24.31372643,1257.0,9.829999924,0.1854,9.242186546,UnevenCondition,NormalCongestionCondition,EvenPaceStyle
0.899993896,29.69999886,41.98499893,192.8850196,-1.800001144,0.3183,3.137254953,1123.0,13.35999966,-0.0536,9.283896446,UnevenCondition,NormalCongestionCondition,EvenPaceStyle
-1.400001526,19.79999924,40.99499896,210.5842056,-4.5,0.5383,43.92156982,961.0,5.360000134,-0.2995,9.282330513,UnevenCondition,LowCongestionCondition,EvenPaceStyle
-0.800003052,18.0,40.46999896,218.0400943,-1.799999237,0.4736,0.784313738,1116.5,5.440000057,-0.2312,9.285952568,UnevenCondition,LowCongestionCondition,EvenPaceStyle
-2.599998474,26.09999847,38.92499898,226.8171533,5.399999619,0.4136,71.76470947,1675.5,20.19000053,0.0404,9.371602058,UnevenCondition,LowCongestionCondition,EvenPaceStyle
-2.899993896,29.69999886,38.53499899,224.6992553,3.600000381,0.7458,6.274509907,1933.0,22.86000061,0.0644,9.399364471,UnevenCondition,LowCongestionCondition,EvenPaceStyle
-1.300003052,35.09999847,37.33499899,205.2592552,1.799999237,0.8337,82.74510193,1439.0,19.86000061,-0.0753,9.453969955,UnevenCondition,LowCongestionCondition,EvenPaceStyle
-0.899993896,42.29999924,36.67499901,187.3880007,3.599998474,0.4845,81.5686264,1722.0,24.11000061,-0.0809,9.501407623,UnevenCondition,LowCongestionCondition,EvenPaceStyle
1.299995422,48.59999847,36.29999895,174.9508376,2.700000763,0.4502,76.86274719,2006.5,27.02000046,0.0156,9.546587944,UnevenCondition,LowCongestionCondition,EvenPaceStyle
1.599998474,49.5,36.11999896,168.1083971,0.900001526,0.3789,0.0,1027.0,8.989999771,-0.0134,9.518958092,UnevenCondition,LowCongestionCondition,EvenPaceStyle
1.400001526,50.39999771,35.75999893,154.2532772,1.799999237,0.606,85.49019623,1514.5,21.11000061,-0.0233,9.544788361,UnevenCondition,LowCongestionCondition,EvenPaceStyle
0.400001526,47.69999695,35.53499893,145.6487442,-2.700000763,0.197,82.35294342,1579.5,21.07999992,0.1378,9.558200836,UnevenCondition,LowCongestionCondition,EvenPaceStyle
0.5,54.0,35.41499898,140.2487466,6.300003052,0.0707,80.78431702,1641.0,20.69000053,0.3152,9.570343971,UnevenCondition,LowCongestionCondition,EvenPaceStyle
1.599998474,56.69999695,35.36999896,138.1750089,2.699996948,-0.0654,37.64706039,1662.5,19.94000053,0.4348,9.578801155,UnevenCondition,LowCongestionCondition,EvenPaceStyle
0.5,54.89999771,35.24999895,132.8445678,-0.900001526,-0.4115,0.0,1582.5,20.12999916,0.6226,9.590612411,UnevenCondition,LowCongestionCondition,EvenPaceStyle
3.700004578,47.69999695,34.8449989,118.3723381,-0.900001526,0.0866,24.31372643,1401.5,14.82999992,0.1922,9.625114441,UnevenCondition,LowCongestionCondition,EvenPaceStyle
3.400001526,45.0,34.79999895,117.31728,-2.699996948,0.1092,26.27450943,782.0,5.46999979,0.1137,9.555096626,UnevenCondition,LowCongestionCondition,EvenPaceStyle
1.699996948,39.59999847,34.72499895,116.236136,-5.400001526,0.2429,30.19607925,747.5,4.610000134,-0.0638,9.480575562,UnevenCondition,LowCongestionCondition,EvenPaceStyle
1.300003052,33.29999924,34.61999896,115.8565344,-6.299999237,0.2276,28.23529434,757.5,4.130000114,-0.1349,9.417751312,UnevenCondition,LowCongestionCondition,EvenPaceStyle
0.0,26.09999847,34.48499893,117.0653566,-7.200000763,0.5162,31.37254906,752.0,4.079999924,-0.3262,9.376645088,UnevenCondition,LowCongestionCondition,EvenPaceStyle
-1.600006104,19.79999924,34.22999894,121.8834833,-2.700000763,0.8006,3.921568632,977.0,13.65999985,-0.4975,9.398391724,UnevenCondition,LowCongestionCondition,EvenPaceStyle
-1.699996948,18.89999962,34.10999896,124.731754,-0.899999619,0.5954,47.05882263,1244.0,15.40999985,-0.3973,9.433931351,UnevenCondition,LowCongestionCondition,EvenPaceStyle
-2.599998474,23.39999962,34.06499898,125.5863723,4.5,0.5185,80.0,1555.0,19.86000061,-0.3498,9.471674919,UnevenCondition,LowCongestionCondition,EvenPaceStyle
-4.300003052,28.79999924,34.10999899,124.9788721,5.399999619,0.3983,72.15686035,1867.5,21.40999985,-0.2607,9.497117043,UnevenCondition,LowCongestionCondition,EvenPaceStyle
-3.700004578,31.5,34.21499901,123.7375584,2.700000763,0.1288,0.0,1648.5,15.73999977,-0.2783,9.516641617,UnevenCondition,LowCongestionCondition,EvenPaceStyle
-2.399993896,32.39999771,34.33499899,122.4012873,0.899997711,0.6099,26.66666794,1309.5,12.15999985,-0.4606,9.524176598,UnevenCondition,LowCongestionCondition,EvenPaceStyle
-1.099998474,33.29999924,34.469999,120.986533,0.900001526,0.8833,77.2549057,1407.0,15.52000046,-0.5519,9.539155006,UnevenCondition,LowCongestionCondition,EvenPaceStyle
0.899993896,35.09999847,34.64999898,119.2072788,1.799999237,1.0356,69.01960754,1512.5,14.65999985,-0.5938,9.552947044,UnevenCondition,LowCongestionCondition,EvenPaceStyle
2.100006104,36.0,34.87499898,116.6846098,0.900001526,1.4113,17.25490189,1493.0,18.36000061,-0.6603,9.582460403,UnevenCondition,LowCongestionCondition,EvenPaceStyle
3.0,36.89999771,35.06999896,115.1289063,0.899997711,1.2571,0.0,1496.0,16.07999992,-0.6346,9.595119476,UnevenCondition,LowCongestionCondition,EvenPaceStyle
3.0,38.70000076,35.369999,113.6828051,2.700000763,1.3027,66.66666412,1611.0,15.63000011,-0.6396,9.606283188,UnevenCondition,LowCongestionCondition,EvenPaceStyle
3.5,40.5,35.54999901,113.5510086,1.799999237,1.1526,60.0,1682.0,16.07999992,-0.6174,9.617294312,UnevenCondition,LowCongestionCondition,EvenPaceStyle
1.5,29.69999886,37.01999903,105.2029752,-0.899999619,0.4378,1.176470637,1171.5,14.40999985,0.0015,10.00226593,UnevenCondition,LowCongestionCondition,EvenPaceStyle
0.599998474,35.09999847,37.679999,89.19517977,3.599998474,0.6719,78.03921509,1511.0,17.04999924,0.1677,10.062397,UnevenCondition,LowCongestionCondition,EvenPaceStyle
0.900001526,37.79999924,37.96499901,84.22603562,2.700000763,0.874,65.09803772,1622.5,17.19000053,0.184,10.08875179,UnevenCondition,LowCongestionCondition,EvenPaceStyle
-0.299995422,40.5,38.51999903,80.41789133,-0.899997711,0.8631,41.17647171,1605.5,14.18999958,0.157,10.17402363,UnevenCondition,LowCongestionCondition,EvenPaceStyle
-0.599998474,42.29999924,38.66999903,80.17534902,1.799999237,0.8226,39.60784531,1649.5,13.72000027,0.2544,10.19928169,UnevenCondition,LowCongestionCondition,EvenPaceStyle
-0.700004578,40.5,38.804999,80.12386584,-0.899997711,0.9695,0.0,1623.5,20.29999924,0.1814,10.27387333,UnevenCondition,LowCongestionCondition,EvenPaceStyle
1.299999237,42.29999924,50.36999855,80.36755118,-3.599998474,0.3536,94.11764526,1269.0,15.97000027,-1.4277,14.68414688,FullOfHolesCondition,LowCongestionCondition,EvenPaceStyle
3.799999237,45.89999771,50.74499855,72.1886107,3.599998474,0.1415,87.84313965,1396.0,20.44000053,-1.2928,14.53560925,FullOfHolesCondition,LowCongestionCondition,EvenPaceStyle
1.0,47.69999695,50.80499852,71.5936956,1.799999237,0.2676,85.09803772,1468.5,22.46999931,-1.1517,14.47238922,FullOfHolesCondition,LowCongestionCondition,EvenPaceStyle
1.599998474,50.39999771,50.84999854,71.431009,2.700000763,0.4091,24.70588303,1525.5,23.86000061,-1.0101,14.41384411,FullOfHolesCondition,LowCongestionCondition,EvenPaceStyle
2.099998474,52.19999695,50.89499849,71.42894968,1.799999237,0.6151,0.0,1550.0,19.87999916,-1.0677,14.34358215,FullOfHolesCondition,LowCongestionCondition,EvenPaceStyle
2.400001526,45.89999771,50.78999844,71.8392125,-4.5,0.7021,21.96078491,767.5,5.360000134,-1.5043,13.96516132,FullOfHolesCondition,LowCongestionCondition,EvenPaceStyle
2.0,38.70000076,50.57999846,74.26738104,-7.199996948,0.9425,33.72549057,786.5,5.329999924,-1.4755,13.8263607,FullOfHolesCondition,LowCongestionCondition,EvenPaceStyle
1.599998474,34.20000076,50.36999849,78.52788834,-4.5,1.1749,24.31372643,1321.5,15.85999966,-1.4038,13.82740211,FullOfHolesCondition,LowCongestionCondition,EvenPaceStyle
-0.5,32.39999771,50.12999846,83.72653296,-1.800003052,1.1951,1.960784316,1248.0,15.52000046,-1.2709,13.82606697,FullOfHolesCondition,LowCongestionCondition,EvenPaceStyle
0.599998474,30.59999847,49.84499849,90.00860912,-1.799999237,1.1345,90.98039246,1242.5,16.77000046,-1.0075,13.81748962,FullOfHolesCondition,LowCongestionCondition,EvenPaceStyle
1.200000763,32.39999771,49.34999847,100.7191436,1.799999237,0.6533,83.92156982,1494.0,22.44000053,-0.657,13.82433891,FullOfHolesCondition,LowCongestionCondition,EvenPaceStyle
-0.899997711,43.19999695,49.04999847,105.9452446,4.499996185,0.906,0.0,1662.5,23.12999916,-0.3832,13.78067493,FullOfHolesCondition,LowCongestionCondition,EvenPaceStyle
-0.599998474,42.29999924,48.92999846,106.6994138,-0.899997711,1.3086,2.352941275,866.0,21.71999931,-0.4108,13.76617146,FullOfHolesCondition,LowCongestionCondition,EvenPaceStyle
1.400001526,34.20000076,48.3899985,111.0486999,-4.5,1.7541,36.47058868,830.5,6.079999924,-0.556,13.61719418,FullOfHolesCondition,LowCongestionCondition,EvenPaceStyle
0.900001526,28.79999924,47.9399985,116.4166653,-5.400001526,1.938,31.37254906,754.0,5.269999981,-0.6637,13.54150486,FullOfHolesCondition,LowCongestionCondition,EvenPaceStyle
1.099998474,14.39999962,46.45499856,137.7025043,-7.199998856,1.9792,33.72549057,782.0,5.159999847,-1.0141,13.540555,FullOfHolesCondition,LowCongestionCondition,EvenPaceStyle
2.200000763,7.199999809,45.50999859,157.7541219,-7.199999809,2.0855,35.29411697,780.5,5.329999924,-1.0209,13.58106232,FullOfHolesCondition,LowCongestionCondition,EvenPaceStyle
0.5,1.799999952,32.98499903,347.0870369,1.799999952,1.1484,85.88235474,769.5,8.359999657,-1.0946,13.65867138,FullOfHolesCondition,LowCongestionCondition,EvenPaceStyle
-0.099998474,10.79999924,31.66499905,358.2256806,5.399999619,0.8307,0.0,889.5,18.62999916,-0.8889,13.69693565,FullOfHolesCondition,LowCongestionCondition,EvenPaceStyle
0.0,14.39999962,31.19999906,361.1409938,3.600000381,0.7043,26.27450943,828.5,8.109999657,-0.7773,13.71147919,FullOfHolesCondition,LowCongestionCondition,EvenPaceStyle
-0.099998474,13.5,30.79499907,365.545883,-0.899999619,0.4629,67.05882263,884.5,5.989999771,-0.6443,13.71230888,FullOfHolesCondition,LowCongestionCondition,EvenPaceStyle
0.200000763,14.39999962,30.05999906,373.7037717,0.899999619,0.1551,36.07843018,891.0,6.630000114,-0.5448,13.70486927,FullOfHolesCondition,LowCongestionCondition,EvenPaceStyle
-0.5,13.5,29.20499911,378.5699494,-0.899999619,0.0945,35.29411697,894.0,6.329999924,-0.4706,13.70763111,FullOfHolesCondition,LowCongestionCondition,EvenPaceStyle
-0.799999237,12.59999943,28.69499915,379.6591028,-0.900000572,0.2799,34.11764908,776.5,5.300000191,-0.6747,13.71935844,FullOfHolesCondition,LowCongestionCondition,EvenPaceStyle
-0.400001526,8.099999428,28.04999915,380.8692975,-4.5,0.3186,35.29411697,779.5,5.440000057,-0.7242,13.7556591,FullOfHolesCondition,LowCongestionCondition,EvenPaceStyle
-0.800003052,3.599999905,27.29999918,383.2718397,-4.499999523,0.2931,61.17647171,774.0,5.380000114,-0.7012,13.80340004,FullOfHolesCondition,LowCongestionCondition,EvenPaceStyle
-1.0,6.299999714,24.17999925,375.3585519,3.599999905,0.1755,0.0,1129.5,11.48999977,-0.5373,14.17058849,FullOfHolesCondition,LowCongestionCondition,EvenPaceStyle
-0.899997711,15.29999924,23.56499929,363.0033084,8.999999523,0.0601,100.0,1138.0,15.05000019,-0.4783,14.19016838,FullOfHolesCondition,LowCongestionCondition,EvenPaceStyle
-0.600002289,18.0,23.0099993,350.1771642,2.700000763,0.0143,85.88235474,1432.5,21.32999992,-0.3426,14.19193554,FullOfHolesCondition,LowCongestionCondition,EvenPaceStyle
-0.400001526,23.39999962,22.5749993,338.0937484,5.399999619,-0.0369,72.94117737,1728.0,23.94000053,-0.244,14.19078732,FullOfHolesCondition,LowCongestionCondition,EvenPaceStyle
0.0,27.89999962,22.21499929,326.1551715,4.5,-0.0795,68.62744904,2024.5,23.44000053,-0.3144,14.18273926,FullOfHolesCondition,LowCongestionCondition,EvenPaceStyle
0.100002289,31.5,21.97499933,318.0496815,3.600000381,0.1725,0.0,746.5,7.190000057,-0.4648,14.08458424,FullOfHolesCondition,LowCongestionCondition,EvenPaceStyle
-0.299999237,32.39999771,21.56999934,304.5590639,0.899997711,0.0633,78.4313736,1471.0,20.71999931,-0.4896,14.10226917,FullOfHolesCondition,LowCongestionCondition,EvenPaceStyle
-1.0,41.39999771,21.28499937,293.5995819,5.399997711,-0.006,69.01960754,1800.0,21.94000053,-0.5103,14.09581852,FullOfHolesCondition,LowCongestionCondition,AggressiveStyle
-1.899997711,44.09999847,21.07499939,283.041211,2.700000763,0.011,92.15686798,1324.0,10.63000011,-0.3934,14.00267315,FullOfHolesCondition,LowCongestionCondition,AggressiveStyle
-2.5,46.79999924,20.86499948,271.0751826,1.799999237,-0.1605,89.41176605,1425.0,21.29999924,-0.0205,13.96722221,FullOfHolesCondition,LowCongestionCondition,AggressiveStyle
-2.099998474,49.5,20.84999952,270.1876171,2.700000763,-0.2432,84.70588684,1503.5,23.52000046,0.0205,13.96954536,FullOfHolesCondition,LowCongestionCondition,EvenPaceStyle
-2.0,54.89999771,21.22499946,290.317486,2.700000763,-0.1872,80.0,1665.5,25.48999977,-0.0074,13.95136738,FullOfHolesCondition,LowCongestionCondition,EvenPaceStyle
-2.600002289,55.79999924,21.58499943,307.5938242,0.900001526,-0.088,72.94117737,1750.5,25.12999916,-0.0699,13.93629932,FullOfHolesCondition,LowCongestionCondition,EvenPaceStyle
-3.399997711,58.5,22.37999944,342.5741537,6.300003052,-0.0652,72.15686035,1859.5,20.15999985,-0.2092,14.05421925,FullOfHolesCondition,LowCongestionCondition,EvenPaceStyle
-3.200000763,62.09999847,22.90499944,367.8889408,3.599998474,0.1634,7.450980663,1844.5,24.40999985,-0.3738,14.12677288,FullOfHolesCondition,LowCongestionCondition,EvenPaceStyle
-2.5,55.79999924,24.95999937,470.372925,-0.899997711,0.4008,56.07843399,1682.5,21.69000053,-0.4963,14.02791786,FullOfHolesCondition,LowCongestionCondition,EvenPaceStyle
-2.300003052,56.69999695,25.2599993,484.1566506,0.899997711,0.4179,1.568627477,1647.5,21.40999985,-0.6046,13.98665714,FullOfHolesCondition,LowCongestionCondition,EvenPaceStyle
-1.200000763,55.79999924,25.61999928,498.4785484,-0.899997711,0.5424,0.0,1601.5,20.77000046,-0.6418,13.94481087,FullOfHolesCondition,LowCongestionCondition,EvenPaceStyle
-0.099998474,54.0,28.00499924,538.1445212,0.900001526,0.6598,17.25490189,1588.5,16.29999924,-0.6029,13.79396343,FullOfHolesCondition,LowCongestionCondition,EvenPaceStyle
1.399997711,44.09999847,22.18499931,497.6646603,-1.799999237,-0.0063,1.568627477,1338.5,14.18999958,-0.611,16.59742165,FullOfHolesCondition,LowCongestionCondition,EvenPaceStyle
0.600002289,45.0,22.70999931,504.9283475,0.900001526,-0.0034,87.45098114,1305.0,17.15999985,-0.6747,16.55984306,FullOfHolesCondition,LowCongestionCondition,EvenPaceStyle
0.0,46.79999924,24.02999931,512.1753315,1.799999237,-0.0136,81.17647552,1426.5,20.65999985,-0.8412,16.51019287,FullOfHolesCondition,LowCongestionCondition,EvenPaceStyle
0.5,50.39999771,25.61999926,512.0151617,3.599998474,-0.0472,78.8235321,1542.5,23.32999992,-0.9322,16.48116112,FullOfHolesCondition,LowCongestionCondition,EvenPaceStyle
-0.100002289,52.19999695,26.48999921,512.0947875,1.799999237,-0.0569,77.64705658,1610.0,23.86000061,-0.8659,16.46518898,FullOfHolesCondition,LowCongestionCondition,EvenPaceStyle
-0.700000763,55.79999924,28.28999914,510.7768211,3.600002289,0.1735,74.11764526,1722.5,24.23999977,-0.6917,16.44657516,FullOfHolesCondition,LowCongestionCondition,EvenPaceStyle
-2.199996948,56.69999695,29.23499909,509.9839809,0.899997711,0.1222,17.25490189,1691.0,24.04999924,-0.7348,16.42206764,FullOfHolesCondition,LowCongestionCondition,EvenPaceStyle
-6.899997711,40.5,35.9099989,411.7188596,-3.599998474,0.2026,51.76470566,1196.0,11.15999985,-0.9137,16.10720444,FullOfHolesCondition,LowCongestionCondition,EvenPaceStyle
-6.900001526,39.59999847,36.56999888,389.6502508,-0.900001526,0.2104,78.8235321,1166.5,15.05000019,-0.8903,16.07762909,FullOfHolesCondition,LowCongestionCondition,EvenPaceStyle
-2.799999237,34.20000076,38.36999881,318.4526279,-2.699996948,0.3822,89.80392456,1331.0,18.02000046,-0.7059,16.00575638,FullOfHolesCondition,LowCongestionCondition,EvenPaceStyle
-1.799999237,44.09999847,39.10499879,293.5062311,9.899997711,0.5343,85.88235474,1391.5,19.46999931,-0.7091,15.98741627,FullOfHolesCondition,LowCongestionCondition,EvenPaceStyle
-0.799999237,47.69999695,39.89999874,268.1969356,3.599998474,0.3803,82.74510193,1451.5,21.21999931,-0.7854,15.97486401,FullOfHolesCondition,LowCongestionCondition,EvenPaceStyle
-1.200000763,49.5,40.72499874,242.0835903,1.800003052,0.2499,78.4313736,1510.0,21.73999977,-0.8891,15.96058846,FullOfHolesCondition,LowCongestionCondition,EvenPaceStyle
-0.700000763,51.29999924,41.57999872,215.1250075,1.799999237,0.4166,40.39215851,1559.0,20.23999977,-0.8229,15.93502331,FullOfHolesCondition,LowCongestionCondition,EvenPaceStyle
0.299999237,52.19999695,42.44999867,186.9635511,0.899997711,0.5329,0.0,1512.0,19.15999985,-0.9508,15.905159,FullOfHolesCondition,LowCongestionCondition,EvenPaceStyle
1.5,46.79999924,44.59499865,119.2326829,-4.5,0.798,2.745098114,1240.0,15.77000046,-1.4669,15.82448864,FullOfHolesCondition,LowCongestionCondition,EvenPaceStyle
2.099998474,47.69999695,45.64499861,90.14590392,0.899997711,0.6495,9.411765099,1147.5,10.97000027,-1.5758,15.74845505,FullOfHolesCondition,LowCongestionCondition,EvenPaceStyle
1.299999237,40.5,46.94999863,59.42287892,-4.5,0.4769,99.21569061,1228.5,16.48999977,-1.2375,15.56233978,FullOfHolesCondition,LowCongestionCondition,EvenPaceStyle
-0.199996948,43.19999695,47.18999859,54.01921851,2.699996948,0.3627,92.15686798,1326.0,18.36000061,-1.1563,15.54742432,FullOfHolesCondition,LowCongestionCondition,EvenPaceStyle
0.0,45.0,47.44499861,48.8496338,1.800003052,0.2897,89.01960754,1415.0,21.12999916,-1.0302,15.54089642,FullOfHolesCondition,LowCongestionCondition,EvenPaceStyle
-1.099998474,49.5,47.75999864,44.01091347,4.5,0.0493,84.70588684,1497.0,23.44000053,-1.1968,15.53880024,FullOfHolesCondition,LowCongestionCondition,EvenPaceStyle
-1.5,55.79999924,48.41999868,37.00738807,6.299999237,0.0762,77.64705658,1687.5,28.82999992,-1.1138,15.54677391,FullOfHolesCondition,LowCongestionCondition,EvenPaceStyle
-3.700000763,63.89999771,49.54499868,36.99708985,2.700000763,-0.2376,76.47058868,1924.0,28.07999992,-1.1884,15.54468727,FullOfHolesCondition,LowCongestionCondition,EvenPaceStyle
-1.400001526,68.40000153,50.1599987,45.9878624,4.500003815,-0.092,23.92156982,1947.0,27.11000061,-1.0467,15.51317596,FullOfHolesCondition,LowCongestionCondition,EvenPaceStyle
-1.799999237,67.5,50.4599987,50.98515133,-0.900001526,0.0534,0.0,1958.5,26.07999992,-0.9411,15.49774361,FullOfHolesCondition,LowCongestionCondition,EvenPaceStyle
-2.099998474,63.89999771,50.87999865,57.59145494,-1.799999237,-0.41,69.41176605,1902.5,23.32999992,-0.842,15.45803165,FullOfHolesCondition,LowCongestionCondition,EvenPaceStyle
-2.299999237,64.79999542,51.05999858,60.67769059,0.899997711,-0.2427,59.60784531,1925.5,21.82999992,-0.7853,15.42299271,FullOfHolesCondition,LowCongestionCondition,EvenPaceStyle
-0.799999237,42.29999924,51.58499845,70.74433949,-10.79999924,-0.0489,32.54901886,774.5,5.489999771,-1.4402,14.99815941,FullOfHolesCondition,LowCongestionCondition,EvenPaceStyle
0.5,37.79999924,51.41999849,73.90127943,-4.5,0.1219,0.0,787.0,7.659999847,-1.6969,14.72765636,FullOfHolesCondition,LowCongestionCondition,EvenPaceStyle
0.700000763,36.0,51.26999849,77.20992303,-1.799999237,0.1484,79.21569061,1411.5,16.19000053,-1.7355,14.73292542,FullOfHolesCondition,LowCongestionCondition,AggressiveStyle
1.400001526,41.39999771,50.87999846,84.39009219,3.599998474,-0.1676,74.90196228,1690.5,21.69000053,-1.9447,14.78034306,FullOfHolesCondition,LowCongestionCondition,AggressiveStyle
1.5,43.19999695,50.75999845,85.37124511,1.799999237,0.2682,74.11764526,1797.0,24.73999977,-1.7857,14.79661942,FullOfHolesCondition,LowCongestionCondition,EvenPaceStyle
1.599998474,46.79999924,50.66999849,85.59365186,3.600002289,-0.138,72.15686035,1912.0,23.61000061,-1.8217,14.80677223,FullOfHolesCondition,LowCongestionCondition,EvenPaceStyle
1.700000763,48.59999847,50.60999851,85.62294008,1.799999237,-0.1223,75.6862793,1985.0,26.73999977,-1.818,14.82089901,FullOfHolesCondition,LowCongestionCondition,EvenPaceStyle
1.799999237,49.5,50.50499852,85.17606702,0.900001526,-0.0713,11.37254906,1637.5,16.69000053,-1.7145,14.79429817,FullOfHolesCondition,LowCongestionCondition,EvenPaceStyle
1.400001526,50.39999771,50.27999859,83.84094055,0.899997711,0.0073,76.86274719,1532.0,20.48999977,-1.4683,14.77609348,FullOfHolesCondition,LowCongestionCondition,EvenPaceStyle
1.0,52.19999695,50.21999855,83.38331319,1.799999237,0.1153,25.49019623,1542.5,19.54999924,-1.4696,14.76174641,FullOfHolesCondition,LowCongestionCondition,EvenPaceStyle
0.300003052,45.0,24.13499914,222.887045,-0.899997711,0.2889,0.0,1811.0,24.02000046,-0.7824,18.89979362,SmoothCondition,LowCongestionCondition,AggressiveStyle
2.200004578,30.59999847,27.91499907,175.8521347,-4.5,0.4026,37.64706039,798.0,6.159999847,-0.76,17.03364754,SmoothCondition,LowCongestionCondition,EvenPaceStyle
2.0,24.29999924,28.31999906,162.6992458,-6.299999237,0.5361,39.60784531,804.5,6.300000191,-0.9943,16.86124039,SmoothCondition,LowCongestionCondition,AggressiveStyle
1.600006104,19.79999924,28.64999905,150.2252466,-4.5,0.6514,0.0,1137.0,14.52000046,-1.0827,16.9604187,SmoothCondition,LowCongestionCondition,AggressiveStyle
1.899993896,18.0,28.85999905,142.9407383,-1.799999237,0.6384,76.86274719,1265.0,17.07999992,-1.1039,17.06706429,SmoothCondition,LowCongestionCondition,AggressiveStyle
0.799995422,20.69999886,29.08499904,136.0660355,2.699998856,0.5716,68.62744904,1556.0,20.11000061,-1.0464,17.16863251,SmoothCondition,LowCongestionCondition,AggressiveStyle
0.099998474,24.29999924,29.32499903,130.1571545,3.600000381,0.6308,49.80392075,1744.0,18.21999931,-1.0766,17.22154045,SmoothCondition,LowCongestionCondition,EvenPaceStyle
-1.099998474,22.5,30.50999904,104.2209099,-1.799999237,1.0773,78.03921509,1624.0,17.40999985,-1.4593,17.60224915,FullOfHolesCondition,LowCongestionCondition,AggressiveStyle
-1.0,24.29999924,30.70499903,99.39912192,1.799999237,0.9005,68.23529816,1920.5,24.19000053,-1.4003,17.70908356,FullOfHolesCondition,LowCongestionCondition,EvenPaceStyle
-1.399993896,27.0,30.94499904,94.01742713,2.700000763,0.6287,1.960784316,835.0,25.36000061,-1.4456,17.79457092,FullOfHolesCondition,LowCongestionCondition,EvenPaceStyle
-1.199996948,29.69999886,31.45499902,83.6201401,1.799999237,0.3969,86.66667175,1267.5,16.96999931,-1.2675,17.51295662,FullOfHolesCondition,LowCongestionCondition,AggressiveStyle
-1.5,33.29999924,31.67999902,81.32399613,3.600000381,0.3638,77.64705658,1413.0,19.87999916,-1.2144,17.53516006,FullOfHolesCondition,LowCongestionCondition,EvenPaceStyle
-1.900001526,36.0,31.87499903,80.67851327,2.700000763,0.2087,74.50980377,1525.5,22.77000046,-1.1589,17.56729507,FullOfHolesCondition,LowCongestionCondition,EvenPaceStyle
-2.0,35.09999847,32.03999902,80.07192843,-0.900001526,0.1518,70.98039246,1643.0,24.32999992,-1.0113,17.59638596,FullOfHolesCondition,LowCongestionCondition,EvenPaceStyle
-2.5,40.5,32.39999903,80.34101338,5.400001526,-0.3237,1.176470637,1847.0,21.96999931,-0.633,17.59887695,FullOfHolesCondition,LowCongestionCondition,EvenPaceStyle
-1.900001526,44.09999847,32.834999,84.33586828,0.900001526,-0.5342,40.7843132,1756.0,17.71999931,-0.4565,17.54185104,FullOfHolesCondition,LowCongestionCondition,EvenPaceStyle
-1.0,37.79999924,33.22499903,88.86088537,-1.799999237,-0.3056,32.15686417,782.5,6.159999847,-0.7136,17.00205612,FullOfHolesCondition,LowCongestionCondition,EvenPaceStyle
0.199996948,35.09999847,33.10499902,87.50997001,-2.700000763,-0.4429,39.2156868,816.5,5.519999981,-0.5247,16.65890694,FullOfHolesCondition,LowCongestionCondition,EvenPaceStyle
-0.099998474,31.5,32.90999907,85.78769103,-3.599998474,-0.0843,36.86274719,786.0,6.019999981,-0.5622,16.48595619,FullOfHolesCondition,LowCongestionCondition,EvenPaceStyle
0.799995422,29.69999886,32.69999906,84.42304693,-1.800001144,-0.0011,37.64706039,797.5,6.110000134,-0.7004,16.4147644,FullOfHolesCondition,LowCongestionCondition,AggressiveStyle
-0.700004578,18.89999962,32.33999906,86.48785997,-10.79999924,0.263,38.4313736,795.5,6.380000114,-0.8322,16.44122314,FullOfHolesCondition,LowCongestionCondition,AggressiveStyle
-1.199996948,8.099999428,31.39499906,99.97573173,-5.400000572,0.7124,38.82352829,800.5,6.239999771,-0.9684,16.53613472,FullOfHolesCondition,LowCongestionCondition,AggressiveStyle
-0.399993896,4.5,30.7799991,110.1545026,-3.599999428,0.8227,39.2156868,802.5,6.300000191,-1.0593,16.67425346,FullOfHolesCondition,LowCongestionCondition,AggressiveStyle
-0.899993896,14.39999962,16.93499953,261.7670438,8.099999905,-0.2676,5.882352829,1696.5,21.46999931,-0.6235,17.07329369,FullOfHolesCondition,LowCongestionCondition,EvenPaceStyle
-1.399993896,15.29999924,16.67999955,258.5812732,0.899999619,-0.3137,81.96078491,787.0,6.940000057,-0.5763,17.06605721,FullOfHolesCondition,LowCongestionCondition,EvenPaceStyle
-1.299995422,20.69999886,16.55999953,257.6953071,4.5,-0.6296,66.66666412,1312.5,17.79999924,-0.5,17.20684814,FullOfHolesCondition,LowCongestionCondition,EvenPaceStyle
-1.099998474,35.09999847,17.23499944,270.7822962,4.5,-1.3786,76.86274719,1514.5,22.21999931,-0.3368,17.20882034,FullOfHolesCondition,LowCongestionCondition,EvenPaceStyle
-0.699996948,46.79999924,18.08999936,300.0761487,3.600002289,-1.2279,70.98039246,1993.5,20.94000053,0.1401,17.24666595,FullOfHolesCondition,LowCongestionCondition,AggressiveStyle
0.400001526,49.5,18.56999935,322.9831312,0.900001526,-1.154,85.88235474,1508.5,17.86000061,-0.0471,17.18464851,FullOfHolesCondition,LowCongestionCondition,AggressiveStyle
0.5,54.0,19.13999936,351.8383515,3.600002289,-1.2782,74.50980377,1646.5,23.32999992,-0.1615,17.12646294,FullOfHolesCondition,LowCongestionCondition,EvenPaceStyle
-0.5,4.5,16.63499951,42.4629886,0.900000095,0.3041,63.52941132,736.5,5.300000191,-0.3723,14.44702244,UnevenCondition,LowCongestionCondition,EvenPaceStyle
-0.599998474,6.299999714,16.6649995,41.77654805,1.799999714,0.2386,38.4313736,833.5,5.079999924,-0.3435,14.47389126,UnevenCondition,LowCongestionCondition,EvenPaceStyle
0.200000763,6.299999714,16.6199995,42.59959048,-0.900000095,0.5287,31.37254906,855.5,5.079999924,-0.4136,14.56941032,UnevenCondition,LowCongestionCondition,EvenPaceStyle
0.299999237,0.0,16.19999951,50.68677645,-2.699999809,0.7131,31.76470566,748.5,4.239999771,-0.4979,14.74855709,UnevenCondition,LowCongestionCondition,EvenPaceStyle
-0.300003052,16.19999886,17.34406718,245.313525,1.799999237,0.5514,89.80392456,1440.5,19.98999977,-1.3435,19.00293732,SmoothCondition,LowCongestionCondition,AggressiveStyle
-0.599998474,25.19999886,17.74499936,236.9618228,9.0,0.5268,69.41176605,1929.0,20.94000053,-1.2311,19.22939491,SmoothCondition,LowCongestionCondition,AggressiveStyle
0.699996948,30.59999847,18.25499933,234.1611449,5.399999619,0.5979,29.41176605,862.5,11.10999966,-1.1702,18.99939156,SmoothCondition,LowCongestionCondition,AggressiveStyle
1.199996948,32.39999771,19.3199993,228.0758487,0.899997711,0.3914,80.0,1453.0,17.62999916,-1.0978,18.98276901,SmoothCondition,LowCongestionCondition,AggressiveStyle
1.400001526,35.09999847,19.90499927,225.6218233,2.700000763,0.2108,76.07843018,1552.5,20.71999931,-1.0558,18.99482536,SmoothCondition,LowCongestionCondition,AggressiveStyle
1.599998474,43.19999695,21.91499918,222.5667041,3.599998474,0.1183,49.41176605,1793.5,25.65999985,-0.9031,19.02863503,SmoothCondition,LowCongestionCondition,AggressiveStyle
1.400001526,45.0,22.64999918,223.5645612,1.800003052,0.2042,0.392156869,1851.0,25.12999916,-0.9087,19.01801109,SmoothCondition,LowCongestionCondition,AggressiveStyle
1.699996948,45.89999771,23.38499914,224.8090776,0.899997711,0.1629,31.37254906,1869.0,19.57999992,-0.8034,18.91594887,SmoothCondition,LowCongestionCondition,AggressiveStyle
-0.099998474,48.59999847,44.42999862,153.2675463,-1.799999237,0.0992,0.0,1325.5,16.21999931,-0.5316,9.43488121,UnevenCondition,LowCongestionCondition,EvenPaceStyle
0.0,45.89999771,44.12999862,146.7875468,-2.700000763,0.1134,2.352941275,1225.5,13.52000046,-0.5182,9.444156647,UnevenCondition,LowCongestionCondition,EvenPaceStyle
0.200004578,42.29999924,43.73999866,138.8037853,-3.599998474,0.1529,10.98039246,1142.5,7.489999771,-0.7207,9.427556038,UnevenCondition,LowCongestionCondition,EvenPaceStyle
0.300003052,39.59999847,43.30499868,130.7282697,-2.700000763,0.1866,16.07843208,1083.5,6.300000191,-0.6807,9.400959015,UnevenCondition,LowCongestionCondition,EvenPaceStyle
0.300003052,36.0,42.32999875,114.3600944,-0.899997711,0.3312,25.49019623,1027.5,5.989999771,-0.7869,9.373583794,UnevenCondition,LowCongestionCondition,EvenPaceStyle
0.400001526,34.20000076,41.36999884,99.45060373,-1.799999237,0.6096,31.37254906,760.5,4.860000134,-0.9937,9.308404922,UnevenCondition,LowCongestionCondition,EvenPaceStyle
0.900001526,27.89999962,39.31499882,78.62467945,-0.899999619,0.634,29.80392265,754.5,4.300000191,-1.0995,9.168386459,UnevenCondition,LowCongestionCondition,EvenPaceStyle
2.200004578,26.09999847,38.29499887,72.30759578,-0.900001526,0.7024,30.58823586,752.5,4.190000057,-1.3467,9.111530304,UnevenCondition,LowCongestionCondition,EvenPaceStyle
1.900001526,17.10000038,36.64499896,76.41708699,-1.799999237,0.9657,21.17647171,967.0,9.300000191,-1.554,9.129048347,UnevenCondition,LowCongestionCondition,EvenPaceStyle
1.300003052,15.29999924,36.16499898,82.96298524,-1.800001144,0.8358,27.05882454,1014.0,12.07999992,-1.5842,9.160733223,UnevenCondition,LowCongestionCondition,EvenPaceStyle
0.799995422,16.19999886,35.819999,89.5887396,0.899999619,0.7557,61.17647171,1170.5,9.239999771,-1.5728,9.183817863,UnevenCondition,LowCongestionCondition,EvenPaceStyle
0.5,18.89999962,35.62499901,93.94054424,2.700000763,0.6338,52.54901886,1296.5,9.859999657,-1.577,9.207148552,UnevenCondition,LowCongestionCondition,EvenPaceStyle
0.0,20.69999886,35.45999902,97.26040016,1.799999237,0.8611,30.98039246,1363.0,16.21999931,-1.5136,9.239154816,UnevenCondition,LowCongestionCondition,EvenPaceStyle
-1.800003052,22.5,35.29499903,100.8818322,0.900001526,0.7533,45.09804153,1419.0,13.15999985,-1.2275,9.289920807,UnevenCondition,LowCongestionCondition,EvenPaceStyle
-0.199996948,23.39999962,35.20499903,102.5567472,0.899999619,0.9736,56.47058868,1591.5,15.02000046,-1.1981,9.316360474,UnevenCondition,LowCongestionCondition,EvenPaceStyle
0.100006104,25.19999886,35.09999901,104.0094847,1.799999237,0.9367,48.62745285,1703.0,14.52000046,-0.9863,9.34209156,UnevenCondition,LowCongestionCondition,EvenPaceStyle
0.099998474,27.89999962,34.97999903,105.4226369,0.899999619,0.8871,28.62745094,1848.0,15.23999977,-1.0118,9.367337227,UnevenCondition,LowCongestionCondition,EvenPaceStyle
-0.699996948,25.19999886,34.72499905,108.6852893,-0.899999619,0.9304,62.35294342,1539.5,15.48999977,-0.8221,9.531864166,UnevenCondition,LowCongestionCondition,EvenPaceStyle
-2.200004578,27.89999962,34.51499901,110.7867131,2.700000763,0.8188,46.27450943,1880.5,17.54999924,-0.5981,9.589588165,UnevenCondition,LowCongestionCondition,EvenPaceStyle
-2.900001526,30.59999847,34.394999,110.8489504,2.699998856,0.8363,5.09803915,1941.0,19.69000053,-0.5479,9.62093544,UnevenCondition,LowCongestionCondition,EvenPaceStyle
0.100006104,34.20000076,34.10999889,109.9595514,1.800003052,0.7585,80.0,1473.5,16.12999916,-0.2105,9.657440186,UnevenCondition,LowCongestionCondition,EvenPaceStyle
-1.299995422,39.59999847,34.04999886,109.3957544,2.700000763,0.6003,71.76470947,1723.0,19.37999916,-0.0574,9.70417881,UnevenCondition,LowCongestionCondition,EvenPaceStyle
-2.199996948,47.69999695,34.42499886,114.8174914,2.699996948,0.4278,1.960784316,984.5,13.52000046,-0.2414,9.757190704,UnevenCondition,LowCongestionCondition,EvenPaceStyle
-0.5,48.59999847,34.99499884,120.4316598,0.900001526,0.2316,78.4313736,1513.0,17.15999985,-0.3139,9.786737442,UnevenCondition,LowCongestionCondition,EvenPaceStyle
0.0,50.39999771,35.29499884,124.2482693,1.799999237,0.2592,75.6862793,1573.5,18.27000046,-0.2911,9.801799774,UnevenCondition,LowCongestionCondition,EvenPaceStyle
0.0,55.79999924,36.08999879,141.5907345,0.900001526,0.2307,20.0,1705.5,17.40999985,-0.1256,9.824108124,UnevenCondition,LowCongestionCondition,EvenPaceStyle
0.699996948,57.59999847,36.29999876,148.042361,1.799999237,0.3443,0.0,1681.0,21.94000053,-0.0605,9.844958305,UnevenCondition,LowCongestionCondition,EvenPaceStyle
-1.599998474,54.0,36.77999881,163.3856836,-0.899997711,0.5758,14.50980377,1586.5,20.04999924,-0.363,9.925538063,UnevenCondition,LowCongestionCondition,EvenPaceStyle
-2.399993896,53.09999847,36.79499884,163.8696251,-0.900001526,0.5002,58.4313736,1557.5,14.15999985,-0.2428,9.927994728,UnevenCondition,LowCongestionCondition,EvenPaceStyle
-2.5,54.0,36.82499889,164.8635929,0.900001526,0.4758,49.01960754,1598.5,14.40999985,-0.3569,9.931124687,UnevenCondition,LowCongestionCondition,EvenPaceStyle
-3.300003052,54.89999771,36.83999885,165.4010746,0.899997711,0.4621,3.529411793,1622.5,13.80000019,-0.3524,9.93291378,UnevenCondition,LowCongestionCondition,EvenPaceStyle
-2.699996948,44.09999847,37.76999884,182.18043,-1.799999237,1.7773,1.960784316,1246.0,15.40999985,-0.8023,10.10295391,UnevenCondition,LowCongestionCondition,EvenPaceStyle
-2.199996948,43.19999695,37.88999879,182.6124297,-0.900001526,1.7733,21.17647171,1248.0,14.52000046,-0.8619,10.11505032,UnevenCondition,LowCongestionCondition,EvenPaceStyle
-1.699996948,44.09999847,38.21999877,182.7433112,1.799999237,1.6067,85.88235474,1377.5,17.29999924,-0.7866,10.13268661,UnevenCondition,LowCongestionCondition,EvenPaceStyle
-1.300003052,49.5,38.81999877,183.0453453,3.600002289,1.2046,82.35294342,1563.5,20.07999992,-0.7579,10.17186356,UnevenCondition,LowCongestionCondition,EvenPaceStyle
-1.199996948,45.0,41.45999867,163.1770092,-2.699996948,1.4042,3.921568632,1266.5,15.40999985,-1.2398,10.27147675,UnevenCondition,LowCongestionCondition,EvenPaceStyle
-0.599998474,42.29999924,41.90999867,151.3839589,-2.700000763,1.3755,4.705882549,1228.0,12.90999985,-1.2197,10.28210545,UnevenCondition,LowCongestionCondition,EvenPaceStyle
-2.100006104,44.09999847,43.43999863,114.3024345,1.799999237,1.0072,76.47058868,1340.0,13.63000011,-1.0508,10.31733036,UnevenCondition,LowCongestionCondition,EvenPaceStyle
-1.700004578,41.39999771,44.75999851,88.35497965,-2.700000763,0.8019,8.235294342,1176.5,8.630000114,-1.2781,10.35704613,UnevenCondition,LowCongestionCondition,EvenPaceStyle
-2.300003052,39.59999847,44.95499849,83.94963284,-1.799999237,0.7982,9.019607544,1156.0,7.71999979,-1.3756,10.33983517,UnevenCondition,LowCongestionCondition,EvenPaceStyle
-1.400001526,38.70000076,45.10499852,80.64556474,-0.899997711,0.8252,10.58823586,1118.0,6.909999847,-1.4828,10.30162621,UnevenCondition,LowCongestionCondition,EvenPaceStyle
-0.599998474,37.79999924,45.43499854,72.55654819,-0.900001526,1.0275,12.94117641,1098.0,6.46999979,-1.5985,10.26225662,UnevenCondition,LowCongestionCondition,EvenPaceStyle
0.099998474,36.89999771,45.82499854,61.34834503,-0.900001526,1.0324,15.68627453,1044.5,6.21999979,-1.6089,10.20056438,UnevenCondition,LowCongestionCondition,EvenPaceStyle
0.300003052,36.0,46.00499856,55.74149731,-0.899997711,1.034,26.27450943,1004.5,6.079999924,-1.5848,10.17591476,UnevenCondition,LowCongestionCondition,EvenPaceStyle
1.099998474,32.39999771,46.13999856,51.64413301,-1.800003052,0.9295,12.15686321,772.0,4.610000134,-1.4712,10.07362747,UnevenCondition,LowCongestionCondition,EvenPaceStyle
0.300003052,31.5,46.09499855,52.85844675,-0.899997711,1.0256,30.19607925,751.5,4.329999924,-1.5172,9.892023087,UnevenCondition,LowCongestionCondition,EvenPaceStyle
0.400001526,29.69999886,45.97499857,55.96664971,-1.800001144,1.1074,30.98039246,755.0,4.239999771,-1.5996,9.843464851,UnevenCondition,LowCongestionCondition,EvenPaceStyle
0.400001526,30.59999847,45.55499856,65.57132784,4.5,1.4353,30.19607925,749.0,4.380000114,-1.8778,9.799621582,UnevenCondition,LowCongestionCondition,EvenPaceStyle
-0.700004578,20.69999886,45.14999854,75.86999709,-9.899999619,1.4947,31.76470566,757.0,4.300000191,-1.9525,9.814746857,UnevenCondition,LowCongestionCondition,EvenPaceStyle
-0.600006104,8.099999428,44.48999858,98.58294532,-12.59999943,1.5386,32.94117737,748.5,4.269999981,-1.9542,9.847162247,UnevenCondition,LowCongestionCondition,EvenPaceStyle
0.099998474,4.5,0.075,0.3375,4.5,0.1012,60.39215851,953.0,13.40999985,-0.7433,9.929947853,UnevenCondition,LowCongestionCondition,EvenPaceStyle
0.599998474,10.79999924,0.254999987,2.2540421,6.299999237,0.0908,0.0,1756.5,18.62999916,-0.7744,9.980980873,UnevenCondition,LowCongestionCondition,EvenPaceStyle
1.0,19.79999924,1.124999936,16.57410827,3.600000381,-0.2469,94.11764526,1450.0,21.44000053,-0.4103,10.43033028,UnevenCondition,LowCongestionCondition,EvenPaceStyle
1.0,35.09999847,2.534999879,53.80298662,5.399999619,-0.299,0.0,1367.5,14.80000019,-0.3894,10.7628355,UnevenCondition,LowCongestionCondition,AggressiveStyle
1.400001526,36.0,3.719999854,89.11280732,0.900001526,-0.5213,78.8235321,1603.0,20.86000061,-0.3367,10.77315807,UnevenCondition,LowCongestionCondition,AggressiveStyle
0.700004578,39.59999847,4.379999828,110.2551786,3.599998474,-0.5904,78.4313736,1741.5,21.71999931,-0.3198,10.78281212,UnevenCondition,LowCongestionCondition,AggressiveStyle
1.200004578,45.0,5.849999777,160.9154125,1.800003052,-0.6813,1.960784316,1794.5,22.77000046,-0.3,10.80523491,UnevenCondition,LowCongestionCondition,AggressiveStyle
2.099998474,38.70000076,8.639999676,238.8319151,-2.699996948,-0.1318,27.84313774,755.5,7.159999847,-0.5236,10.74822712,UnevenCondition,LowCongestionCondition,AggressiveStyle
3.699996948,27.89999962,9.674999682,252.5723992,-6.300001144,0.3902,31.37254906,751.5,4.300000191,-0.948,10.68148327,UnevenCondition,LowCongestionCondition,AggressiveStyle
4.399993896,19.79999924,10.00499967,252.6126704,-8.100000381,0.6558,32.54901886,750.5,3.859999895,-1.1402,10.72652054,UnevenCondition,LowCongestionCondition,AggressiveStyle
4.300003052,12.59999943,10.21499966,250.9853484,-7.199999809,0.7596,30.98039246,750.0,3.99000001,-1.2844,10.80203438,UnevenCondition,LowCongestionCondition,AggressiveStyle
4.199996948,9.899999619,10.37999965,249.1907638,-2.699999809,0.5692,81.96078491,627.5,4.050000191,-1.0809,10.87826729,UnevenCondition,LowCongestionCondition,AggressiveStyle
4.0,11.69999981,10.73999964,245.4400522,1.800000191,0.4038,99.21569061,858.5,10.23999977,-1.0889,11.03565979,UnevenCondition,LowCongestionCondition,AggressiveStyle
3.099998474,18.0,11.29499963,242.4625016,2.700000763,0.7307,27.45098114,1250.0,13.80000019,-1.3268,11.15305519,UnevenCondition,LowCongestionCondition,AggressiveStyle
0.5,18.89999962,11.93999961,239.9210696,-0.899999619,0.5868,79.21569061,1245.5,14.63000011,-1.0765,11.20444489,UnevenCondition,LowCongestionCondition,AggressiveStyle
-0.399993896,20.69999886,12.28499959,238.6843323,1.799999237,0.6672,70.58823395,1522.0,16.82999992,-1.0301,11.20047951,UnevenCondition,LowCongestionCondition,AggressiveStyle
-0.599998474,25.19999886,12.70499957,238.7740271,4.5,0.7165,67.45098114,1571.5,16.71999931,-1.0685,11.19526863,UnevenCondition,LowCongestionCondition,AggressiveStyle
-0.900001526,27.89999962,13.16999957,239.731612,2.700000763,0.6346,18.4313736,784.5,9.739999771,-1.0173,11.16586208,UnevenCondition,LowCongestionCondition,AggressiveStyle
-1.199996948,28.79999924,13.64999955,240.6981205,0.899999619,0.5316,95.29412079,1218.5,15.63000011,-0.9807,11.15767956,UnevenCondition,LowCongestionCondition,AggressiveStyle
-0.899993896,30.59999847,14.15999953,242.1451371,1.799999237,0.5326,81.96078491,1354.0,15.55000019,-0.8918,11.17872334,UnevenCondition,LowCongestionCondition,EvenPaceStyle
-1.5,33.29999924,14.71499952,244.6426371,2.700000763,0.4904,74.50980377,1487.0,15.73999977,-0.8084,11.17111015,UnevenCondition,LowCongestionCondition,EvenPaceStyle
-2.099998474,36.89999771,15.32999948,248.9299157,3.599998474,0.2546,69.01960754,1591.0,16.27000046,-0.7734,11.1592207,UnevenCondition,LowCongestionCondition,EvenPaceStyle
-2.0,40.5,16.64999949,259.1862567,1.799999237,-0.0918,0.0,1601.0,19.86000061,-0.5823,11.15468502,UnevenCondition,LowCongestionCondition,EvenPaceStyle
-2.0,43.19999695,18.71999944,271.9622902,2.699996948,-0.7097,50.19607925,1837.0,15.90999985,-0.0487,11.12738609,UnevenCondition,LowCongestionCondition,EvenPaceStyle
-2.5,45.89999771,20.2349994,281.9758577,0.899997711,-0.5262,17.25490189,1885.0,16.46999931,-0.2358,11.10571861,UnevenCondition,LowCongestionCondition,EvenPaceStyle
-1.099998474,46.79999924,21.01499939,286.3782309,0.900001526,-0.287,0.0,1898.0,24.21999931,-0.2969,11.11694431,UnevenCondition,LowCongestionCondition,EvenPaceStyle
-1.400001526,45.89999771,22.55999934,290.7451371,-0.900001526,-0.0962,0.0,1852.5,17.37999916,-0.4767,11.11810493,UnevenCondition,LowCongestionCondition,EvenPaceStyle
-1.5,30.59999847,28.87499911,208.6035905,-0.900001526,1.1811,1.960784316,1176.0,12.48999977,-1.1524,11.28107452,UnevenCondition,LowCongestionCondition,EvenPaceStyle
-0.900001526,28.79999924,29.3549991,194.2377609,-1.799999237,1.1725,89.41176605,1253.0,16.44000053,-1.0519,11.29421997,UnevenCondition,LowCongestionCondition,EvenPaceStyle
-2.599998474,33.29999924,30.41999906,164.1636526,2.700000763,0.9782,78.03921509,1534.0,16.98999977,-0.87,11.30547619,UnevenCondition,LowCongestionCondition,EvenPaceStyle
-3.400001526,36.89999771,31.03499902,148.8063737,3.599998474,0.9542,76.86274719,1669.0,18.02000046,-0.8743,11.31618881,UnevenCondition,LowCongestionCondition,EvenPaceStyle
-3.699996948,40.5,31.70999902,133.5365021,3.600002289,0.8976,74.11764526,1778.0,19.69000053,-0.8788,11.32783508,UnevenCondition,LowCongestionCondition,EvenPaceStyle
-3.999996185,38.70000076,32.27999903,121.4853509,-1.799999237,0.9495,54.90196228,1842.5,19.82999992,-0.9246,11.33606052,UnevenCondition,LowCongestionCondition,EvenPaceStyle
-3.099998474,45.0,33.22499908,111.8154618,6.299999237,1.106,0.0,1831.0,23.23999977,-0.9898,11.38364506,UnevenCondition,LowCongestionCondition,EvenPaceStyle
0.099998474,32.39999771,34.54499909,103.9845472,-2.700000763,1.2125,16.07843208,773.0,6.130000114,-1.1419,11.7699585,UnevenCondition,LowCongestionCondition,EvenPaceStyle
-0.799999237,28.79999924,34.27499908,102.617157,-3.599998474,1.2024,27.05882454,752.0,4.579999924,-1.0402,11.70191383,UnevenCondition,LowCongestionCondition,EvenPaceStyle
-0.200000763,20.69999886,33.56999912,103.9353529,-3.600000381,0.7745,30.98039246,755.5,3.99000001,-1.2604,11.62714195,UnevenCondition,LowCongestionCondition,EvenPaceStyle
-0.299999237,18.89999962,33.19499915,106.4008191,-1.799999237,0.865,31.37254906,752.5,3.970000029,-1.3826,11.58590317,UnevenCondition,LowCongestionCondition,EvenPaceStyle
-1.299999237,16.19999886,32.81999912,110.6395902,-2.700000763,0.9943,29.41176605,750.0,4.050000191,-1.5226,11.56864738,UnevenCondition,LowCongestionCondition,AggressiveStyle
-0.799999237,14.39999962,32.4899991,116.2473525,-1.799999237,1.1905,29.80392265,753.0,4.360000134,-1.778,11.57651711,UnevenCondition,LowCongestionCondition,AggressiveStyle
0.700000763,4.5,31.81499912,140.3585799,-0.899999619,1.3473,52.54901886,695.5,4.550000191,-1.6756,11.62989426,UnevenCondition,LowCongestionCondition,AggressiveStyle
1.299999237,5.399999619,31.73999912,144.039046,0.899999619,1.2463,28.23529434,796.0,5.130000114,-1.7165,11.65785885,UnevenCondition,LowCongestionCondition,AggressiveStyle
0.799999237,7.199999809,31.58999912,151.0910797,1.800000191,1.048,71.76470947,903.0,7.940000057,-1.4105,11.7030859,UnevenCondition,LowCongestionCondition,AggressiveStyle
0.600002289,10.79999924,31.51499912,153.9134949,3.599999428,0.96,0.0,1399.0,14.52000046,-1.3831,11.73661232,UnevenCondition,LowCongestionCondition,EvenPaceStyle
0.700000763,13.5,31.43999912,156.312605,2.700000763,1.044,16.07843208,1031.0,10.15999985,-1.4362,11.74823856,UnevenCondition,LowCongestionCondition,EvenPaceStyle
0.900001526,14.39999962,31.25999913,161.6942993,0.899999619,0.7678,94.50980377,993.0,9.300000191,-1.2754,11.75322819,UnevenCondition,LowCongestionCondition,EvenPaceStyle
-0.099998474,25.19999886,30.95999913,168.1834517,9.0,0.2834,68.62744904,1746.5,17.98999977,-0.9693,11.78551388,UnevenCondition,LowCongestionCondition,EvenPaceStyle
0.100002289,29.69999886,30.94499914,168.2079347,0.899999619,0.3138,21.17647171,821.0,7.519999981,-0.7901,11.74790668,UnevenCondition,LowCongestionCondition,EvenPaceStyle
0.0,27.89999962,30.40499911,164.8855614,-1.799999237,0.5655,4.313725471,1051.0,8.270000458,-0.6879,11.72259617,UnevenCondition,LowCongestionCondition,EvenPaceStyle
-0.299999237,54.0,28.85999924,538.0010562,0.0,0.6309,0.0,1551.5,20.23999977,-0.6326,13.75394535,FullOfHolesCondition,LowCongestionCondition,EvenPaceStyle
0.399997711,48.59999847,32.26499916,503.3758467,-2.700000763,1.0646,56.47058868,1407.5,17.62999916,-0.9403,13.71627617,FullOfHolesCondition,LowCongestionCondition,EvenPaceStyle
0.599998474,47.69999695,33.05999911,489.1264822,-0.900001526,0.8949,74.11764526,1415.5,16.19000053,-0.9372,13.68058491,FullOfHolesCondition,LowCongestionCondition,EvenPaceStyle
1.399997711,48.59999847,33.86999909,474.0275337,0.900001526,0.9684,23.13725471,1441.5,15.63000011,-0.9486,13.64170837,FullOfHolesCondition,LowCongestionCondition,EvenPaceStyle
1.400001526,48.59999847,35.50499906,440.2397818,-0.900001526,0.7881,0.0,1415.5,17.54999924,-1.2187,13.59695244,FullOfHolesCondition,LowCongestionCondition,EvenPaceStyle
1.900001526,45.0,37.78499897,378.8463607,-0.899997711,0.8713,78.8235321,1336.5,16.40999985,-1.138,13.54011154,SmoothCondition,LowCongestionCondition,EvenPaceStyle
1.400001526,42.29999924,38.96999898,348.5278789,-2.700000763,0.6986,46.66666794,1352.0,15.07999992,-1.2179,13.49512291,SmoothCondition,LowCongestionCondition,EvenPaceStyle
1.5,45.0,39.47999899,338.6477102,2.700000763,0.7597,7.843137264,1304.5,16.40999985,-1.1943,13.57366848,SmoothCondition,LowCongestionCondition,EvenPaceStyle
1.399997711,44.09999847,40.97999889,303.7765259,0.900001526,0.4581,96.07843018,1377.0,20.48999977,-1.204,13.70668316,SmoothCondition,LowCongestionCondition,EvenPaceStyle
1.900001526,51.29999924,42.68999882,265.0036128,5.400001526,0.561,87.05882263,1601.0,25.07999992,-1.2173,13.66448498,SmoothCondition,LowCongestionCondition,EvenPaceStyle
2.599998474,54.0,43.45499883,246.2974191,2.700000763,0.3313,83.52941132,1675.5,27.07999992,-1.2472,13.62179947,SmoothCondition,LowCongestionCondition,EvenPaceStyle
3.5,58.5,45.26999878,194.6828032,1.800003052,0.082,77.64705658,1758.0,31.79999924,-1.1882,13.54187965,SmoothCondition,LowCongestionCondition,EvenPaceStyle
3.0,61.19999695,46.24499873,167.3018292,2.699996948,-0.0686,78.8235321,1824.5,33.65999985,-1.0883,13.50981331,SmoothCondition,LowCongestionCondition,EvenPaceStyle
2.599998474,63.0,47.24999874,138.8943993,1.800003052,-0.0784,80.78431702,1889.5,29.52000046,-1.0516,13.5056572,SmoothCondition,LowCongestionCondition,EvenPaceStyle
2.5,63.89999771,48.2099987,114.23379,0.899997711,-0.2062,79.60784149,1953.0,30.11000061,-1.0082,13.47683048,SmoothCondition,LowCongestionCondition,EvenPaceStyle
2.0,65.69999695,49.04999866,100.3438913,1.799999237,-0.0734,0.0,2015.5,29.32999992,-0.8999,13.44565582,SmoothCondition,LowCongestionCondition,EvenPaceStyle
1.0,68.40000153,51.86999868,75.06823733,0.900001526,-0.2526,87.05882263,1670.0,29.94000053,-0.7904,13.32107639,SmoothCondition,LowCongestionCondition,EvenPaceStyle
1.200000763,71.09999847,52.52999865,73.86010255,2.699996948,-0.2606,85.49019623,1722.5,31.62999916,-0.6432,13.30941486,SmoothCondition,LowCongestionCondition,EvenPaceStyle
1.799999237,72.90000153,53.20499872,73.56150211,1.800003052,-0.2431,84.31372833,1763.0,31.90999985,-0.5622,13.29634666,SmoothCondition,LowCongestionCondition,EvenPaceStyle
2.200000763,76.5,54.52499866,78.78394415,1.800003052,-0.2879,84.70588684,1864.5,35.24000168,-0.5167,13.26952934,SmoothCondition,LowCongestionCondition,EvenPaceStyle
2.5,74.69999695,55.69499861,88.03166845,-3.599998474,-0.2998,81.96078491,1949.5,37.54999924,-0.5575,13.23861504,SmoothCondition,LowCongestionCondition,EvenPaceStyle
-0.199996948,72.0,56.15999864,90.03905049,-2.699996948,-0.6402,79.60784149,1988.5,37.63000107,-0.4571,13.22362423,SmoothCondition,LowCongestionCondition,EvenPaceStyle
1.299999237,82.79999542,56.78999856,99.553116,10.79999542,-0.6481,77.64705658,2029.5,37.11000061,-0.4465,13.22421837,SmoothCondition,LowCongestionCondition,EvenPaceStyle
2.799999237,87.29999542,58.0649985,125.0555302,1.799995422,-0.4149,83.13725281,2108.5,33.68999863,-0.444,13.22699928,SmoothCondition,LowCongestionCondition,EvenPaceStyle
1.300003052,88.19999695,58.6649985,139.4982401,0.900001526,-0.38,81.96078491,2132.5,33.77000046,-0.4371,13.21864605,SmoothCondition,LowCongestionCondition,EvenPaceStyle
-0.200000763,90.8999939,59.8049984,170.1940304,2.699996948,-0.3043,81.17647552,2185.5,32.24000168,-0.4036,13.1915226,SmoothCondition,LowCongestionCondition,EvenPaceStyle
0.400001526,93.59999847,61.04999835,204.3167643,1.800003052,-0.3396,78.4313736,2209.0,31.82999992,-0.4804,13.16501522,SmoothCondition,LowCongestionCondition,EvenPaceStyle
1.399997711,94.5,61.58999837,222.9659865,0.900001526,-0.3274,80.0,2224.5,30.98999977,-0.4144,13.15202618,SmoothCondition,LowCongestionCondition,EvenPaceStyle
0.200000763,95.3999939,62.1449983,242.0231764,0.899993896,-0.4308,76.86274719,2248.0,30.96999931,-0.3359,13.13832855,SmoothCondition,LowCongestionCondition,EvenPaceStyle
-2.5,96.29999542,63.32999821,278.9685496,0.900001526,-0.2157,73.33333588,2280.0,30.73999977,-0.4654,13.11091709,SmoothCondition,LowCongestionCondition,EvenPaceStyle
-0.099998474,97.19999695,64.63499813,313.9639774,0.900001526,-0.0991,75.29412079,2299.0,30.19000053,-0.6248,13.07862663,SmoothCondition,LowCongestionCondition,EvenPaceStyle
1.600002289,99.0,68.21999817,389.2612609,0.900001526,0.0217,74.90196228,2314.5,29.29999924,-0.7309,12.98857403,SmoothCondition,LowCongestionCondition,EvenPaceStyle
4.0,98.09999847,74.5199983,438.4653434,-0.900001526,-0.0096,76.07843018,2315.5,30.54999924,-0.8483,12.79467201,SmoothCondition,LowCongestionCondition,EvenPaceStyle
3.299995422,99.0,83.20499827,320.4147185,0.900001526,0.1485,79.21569061,2317.0,33.04999924,-0.8058,12.66707039,SmoothCondition,LowCongestionCondition,EvenPaceStyle
5.099998474,102.5999985,91.52999827,120.1902695,2.700004578,0.4454,80.0,2292.5,32.22000122,-0.716,12.57984161,SmoothCondition,LowCongestionCondition,EvenPaceStyle
4.800003052,98.09999847,92.6699983,99.83501433,-4.5,0.3675,78.4313736,2294.0,31.86000061,-0.7335,12.61165428,SmoothCondition,LowCongestionCondition,EvenPaceStyle
3.199996948,96.29999542,94.96499799,50.12367498,-0.900001526,0.1991,79.21569061,2285.5,32.33000183,-0.4799,12.55963135,SmoothCondition,LowCongestionCondition,EvenPaceStyle
2.699996948,96.29999542,95.92499784,31.77648769,0.900001526,0.2536,79.60784149,2279.5,32.33000183,-0.5077,12.4958601,SmoothCondition,LowCongestionCondition,EvenPaceStyle
7.0,98.09999847,97.93499781,1.798248939,0.900001526,-0.0144,72.94117737,2308.0,28.07999992,-0.5715,12.31889629,SmoothCondition,LowCongestionCondition,EvenPaceStyle
2.5,99.8999939,98.15999807,1.533968107,0.899993896,0.1873,74.90196228,2358.0,26.98999977,-0.6844,12.23616505,SmoothCondition,LowCongestionCondition,EvenPaceStyle
2.0,100.7999954,98.20499802,1.64997635,0.900001526,0.1043,76.07843018,2377.5,27.04999924,-0.6835,12.31789494,SmoothCondition,LowCongestionCondition,EvenPaceStyle
-2.200004578,103.5,98.69999771,4.301695614,-0.899993896,0.0039,82.35294342,2493.5,29.29999924,-0.6853,12.22769451,SmoothCondition,LowCongestionCondition,EvenPaceStyle
-4.099998474,105.2999954,98.98499743,6.05417677,0.900001526,0.2555,81.5686264,2532.0,29.69000053,-0.6602,12.13589764,SmoothCondition,LowCongestionCondition,EvenPaceStyle
-3.800003052,108.0,99.14999746,7.390677578,2.700004578,0.271,83.13725281,2549.5,29.15999985,-0.7068,12.10948467,SmoothCondition,LowCongestionCondition,EvenPaceStyle
-3.299995422,108.8999939,99.31499736,8.973837465,0.899993896,0.4147,81.5686264,2563.5,30.27000046,-0.7265,12.08562946,SmoothCondition,LowCongestionCondition,EvenPaceStyle
-2.300003052,108.8999939,99.86999715,13.56314846,-0.900001526,0.3745,80.39215851,2561.0,28.12999916,-0.6681,12.03647614,SmoothCondition,LowCongestionCondition,EvenPaceStyle
-1.199996948,110.6999969,101.3249966,23.3469836,0.900001526,0.4475,80.78431702,2571.5,31.52000046,-0.5322,11.86659145,SmoothCondition,LowCongestionCondition,EvenPaceStyle
-1.5,109.7999954,101.5199965,24.3494157,-0.900001526,0.4745,82.35294342,2570.5,30.73999977,-0.5456,11.83761883,SmoothCondition,LowCongestionCondition,EvenPaceStyle
-0.699996948,110.6999969,102.1199964,27.14094148,0.900001526,0.515,82.74510193,2579.0,31.37999916,-0.647,11.77320766,SmoothCondition,LowCongestionCondition,EvenPaceStyle
-0.5,109.7999954,102.7349963,29.42976457,-0.900001526,0.3795,80.78431702,2582.5,31.52000046,-0.7939,11.93821526,SmoothCondition,LowCongestionCondition,EvenPaceStyle
1.300003052,110.6999969,103.1549962,31.88081502,0.900001526,0.4181,80.39215851,2579.5,30.40999985,-0.7103,11.83581161,SmoothCondition,LowCongestionCondition,EvenPaceStyle
-0.400001526,108.8999939,105.5249961,26.54122,-0.900001526,0.485,81.96078491,2565.0,28.57999992,-0.8581,11.65933323,SmoothCondition,LowCongestionCondition,EvenPaceStyle
-1.099998474,109.7999954,105.734996,25.63145746,0.900001526,0.4177,80.78431702,2557.0,27.87999916,-0.9089,11.6157608,SmoothCondition,LowCongestionCondition,EvenPaceStyle
0.5,108.0,106.304996,22.02352596,-0.899993896,0.5428,82.74510193,2537.0,28.36000061,-0.8731,11.41834354,SmoothCondition,LowCongestionCondition,EvenPaceStyle
1.299995422,108.8999939,107.6999962,10.31491214,0.899993896,0.3139,81.96078491,2568.5,31.37999916,-0.8584,11.1307745,SmoothCondition,LowCongestionCondition,EvenPaceStyle
1.200004578,109.7999954,108.194996,6.592345922,0.900001526,0.1593,81.17647552,2583.0,30.62999916,-1.0049,11.01602745,SmoothCondition,LowCongestionCondition,EvenPaceStyle
1.400001526,106.1999969,108.8849959,2.62197352,-3.599998474,0.2879,80.39215851,2572.0,28.77000046,-0.7323,10.71893597,SmoothCondition,LowCongestionCondition,EvenPaceStyle
0.900001526,112.5,109.019996,2.483999112,6.300003052,0.1572,82.74510193,2573.5,28.32999992,-0.6961,10.67265415,SmoothCondition,LowCongestionCondition,EvenPaceStyle
0.400001526,109.7999954,109.1249959,1.966652403,-2.700004578,0.0775,81.17647552,2577.5,28.19000053,-0.7406,10.62977982,SmoothCondition,LowCongestionCondition,EvenPaceStyle
1.099998474,108.8999939,109.289996,1.190744967,-0.900001526,-0.0789,80.39215851,2551.0,28.44000053,-0.7429,10.60654831,SmoothCondition,LowCongestionCondition,EvenPaceStyle
3.0,107.0999985,109.2749962,1.051396885,-0.900001526,-0.1151,81.5686264,2501.5,27.86000061,-0.6585,10.46161842,SmoothCondition,LowCongestionCondition,EvenPaceStyle
2.899993896,106.1999969,109.1999963,1.281354225,-0.900001526,-0.0104,82.74510193,2490.0,27.71999931,-0.5734,10.40786552,SmoothCondition,LowCongestionCondition,EvenPaceStyle
0.699996948,107.0999985,108.5549965,2.720820689,0.900001526,0.1594,81.17647552,2504.5,27.12999916,-0.8264,10.21735477,SmoothCondition,LowCongestionCondition,EvenPaceStyle
-2.0,108.8999939,108.2249969,2.323600205,0.899993896,0.3553,80.0,2540.5,28.61000061,-0.9612,10.06168747,SmoothCondition,LowCongestionCondition,EvenPaceStyle
-1.599998474,108.0,108.194997,2.281498573,-1.799995422,0.409,84.70588684,2540.5,28.44000053,-0.8811,10.02541351,SmoothCondition,LowCongestionCondition,EvenPaceStyle
-1.400001526,108.8999939,108.179997,2.246032483,0.899993896,0.3994,80.0,2550.0,28.32999992,-0.8277,10.00861645,SmoothCondition,LowCongestionCondition,EvenPaceStyle
-0.400001526,108.0,108.1499971,2.201185098,-0.899993896,0.4832,83.13725281,2545.5,27.94000053,-0.8411,9.991034508,SmoothCondition,LowCongestionCondition,EvenPaceStyle
0.199996948,108.8999939,108.1049971,2.116752989,0.899993896,0.3925,81.5686264,2551.0,27.98999977,-0.8592,9.976646423,SmoothCondition,LowCongestionCondition,EvenPaceStyle
0.699996948,109.7999954,108.1049971,2.116752989,0.900001526,0.335,83.13725281,2556.0,28.48999977,-0.8895,9.951001167,SmoothCondition,LowCongestionCondition,EvenPaceStyle
-0.199996948,108.8999939,108.0899971,2.078541135,-0.900001526,0.2702,79.60784149,2549.5,28.86000061,-0.9315,9.935107231,SmoothCondition,LowCongestionCondition,EvenPaceStyle
-2.0,109.7999954,108.2249963,2.186311895,0.900001526,0.2731,79.21569061,2567.0,28.52000046,-0.8119,9.756040573,SmoothCondition,LowCongestionCondition,EvenPaceStyle
1.699996948,108.0,108.1649962,1.743328242,-0.899993896,0.14,84.31372833,2523.5,27.69000053,-1.2051,9.547047615,SmoothCondition,LowCongestionCondition,EvenPaceStyle
2.900001526,107.0999985,108.1349963,1.752480765,-0.900001526,0.1859,80.0,2515.0,27.65999985,-1.1415,9.526102066,SmoothCondition,LowCongestionCondition,EvenPaceStyle
4.699996948,104.3999939,107.8649961,2.438922141,-0.900001526,0.3732,77.64705658,2446.5,26.98999977,-0.996,9.382190704,SmoothCondition,LowCongestionCondition,EvenPaceStyle
4.199996948,103.5,107.7899961,2.865659205,-0.899993896,0.145,75.29412079,2429.0,26.94000053,-1.0315,9.351502419,SmoothCondition,LowCongestionCondition,EvenPaceStyle
1.599998474,104.3999939,107.5199965,4.515858957,0.899993896,0.3498,77.64705658,2449.5,26.94000053,-0.7072,9.27730751,SmoothCondition,LowCongestionCondition,EvenPaceStyle
0.399993896,105.2999954,107.3399962,5.048537752,0.900001526,0.442,79.21569061,2471.5,27.90999985,-0.6646,9.251595497,SmoothCondition,LowCongestionCondition,EvenPaceStyle
-1.099998474,106.1999969,107.2649961,5.12061386,0.900001526,0.3174,78.8235321,2489.0,26.87999916,-0.6771,9.236206055,SmoothCondition,LowCongestionCondition,EvenPaceStyle
-3.5,108.8999939,107.1749961,5.005291625,0.899993896,0.4564,78.03921509,2565.0,27.40999985,-0.7561,9.20151329,SmoothCondition,LowCongestionCondition,EvenPaceStyle
-5.099998474,109.7999954,107.204996,5.109630446,0.900001526,0.4709,78.8235321,2586.0,27.77000046,-0.766,9.187544823,SmoothCondition,LowCongestionCondition,EvenPaceStyle
-6.200004578,112.5,107.4149961,6.282987936,0.900001526,0.4557,78.03921509,2649.5,27.86000061,-0.798,9.145928383,SmoothCondition,LowCongestionCondition,EvenPaceStyle
-5.600006104,113.3999939,107.5499962,7.23508158,0.899993896,0.5799,74.50980377,2650.5,28.29999924,-0.8753,9.129566193,SmoothCondition,LowCongestionCondition,EvenPaceStyle
-4.199996948,112.5,107.8349963,9.184343931,-0.899993896,0.7732,81.96078491,2641.5,27.12999916,-0.8327,9.095917702,SmoothCondition,LowCongestionCondition,EvenPaceStyle
-0.599998474,110.6999969,108.0149966,10.06298944,-0.900001526,1.1194,78.03921509,2591.5,27.40999985,-0.7303,9.04380703,SmoothCondition,LowCongestionCondition,EvenPaceStyle
4.400001526,108.0,107.9549966,9.923870849,-0.899993896,1.0202,85.88235474,2532.5,28.54999924,-0.7375,8.982305527,SmoothCondition,LowCongestionCondition,EvenPaceStyle
4.5,107.0999985,107.9099967,9.876506468,-0.900001526,1.0132,84.31372833,2513.0,29.19000053,-0.6486,8.974743843,SmoothCondition,LowCongestionCondition,EvenPaceStyle
-0.400001526,108.8999939,107.8799971,9.458234725,0.899993896,0.3706,85.49019623,2545.0,27.15999985,-0.8716,8.843401909,SmoothCondition,LowCongestionCondition,EvenPaceStyle
-2.299995422,101.6999969,107.8499971,9.779489423,-2.699996948,0.5146,38.03921509,2566.0,27.98999977,-0.9023,8.826254845,SmoothCondition,LowCongestionCondition,EvenPaceStyle
-1.799995422,108.8999939,107.939997,9.469218573,7.199996948,0.5559,0.0,2545.5,34.24000168,-0.9453,8.82803154,SmoothCondition,LowCongestionCondition,EvenPaceStyle
-1.599998474,106.1999969,108.0599969,8.83769408,-1.800003052,0.5428,70.98039246,2498.0,28.98999977,-0.9615,8.828680992,SmoothCondition,LowCongestionCondition,EvenPaceStyle
-1.799995422,107.0999985,108.1199969,8.497219932,0.900001526,0.5634,80.78431702,2502.0,25.19000053,-1.0749,8.819815636,SmoothCondition,LowCongestionCondition,EvenPaceStyle
-1.199996948,106.1999969,108.2849968,7.481975549,-0.900001526,0.6924,0.0,2448.5,33.88000107,-1.0695,8.826399803,SmoothCondition,LowCongestionCondition,EvenPaceStyle
0.0,70.19999695,105.4349969,74.76231371,-6.300003052,1.6481,25.49019623,1387.0,15.18999958,-1.9817,8.878067017,SmoothCondition,LowCongestionCondition,EvenPaceStyle
-0.400001526,63.0,104.669997,104.4845047,-7.199996948,1.7407,27.84313774,776.5,5.519999981,-2.0658,8.798980713,SmoothCondition,LowCongestionCondition,EvenPaceStyle
0.399993896,54.89999771,103.7549971,145.170987,-8.100002289,1.8431,31.76470566,750.5,4.440000057,-2.1706,8.71075058,SmoothCondition,LowCongestionCondition,AggressiveStyle
1.200004578,48.59999847,102.7349971,195.0541712,-6.299999237,1.9715,31.37254906,752.0,4.050000191,-2.2819,8.62553215,SmoothCondition,LowCongestionCondition,AggressiveStyle
1.199996948,44.09999847,101.6249971,250.9981686,-4.5,2.0602,29.80392265,757.5,3.910000086,-2.4948,8.558446884,SmoothCondition,LowCongestionCondition,AggressiveStyle
1.799995422,31.5,99.04499715,395.2092783,-5.399997711,2.0869,28.62745094,759.5,4.269999981,-2.4953,8.47581768,SmoothCondition,LowCongestionCondition,AggressiveStyle
1.399993896,32.39999771,97.70999711,465.6090299,0.899997711,1.9274,0.0,1108.5,14.65999985,-2.4958,8.495321274,SmoothCondition,LowCongestionCondition,AggressiveStyle
1.099998474,30.59999847,96.34499709,536.3414745,-1.799999237,1.7653,20.0,1280.5,13.80000019,-2.5177,8.5137043,SmoothCondition,LowCongestionCondition,AggressiveStyle
-0.900001526,34.20000076,93.64499728,657.7865531,3.600002289,1.6611,57.64706039,1530.5,13.63000011,-2.3969,8.534356117,SmoothCondition,LowCongestionCondition,AggressiveStyle
-1.599998474,36.89999771,92.36999734,704.0949869,2.699996948,1.6248,49.41176605,1609.5,13.97000027,-2.3902,8.541685104,SmoothCondition,LowCongestionCondition,AggressiveStyle
-2.700004578,40.5,91.15499744,740.6994341,3.600002289,1.5952,15.29411793,1656.0,20.69000053,-2.389,8.558344841,SmoothCondition,LowCongestionCondition,AggressiveStyle
-2.799995422,41.39999771,89.96999741,773.5078639,0.899997711,1.6885,0.0,1644.5,21.07999992,-2.324,8.575056076,SmoothCondition,LowCongestionCondition,AggressiveStyle
2.799999237,92.69999695,73.36499767,244.2490625,0.0,0.1502,72.94117737,2206.0,28.27000046,0.0961,12.16722202,SmoothCondition,LowCongestionCondition,EvenPaceStyle
2.5,93.59999847,73.99499766,245.5560471,0.900001526,0.0955,73.33333588,2207.5,27.86000061,0.1651,12.17725754,SmoothCondition,LowCongestionCondition,EvenPaceStyle
1.899997711,95.3999939,78.20999756,217.1266545,1.799995422,-0.1185,72.54901886,2240.0,27.65999985,0.2948,12.08117008,SmoothCondition,LowCongestionCondition,EvenPaceStyle
1.199996948,93.59999847,81.79499734,168.2628343,-0.900001526,0.2192,72.54901886,2251.5,28.54999924,0.2482,12.0149765,SmoothCondition,LowCongestionCondition,EvenPaceStyle
0.799999237,95.3999939,82.48499724,157.821615,1.799995422,0.3708,72.94117737,2262.5,28.02000046,0.255,11.99841213,SmoothCondition,LowCongestionCondition,EvenPaceStyle
2.800003052,95.3999939,84.44999708,129.2750641,-0.900001526,0.3986,23.52941132,2249.0,27.57999992,0.2215,12.02105141,SmoothCondition,LowCongestionCondition,EvenPaceStyle
3.300003052,94.5,85.03499711,120.0033113,-0.899993896,0.4617,0.0,2228.5,30.27000046,0.1723,12.01014042,SmoothCondition,LowCongestionCondition,EvenPaceStyle
4.5,89.09999847,85.97999706,102.2924573,-2.699996948,0.7275,65.49019623,2106.0,24.77000046,0.2139,11.97298908,SmoothCondition,LowCongestionCondition,EvenPaceStyle
5.199996948,88.19999695,86.38499705,93.94602562,-0.900001526,0.5746,76.86274719,2082.5,25.61000061,0.2497,11.9503088,SmoothCondition,LowCongestionCondition,EvenPaceStyle
6.300003052,89.09999847,88.15499687,59.56725381,0.900001526,1.2438,75.6862793,2088.5,29.29999924,0.2773,11.85461521,SmoothCondition,LowCongestionCondition,EvenPaceStyle
6.099998474,88.19999695,88.4849968,52.84196885,-0.900001526,1.1031,77.2549057,2089.5,28.71999931,0.2088,11.8425045,SmoothCondition,LowCongestionCondition,EvenPaceStyle
6.0,89.09999847,88.81499685,46.49925609,0.900001526,0.9504,76.47058868,2100.5,29.65999985,0.2293,11.83524609,SmoothCondition,LowCongestionCondition,EvenPaceStyle
5.800003052,92.69999695,89.20499687,40.14556022,3.599998474,0.8315,77.2549057,2107.5,28.79999924,0.2321,11.83310509,SmoothCondition,LowCongestionCondition,EvenPaceStyle
6.400001526,90.0,89.54999695,33.31982199,-2.699996948,0.8007,76.86274719,2115.0,29.11000061,0.2259,11.82072353,SmoothCondition,LowCongestionCondition,EvenPaceStyle
6.0,90.8999939,90.67499695,14.13037637,0.899993896,0.8159,76.07843018,2126.0,29.52000046,0.2185,11.80790234,SmoothCondition,LowCongestionCondition,EvenPaceStyle
6.0,89.09999847,91.60499649,5.384209495,-1.799995422,0.5326,74.90196228,2135.0,28.12999916,0.1914,11.959795,SmoothCondition,LowCongestionCondition,EvenPaceStyle
5.599998474,90.0,91.63499654,5.230446642,0.900001526,0.4945,74.50980377,2139.0,27.87999916,0.1787,12.06061363,SmoothCondition,LowCongestionCondition,EvenPaceStyle
-0.099998474,92.69999695,91.73999621,5.021083259,0.900001526,0.9027,59.60784531,2170.0,23.02000046,0.0897,11.68642807,SmoothCondition,LowCongestionCondition,EvenPaceStyle
-0.799995422,93.59999847,91.78499629,5.093159693,0.900001526,0.7855,66.66666412,2207.0,25.62999916,0.038,11.61217213,SmoothCondition,LowCongestionCondition,EvenPaceStyle
-4.099998474,96.29999542,91.91999626,5.723998538,0.900001526,0.8777,70.98039246,2253.0,26.23999977,0.0039,11.62052727,SmoothCondition,LowCongestionCondition,EvenPaceStyle
-3.699996948,98.09999847,92.11499621,7.134176856,0.900001526,0.8869,65.49019623,2311.5,25.48999977,0.0417,11.59416199,SmoothCondition,LowCongestionCondition,EvenPaceStyle
-2.599998474,99.8999939,92.50499636,10.54624721,0.899993896,1.1032,66.66666412,2360.0,25.44000053,-0.2542,11.34854507,SmoothCondition,LowCongestionCondition,EvenPaceStyle
-0.200004578,98.09999847,93.14999631,16.43339027,-0.900001526,0.7054,65.49019623,2322.5,25.57999992,-0.2912,10.90595818,SmoothCondition,LowCongestionCondition,EvenPaceStyle
0.099998474,99.0,93.26999639,16.96789942,0.900001526,0.8153,68.62744904,2323.5,25.04999924,-0.3877,10.87237644,SmoothCondition,LowCongestionCondition,EvenPaceStyle
0.5,98.09999847,94.46999664,16.30892101,-0.900001526,0.759,0.0,2280.0,31.65999985,-0.4626,10.62554932,SmoothCondition,LowCongestionCondition,EvenPaceStyle
-0.5,14.39999962,29.33999912,164.0648073,-5.399999619,0.6908,29.80392265,760.5,4.190000057,-0.8116,11.71348095,UnevenCondition,LowCongestionCondition,EvenPaceStyle
-0.199996948,11.69999981,27.59999914,163.9403325,0.900000572,0.6125,98.4313736,1047.5,8.800000191,-0.8561,11.75217628,UnevenCondition,LowCongestionCondition,EvenPaceStyle
-0.600002289,15.29999924,27.07499914,159.9761374,3.599999428,0.6041,79.60784149,1336.0,13.07999992,-0.8487,11.78191853,UnevenCondition,LowCongestionCondition,EvenPaceStyle
-1.100002289,18.89999962,26.62499917,154.8964772,3.600000381,0.5502,61.17647171,1542.5,14.47000027,-0.8408,11.80877018,UnevenCondition,LowCongestionCondition,EvenPaceStyle
-1.599998474,25.19999886,25.94999917,143.7452483,1.799999237,0.5076,0.0,1565.0,18.54999924,-0.8662,11.86517239,UnevenCondition,LowCongestionCondition,EvenPaceStyle
-3.299999237,20.69999886,25.27499921,134.2208852,-3.600000381,0.4955,49.41176605,1330.5,16.19000053,-1.0599,11.93218899,UnevenCondition,LowCongestionCondition,EvenPaceStyle
-5.200000763,26.09999847,24.59999924,127.3942336,3.599998474,0.5868,40.0,1687.5,14.13000011,-0.9312,12.18830585,UnevenCondition,LowCongestionCondition,EvenPaceStyle
-4.799999237,27.0,24.50999928,126.4524375,0.900001526,0.5645,41.96078491,1709.0,19.65999985,-0.9263,12.28740025,UnevenCondition,LowCongestionCondition,EvenPaceStyle
-3.800003052,24.29999924,24.28499928,124.7809545,-1.799999237,0.4625,39.2156868,1508.5,11.57999992,-0.8299,12.64899349,UnevenCondition,LowCongestionCondition,EvenPaceStyle
-0.300003052,25.19999886,24.04499928,122.6831919,0.899999619,0.1637,48.62745285,1605.5,14.10999966,-0.6022,12.87342834,UnevenCondition,LowCongestionCondition,EvenPaceStyle
1.399997711,27.0,23.63999929,115.3458278,0.900001526,-0.0378,48.62745285,1754.5,14.90999985,-0.489,13.08719444,UnevenCondition,LowCongestionCondition,EvenPaceStyle
1.599998474,27.89999962,23.45999928,111.7763356,0.899999619,-0.2012,12.54901981,1704.0,21.11000061,-0.4069,13.17589664,UnevenCondition,LowCongestionCondition,EvenPaceStyle
1.5,27.0,23.26499926,108.0134959,-0.899999619,-0.0606,0.0,1581.5,19.23999977,-0.5369,13.24111176,UnevenCondition,LowCongestionCondition,EvenPaceStyle
2.300003052,23.39999962,22.60499926,92.34251281,-2.699998856,0.2714,29.80392265,758.5,9.659999847,-0.8275,13.22626877,UnevenCondition,LowCongestionCondition,EvenPaceStyle
2.600002289,19.79999924,22.19999927,84.47796254,-3.600000381,0.3651,29.41176605,749.0,5.21999979,-0.956,13.17037582,UnevenCondition,LowCongestionCondition,EvenPaceStyle
-0.299999237,12.59999943,20.87999927,68.25416592,-1.800000191,0.2401,83.52941132,859.5,7.269999981,-0.8274,13.10344315,UnevenCondition,LowCongestionCondition,EvenPaceStyle
-0.099998474,18.0,20.17499928,58.68495395,2.700000763,0.2758,51.37255096,1260.5,13.63000011,-0.9262,13.11847115,UnevenCondition,LowCongestionCondition,EvenPaceStyle
0.0,21.59999847,19.94999928,54.89236958,3.599998474,0.335,23.52941132,1381.5,14.40999985,-1.0757,13.12205124,UnevenCondition,LowCongestionCondition,EvenPaceStyle
1.099998474,13.5,19.40999932,51.24599708,-3.600000381,0.4615,29.80392265,754.0,4.110000134,-1.3454,12.9568758,UnevenCondition,LowCongestionCondition,EvenPaceStyle
1.900001526,10.79999924,19.27499932,52.47953101,-2.700000763,0.5051,32.15686417,748.0,4.050000191,-1.3579,12.9248867,UnevenCondition,LowCongestionCondition,EvenPaceStyle
2.299999237,9.899999619,19.16999933,53.79772578,-0.899999619,0.6403,30.58823586,752.5,4.130000114,-1.459,12.9079361,UnevenCondition,LowCongestionCondition,EvenPaceStyle
1.0,6.299999714,19.03499933,56.20095448,-3.599999905,0.5976,29.41176605,755.5,4.190000057,-1.5795,12.90488434,UnevenCondition,LowCongestionCondition,EvenPaceStyle
0.299995422,44.09999847,23.47499949,253.139863,-0.900001526,0.7967,7.058823586,1779.0,17.90999985,0.0761,16.90999031,SmoothCondition,LowCongestionCondition,AggressiveStyle
0.400001526,41.39999771,24.8849994,244.4778951,-1.799999237,0.69,0.0,1667.5,21.36000061,0.1848,16.94479561,SmoothCondition,LowCongestionCondition,EvenPaceStyle
0.099998474,38.70000076,26.18999939,228.6588709,-0.899997711,0.9594,34.90196228,787.5,6.159999847,0.0679,15.9314003,SmoothCondition,LowCongestionCondition,EvenPaceStyle
0.0,35.09999847,26.77499936,218.0307102,-3.600002289,1.1211,37.25490189,795.0,6.019999981,-0.1667,15.64935589,SmoothCondition,LowCongestionCondition,EvenPaceStyle
0.800003052,22.5,27.14999936,206.0466005,-12.59999847,1.2744,37.64706039,805.5,6.21999979,-0.2765,15.51673317,SmoothCondition,LowCongestionCondition,EvenPaceStyle
-0.5,18.89999962,27.46499936,194.6056943,-3.600000381,1.1836,39.2156868,801.5,6.380000114,-0.4723,15.40157223,SmoothCondition,LowCongestionCondition,AggressiveStyle
-3.700004578,18.0,27.76499936,183.2473896,-0.899999619,1.2556,0.0,1253.5,12.52000046,-0.5406,15.5072794,SmoothCondition,LowCongestionCondition,AggressiveStyle
-4.0,18.89999962,28.07999935,171.4124664,0.899999619,1.138,81.96078491,1352.0,17.98999977,-0.4194,15.63607121,SmoothCondition,LowCongestionCondition,AggressiveStyle
-4.5,22.5,28.45499935,158.4330177,3.600000381,1.1277,70.98039246,1627.5,21.90999985,-0.3713,15.75971127,SmoothCondition,LowCongestionCondition,AggressiveStyle
-4.400001526,26.09999847,28.88999933,144.6110778,3.599998474,1.2539,39.60784531,1811.0,20.96999931,-0.445,15.85468674,SmoothCondition,LowCongestionCondition,AggressiveStyle
-6.600006104,21.59999847,29.96999928,114.1221303,-7.200000763,1.0065,51.37255096,1634.0,20.87999916,-0.6154,16.08819008,FullOfHolesCondition,LowCongestionCondition,AggressiveStyle
-5.400001526,27.0,30.25499929,107.3618338,5.400001526,1.0823,67.45098114,1876.0,22.61000061,-0.6859,16.20730972,FullOfHolesCondition,LowCongestionCondition,AggressiveStyle
-5.199996948,29.69999886,30.55499927,101.4401392,2.699998856,1.1817,0.0,1181.5,24.98999977,-0.6462,16.31754494,FullOfHolesCondition,LowCongestionCondition,AggressiveStyle
-1.199996948,32.39999771,31.99499917,80.92929284,-3.600002289,0.5531,61.56863022,1544.0,19.29999924,-0.3776,16.28833008,FullOfHolesCondition,LowCongestionCondition,EvenPaceStyle
-0.900001526,39.59999847,32.20499914,81.44183519,7.200000763,0.4997,58.8235321,1633.5,19.21999931,-0.2962,16.28242493,FullOfHolesCondition,LowCongestionCondition,EvenPaceStyle
1.400001526,41.39999771,32.41499912,82.63349578,1.799999237,0.2354,55.68627548,1703.5,19.27000046,-0.1555,16.27122688,FullOfHolesCondition,LowCongestionCondition,EvenPaceStyle
0.0,44.09999847,32.87999908,86.44941845,0.900001526,-0.2856,42.74509811,1784.0,18.37999916,-0.0872,16.21653557,FullOfHolesCondition,LowCongestionCondition,EvenPaceStyle
-1.900001526,44.09999847,33.40499902,92.1228496,0.900001526,-0.2979,29.80392265,1783.0,22.96999931,0.1388,16.23450851,FullOfHolesCondition,LowCongestionCondition,EvenPaceStyle
-3.0,43.19999695,33.52499897,93.62020477,-0.900001526,-0.2374,0.0,1689.0,21.71999931,-0.0455,16.25572777,FullOfHolesCondition,LowCongestionCondition,EvenPaceStyle
-3.399993896,34.20000076,33.434999,92.8843406,-5.399997711,0.0463,19.6078434,806.5,6.269999981,-0.1736,15.95893192,FullOfHolesCondition,LowCongestionCondition,EvenPaceStyle
-3.400001526,27.89999962,33.19499901,92.01301839,-6.300001144,0.2232,32.94117737,777.0,5.96999979,-0.1692,15.78310299,FullOfHolesCondition,LowCongestionCondition,EvenPaceStyle
-3.0,22.5,32.86499902,92.43586542,-5.399999619,0.4061,36.07843018,796.5,6.190000057,-0.2228,15.7361536,FullOfHolesCondition,LowCongestionCondition,EvenPaceStyle
-3.700004578,16.19999886,32.41499906,95.12671373,-6.300001144,0.6553,36.86274719,800.0,6.329999924,-0.3474,15.80094719,FullOfHolesCondition,LowCongestionCondition,EvenPaceStyle
-1.900001526,2.699999809,30.58499912,124.5063729,-1.800000191,0.8748,38.03921509,798.0,6.329999924,-0.3829,16.10973549,FullOfHolesCondition,LowCongestionCondition,AggressiveStyle
-0.699996948,1.799999952,29.93999912,136.4607362,-0.899999857,0.8905,36.47058868,803.5,6.489999771,-0.4313,16.29353333,FullOfHolesCondition,LowCongestionCondition,AggressiveStyle
-0.299999237,60.29999924,50.26499844,68.63925749,-1.799999237,-0.3429,0.0,1778.0,23.36000061,0.1973,14.78601551,FullOfHolesCondition,LowCongestionCondition,EvenPaceStyle
-4.299999237,52.19999695,50.5799984,70.8900959,-2.700000763,0.9409,3.137254953,845.5,6.519999981,-0.3879,14.53647327,FullOfHolesCondition,LowCongestionCondition,EvenPaceStyle
-5.0,47.69999695,50.62499835,70.50088449,-4.5,0.8712,26.27450943,763.0,5.329999924,-0.4589,14.30569649,FullOfHolesCondition,LowCongestionCondition,EvenPaceStyle
-2.200000763,36.89999771,50.39999835,74.82202831,-1.800003052,1.4005,50.19607925,1523.0,19.23999977,-1.0233,14.08302402,FullOfHolesCondition,LowCongestionCondition,AggressiveStyle
0.200000763,39.59999847,50.09999835,79.45321498,2.700000763,1.3885,61.96078491,1610.5,16.61000061,-1.01,14.08647823,FullOfHolesCondition,LowCongestionCondition,AggressiveStyle
1.700000763,41.39999771,49.75499833,82.45776593,1.799999237,1.3169,61.56863022,1660.0,17.36000061,-0.9507,14.08980656,FullOfHolesCondition,LowCongestionCondition,AggressiveStyle
-0.299999237,42.29999924,49.1699983,83.25060516,-0.899997711,0.6286,56.86274719,1659.5,18.37999916,-1.0199,14.11603737,FullOfHolesCondition,LowCongestionCondition,EvenPaceStyle
-1.0,29.69999886,47.60999829,96.14836738,-2.699998856,1.0556,13.72549057,798.0,6.269999981,-1.4416,14.11282349,FullOfHolesCondition,LowCongestionCondition,EvenPaceStyle
-0.900001526,23.39999962,46.69499836,118.6743728,-3.600000381,1.1178,30.98039246,785.5,5.079999924,-1.3004,13.91685772,FullOfHolesCondition,LowCongestionCondition,EvenPaceStyle
-1.799999237,22.5,46.46999836,126.6061941,-0.899999619,0.8782,0.0,1322.0,16.27000046,-1.2244,13.94990635,FullOfHolesCondition,LowCongestionCondition,EvenPaceStyle
-2.200000763,21.59999847,45.92999837,145.0577191,0.899999619,0.7449,53.33333588,1376.0,12.82999992,-0.9238,13.99499321,FullOfHolesCondition,LowCongestionCondition,EvenPaceStyle
-3.399997711,17.10000038,44.36999849,185.9787311,-2.699998856,1.0609,15.68627453,935.0,14.60999966,-1.0701,14.09593868,FullOfHolesCondition,LowCongestionCondition,EvenPaceStyle
-3.799999237,11.69999981,43.73999848,203.2193735,-5.400000572,1.3027,30.98039246,799.0,6.519999981,-1.2607,14.10662651,FullOfHolesCondition,LowCongestionCondition,EvenPaceStyle
-3.799999237,3.599999905,42.22499851,251.7944293,-1.799999714,1.7486,32.15686417,787.0,5.610000134,-1.0198,14.13600445,FullOfHolesCondition,LowCongestionCondition,EvenPaceStyle
-3.400001526,2.699999809,41.45999854,276.9888599,-0.900000095,1.8187,74.11764526,785.5,5.130000114,-1.0483,14.14000797,FullOfHolesCondition,LowCongestionCondition,EvenPaceStyle
-1.299999237,10.79999924,40.25999852,316.6925861,8.099999428,1.0914,51.76470566,1019.5,11.77000046,-0.8322,14.16944504,FullOfHolesCondition,LowCongestionCondition,EvenPaceStyle
-1.700000763,15.29999924,38.57999853,361.602278,0.899999619,0.8175,93.33333588,990.5,10.07999992,-0.3101,14.16018009,FullOfHolesCondition,LowCongestionCondition,EvenPaceStyle
3.199996948,16.19999886,34.39499865,384.7387594,0.899999619,0.5718,68.62744904,1361.0,15.80000019,0.049,14.24342632,FullOfHolesCondition,LowCongestionCondition,EvenPaceStyle
2.800003052,23.39999962,32.95499869,362.5255398,7.200000763,0.2585,74.90196228,1862.0,25.98999977,0.2852,14.30987358,FullOfHolesCondition,LowCongestionCondition,EvenPaceStyle
3.0,33.29999924,31.84499878,324.96351,1.799999237,0.0362,3.137254953,816.0,23.37999916,0.6068,14.33492374,FullOfHolesCondition,LowCongestionCondition,EvenPaceStyle
2.799999237,34.20000076,30.79499891,286.1384315,0.900001526,0.2738,83.92156982,1540.5,20.29999924,0.621,14.34511757,FullOfHolesCondition,LowCongestionCondition,EvenPaceStyle
-1.199996948,37.79999924,29.6249989,237.4066344,-1.799999237,0.7909,0.0,1568.0,19.98999977,0.2401,14.3509922,FullOfHolesCondition,LowCongestionCondition,EvenPaceStyle
-1.200000763,28.79999924,28.1999989,186.4006597,-3.599998474,1.1385,2.745098114,1251.5,15.63000011,0.0017,14.40657043,FullOfHolesCondition,LowCongestionCondition,EvenPaceStyle
2.199996948,29.69999886,27.31499895,159.7985696,0.899999619,0.9921,93.33333588,1231.0,16.36000061,0.1531,14.54084587,FullOfHolesCondition,LowCongestionCondition,EvenPaceStyle
2.700000763,33.29999924,26.99999899,149.8088002,3.600000381,0.9877,85.49019623,1326.0,18.15999985,0.2186,14.57877922,FullOfHolesCondition,LowCongestionCondition,EvenPaceStyle
3.300003052,35.09999847,26.78999902,143.6134455,1.799999237,0.6944,78.4313736,1463.5,20.12999916,0.3413,14.58747387,FullOfHolesCondition,LowCongestionCondition,EvenPaceStyle
3.700000763,38.70000076,26.71499908,141.447727,3.600002289,0.9089,74.90196228,1557.5,19.98999977,0.2977,14.58654404,FullOfHolesCondition,LowCongestionCondition,EvenPaceStyle
4.199996948,43.19999695,26.74499913,142.1231858,4.499996185,1.1226,32.15686417,1756.0,22.82999992,0.1912,14.50784016,FullOfHolesCondition,LowCongestionCondition,EvenPaceStyle
4.799999237,42.29999924,26.83499916,144.4680677,-0.899997711,1.296,0.0,1684.5,22.12999916,0.0273,14.48416233,FullOfHolesCondition,LowCongestionCondition,EvenPaceStyle
0.400001526,35.09999847,26.74499919,142.4801366,-3.600002289,1.4794,24.70588303,760.0,5.409999847,-0.1309,14.33703518,FullOfHolesCondition,LowCongestionCondition,EvenPaceStyle
-0.200000763,29.69999886,26.54999921,138.9493153,-5.399999619,1.7615,31.76470566,771.5,5.190000057,-0.2836,14.22849464,FullOfHolesCondition,LowCongestionCondition,EvenPaceStyle
2.099998474,25.19999886,25.9799993,129.2558603,-1.800001144,1.5182,33.33333206,787.5,5.110000134,-0.407,14.12848186,FullOfHolesCondition,LowCongestionCondition,EvenPaceStyle
2.700000763,22.5,25.64999931,124.8360976,-2.699998856,1.4652,31.37254906,781.0,5.050000191,-0.4523,14.03587341,FullOfHolesCondition,LowCongestionCondition,EvenPaceStyle
3.200000763,21.59999847,25.3049993,120.2943774,-0.900001526,1.472,33.33333206,795.5,5.239999771,-0.3931,13.96087837,FullOfHolesCondition,LowCongestionCondition,EvenPaceStyle
2.100002289,20.69999886,24.62999933,111.6417946,-0.899999619,1.1663,76.47058868,1243.0,11.57999992,0.1156,13.92044258,FullOfHolesCondition,LowCongestionCondition,EvenPaceStyle
3.200000763,24.29999924,24.44999934,109.7527101,3.600000381,1.1735,71.37255096,1432.0,18.48999977,0.2813,13.93914795,FullOfHolesCondition,LowCongestionCondition,EvenPaceStyle
1.300003052,36.0,33.11999906,104.8551804,-4.5,1.3662,35.29411697,792.0,6.159999847,-0.9768,16.91437149,FullOfHolesCondition,LowCongestionCondition,EvenPaceStyle
0.200004578,33.29999924,33.40499903,102.88624,-1.799999237,1.5701,46.66666794,1362.0,17.04999924,-1.0303,16.71735382,FullOfHolesCondition,LowCongestionCondition,EvenPaceStyle
-1.0,35.09999847,33.70499903,100.5340365,1.799999237,1.8519,51.76470566,1393.5,14.97000027,-0.9783,16.67809486,FullOfHolesCondition,LowCongestionCondition,EvenPaceStyle
-0.899993896,36.89999771,33.95999902,99.53023104,1.799999237,1.6995,72.15686035,1481.0,19.79999924,-1.0975,16.6645565,FullOfHolesCondition,LowCongestionCondition,EvenPaceStyle
-1.299995422,38.70000076,34.07999903,99.79382462,1.800003052,1.5892,72.54901886,1568.0,20.48999977,-1.0341,16.67260551,FullOfHolesCondition,LowCongestionCondition,EvenPaceStyle
-2.800003052,40.5,34.22999903,100.3567063,1.799999237,1.6301,69.41176605,1661.5,21.57999992,-1.0011,16.68060875,FullOfHolesCondition,LowCongestionCondition,EvenPaceStyle
-2.299999237,45.0,34.52999897,103.5417907,1.800003052,1.7742,63.92156982,1828.5,22.40999985,-0.988,16.67865181,FullOfHolesCondition,LowCongestionCondition,EvenPaceStyle
-1.800003052,45.89999771,34.66499894,105.5331546,0.899997711,1.6993,56.47058868,1891.0,22.94000053,-1.0313,16.67740059,FullOfHolesCondition,LowCongestionCondition,EvenPaceStyle
-1.900001526,47.69999695,34.81499888,108.1141705,1.799999237,1.6913,57.64706039,1952.0,19.73999977,-0.9732,16.653965,FullOfHolesCondition,LowCongestionCondition,EvenPaceStyle
0.300003052,51.29999924,35.9699988,123.1739907,2.700000763,1.4241,18.4313736,1495.0,17.46999931,-0.5748,16.46998405,FullOfHolesCondition,LowCongestionCondition,EvenPaceStyle
0.800003052,50.39999771,36.31499879,125.9158631,-0.900001526,1.1948,0.0,1454.0,19.48999977,-0.5704,16.43903923,FullOfHolesCondition,LowCongestionCondition,EvenPaceStyle
-0.5,42.29999924,38.60999877,99.99243334,-4.5,1.4332,7.450980663,1201.5,12.38000011,-0.9721,16.24475288,FullOfHolesCondition,LowCongestionCondition,EvenPaceStyle
-0.499996185,40.5,39.05999877,89.16040057,-1.799999237,1.4164,58.8235321,1167.0,9.829999924,-0.9737,16.14477539,FullOfHolesCondition,LowCongestionCondition,EvenPaceStyle
-1.400001526,39.59999847,39.76499879,73.51756191,0.899997711,1.5755,78.8235321,1195.0,15.35999966,-0.8533,16.09074783,FullOfHolesCondition,LowCongestionCondition,EvenPaceStyle
-0.999996185,41.39999771,40.36499875,63.06535877,1.799999237,1.717,85.49019623,1282.0,17.12999916,-0.7364,16.04458046,FullOfHolesCondition,LowCongestionCondition,EvenPaceStyle
-0.5,45.0,41.02499873,54.34664751,1.800003052,1.6011,72.94117737,1389.5,18.11000061,-0.6945,15.99803448,FullOfHolesCondition,LowCongestionCondition,EvenPaceStyle
-0.799999237,48.59999847,41.41499872,50.91993565,3.599998474,1.6698,69.80392456,1429.5,17.62999916,-0.6777,15.96648788,FullOfHolesCondition,LowCongestionCondition,EvenPaceStyle
-1.5,41.39999771,43.31999865,32.4677249,-1.799999237,1.5944,6.666666985,1165.0,13.55000019,-1.1919,15.79887867,FullOfHolesCondition,LowCongestionCondition,EvenPaceStyle
-0.900001526,45.0,43.91999861,23.5256921,5.400001526,0.8779,89.01960754,1279.0,17.44000053,-0.7604,15.65654755,FullOfHolesCondition,LowCongestionCondition,EvenPaceStyle
-0.700000763,47.69999695,44.06999855,23.28314992,2.699996948,0.8448,82.74510193,1384.0,19.69000053,-0.6599,15.64691925,FullOfHolesCondition,LowCongestionCondition,EvenPaceStyle
-1.299999237,43.19999695,44.09999854,23.17423463,-4.5,0.8104,79.60784149,1475.0,21.86000061,-0.5302,15.64148235,FullOfHolesCondition,LowCongestionCondition,EvenPaceStyle
-1.599998474,53.09999847,44.24999854,24.52423462,9.900001526,0.7626,78.03921509,1541.0,23.27000046,-0.5303,15.6364069,FullOfHolesCondition,LowCongestionCondition,EvenPaceStyle
-2.0,55.79999924,44.39999854,26.65220093,2.700000763,0.6615,75.29412079,1621.0,25.36000061,-0.5442,15.63586235,FullOfHolesCondition,LowCongestionCondition,EvenPaceStyle
-3.100002289,62.09999847,45.16499863,41.91383816,1.799999237,0.4819,67.45098114,1890.0,22.61000061,-0.7456,15.58277225,FullOfHolesCondition,LowCongestionCondition,EvenPaceStyle
-2.899997711,64.79999542,45.40499859,47.92522604,2.699996948,0.5169,26.66666794,1912.0,26.21999931,-0.7634,15.56978607,FullOfHolesCondition,LowCongestionCondition,EvenPaceStyle
-3.0,63.89999771,45.62999859,53.2485731,-0.899997711,0.4357,0.0,1866.0,25.07999992,-0.7887,15.55407715,FullOfHolesCondition,LowCongestionCondition,EvenPaceStyle
-2.0,62.09999847,46.07999859,62.35077708,-0.900001526,0.5268,39.2156868,1853.5,19.11000061,-0.7058,15.45918751,FullOfHolesCondition,LowCongestionCondition,EvenPaceStyle
-1.399997711,61.19999695,46.58999856,70.30158974,-0.900001526,1.0138,0.0,1774.5,23.61000061,-0.362,15.42978668,FullOfHolesCondition,LowCongestionCondition,EvenPaceStyle
-0.5,46.79999924,48.74999854,60.68592983,-2.700000763,1.0555,25.09803963,818.5,6.239999771,-1.1148,15.11892986,FullOfHolesCondition,LowCongestionCondition,EvenPaceStyle
-0.400001526,40.5,49.00499859,56.29980187,-6.299999237,1.0855,30.98039246,787.0,5.71999979,-1.3498,14.74631023,FullOfHolesCondition,LowCongestionCondition,EvenPaceStyle
-0.200000763,36.89999771,48.97499854,56.98258265,-3.600002289,1.0694,31.37254906,789.0,5.800000191,-1.4687,14.60757637,FullOfHolesCondition,LowCongestionCondition,EvenPaceStyle
-1.599998474,31.5,48.6749986,63.98427573,-2.700000763,1.0062,29.01960754,976.5,13.97000027,-1.6426,14.48239994,FullOfHolesCondition,LowCongestionCondition,AggressiveStyle
-2.200000763,30.59999847,48.43499858,69.23417428,-0.900001526,0.9296,0.0,1308.0,15.48999977,-1.5809,14.49153709,FullOfHolesCondition,LowCongestionCondition,AggressiveStyle
-3.099998474,33.29999924,48.2249986,72.96291964,2.700000763,0.7855,75.6862793,1340.0,17.21999931,-1.5304,14.43857002,FullOfHolesCondition,LowCongestionCondition,AggressiveStyle
-2.599998474,35.09999847,48.01499863,75.83315696,1.799999237,0.9032,71.37255096,1434.0,17.37999916,-1.4889,14.38256168,FullOfHolesCondition,LowCongestionCondition,AggressiveStyle
-2.199996948,37.79999924,47.84999866,77.57236861,2.700000763,0.8419,72.94117737,1530.0,20.11000061,-1.3567,14.33722591,FullOfHolesCondition,LowCongestionCondition,EvenPaceStyle
-2.0,39.59999847,47.71499869,78.7070551,1.799999237,0.4383,69.80392456,1615.0,20.65999985,-1.4576,14.28535366,FullOfHolesCondition,LowCongestionCondition,EvenPaceStyle
-1.399997711,42.29999924,47.6099987,79.17955501,2.700000763,0.2607,71.37255096,1698.5,21.86000061,-1.4302,14.23239136,FullOfHolesCondition,LowCongestionCondition,EvenPaceStyle
-1.5,44.09999847,47.5349987,79.3660381,1.799999237,-0.0153,69.80392456,1813.5,22.48999977,-1.461,14.24380112,FullOfHolesCondition,LowCongestionCondition,EvenPaceStyle
1.400001526,45.0,47.26499869,79.28366528,0.900001526,0.2538,52.15686417,1844.5,20.54999924,-0.9269,14.20631886,FullOfHolesCondition,LowCongestionCondition,AggressiveStyle
0.200000763,45.89999771,47.24999866,79.31135178,0.899997711,0.2685,0.0,1798.0,24.02000046,-0.8289,14.16660023,FullOfHolesCondition,LowCongestionCondition,AggressiveStyle
0.5,39.59999847,47.30999858,78.37413258,-4.5,0.5641,53.33333588,1644.0,16.98999977,-0.7488,14.04918766,FullOfHolesCondition,LowCongestionCondition,EvenPaceStyle
-2.0,12.59999943,16.81499956,200.3992541,1.800000191,1.9386,91.76470947,771.0,7.989999771,-1.1252,20.24401665,SmoothCondition,LowCongestionCondition,EvenPaceStyle
-2.200004578,15.29999924,17.06999954,195.5797544,2.699999809,1.8696,96.07843018,928.5,12.48999977,-0.9915,20.3774662,SmoothCondition,LowCongestionCondition,EvenPaceStyle
-2.5,19.79999924,17.39999953,190.6566021,4.5,1.7257,83.92156982,1190.5,16.07999992,-0.9474,20.49140549,SmoothCondition,LowCongestionCondition,EvenPaceStyle
-3.5,25.19999886,17.81999951,186.3768734,5.399999619,1.6335,74.90196228,1492.5,21.32999992,-0.9092,20.62852097,SmoothCondition,LowCongestionCondition,EvenPaceStyle
-3.600006104,28.79999924,18.2999995,182.8037211,3.600000381,1.7153,20.0,1760.0,26.54999924,-0.8747,20.76804924,SmoothCondition,LowCongestionCondition,EvenPaceStyle
-4.199996948,30.59999847,18.80999947,179.4273481,1.799999237,1.7822,24.31372643,1668.5,14.05000019,-0.8269,20.63316536,SmoothCondition,LowCongestionCondition,EvenPaceStyle
-2.800003052,29.69999886,19.78499943,171.9256956,-0.899999619,1.5441,32.94117737,1195.5,15.10999966,-0.9137,19.83766174,SmoothCondition,LowCongestionCondition,EvenPaceStyle
-2.300003052,31.5,20.26499943,169.0701028,1.800001144,1.1216,88.23529816,1291.0,17.62999916,-0.9984,19.80597115,SmoothCondition,LowCongestionCondition,EvenPaceStyle
-1.699996948,35.09999847,20.80499941,167.2743738,3.599998474,1.085,80.78431702,1415.0,20.40999985,-0.905,19.79668236,SmoothCondition,LowCongestionCondition,EvenPaceStyle
-1.5,36.89999771,21.37499938,165.7788477,1.799999237,0.9923,73.33333588,1530.0,19.36000061,-0.8649,19.74706268,SmoothCondition,LowCongestionCondition,EvenPaceStyle
-0.400001526,41.39999771,22.64999932,164.1462621,1.799999237,0.8815,66.27451324,1679.5,21.48999977,-0.7388,19.65109634,SmoothCondition,LowCongestionCondition,EvenPaceStyle
1.0,44.09999847,24.04499924,162.3869135,0.900001526,0.6769,29.01960754,1782.5,23.69000053,-0.4778,19.57595062,SmoothCondition,LowCongestionCondition,EvenPaceStyle
0.5,42.29999924,24.74999923,157.7303294,-1.799999237,0.5512,0.0,1699.5,22.73999977,-0.3736,19.55497742,SmoothCondition,LowCongestionCondition,EvenPaceStyle
-0.800003052,24.29999924,27.73499913,126.1263739,-12.59999847,0.9694,39.60784531,822.5,6.769999981,-0.8621,18.68956947,SmoothCondition,LowCongestionCondition,EvenPaceStyle
-0.900001526,17.10000038,27.91499915,121.5684075,-1.799999237,1.2546,0.0,823.0,6.579999924,-1.1962,18.36141968,SmoothCondition,LowCongestionCondition,EvenPaceStyle
-0.099998474,21.59999847,28.12499914,116.6846112,4.499998093,1.0738,70.98039246,1295.0,17.61000061,-1.0756,18.53844452,SmoothCondition,LowCongestionCondition,EvenPaceStyle
-0.600006104,25.19999886,28.31999912,113.1656879,3.600000381,1.0455,44.70588303,1565.5,21.21999931,-0.9598,18.62641716,SmoothCondition,LowCongestionCondition,EvenPaceStyle
-0.800003052,27.89999962,28.57499913,108.9141033,2.700000763,1.2321,0.0,1727.0,20.73999977,-1.0848,18.69487,SmoothCondition,LowCongestionCondition,EvenPaceStyle
-0.200004578,26.09999847,29.5049991,88.91030799,1.799999237,1.2911,60.39215851,1742.5,21.61000061,-1.3792,19.00379562,FullOfHolesCondition,LowCongestionCondition,EvenPaceStyle
-2.299995422,30.59999847,29.98499905,80.68400376,4.5,1.3426,24.31372643,840.0,11.18999958,-1.3527,18.89255714,FullOfHolesCondition,LowCongestionCondition,EvenPaceStyle
-3.5,31.5,30.26999906,76.52348715,0.900001526,1.2765,81.96078491,1308.5,17.44000053,-1.2924,18.88135719,FullOfHolesCondition,LowCongestionCondition,EvenPaceStyle
-2.099998474,34.20000076,30.52499911,75.873428,2.700000763,1.1239,66.27451324,1504.5,18.23999977,-1.0987,18.82952499,FullOfHolesCondition,LowCongestionCondition,EvenPaceStyle
-2.900001526,36.0,30.65999912,76.2461655,1.799999237,1.1177,50.98039246,1560.0,17.04999924,-1.0355,18.76890564,FullOfHolesCondition,LowCongestionCondition,EvenPaceStyle
-1.299995422,36.0,31.16999915,78.96721666,-0.899997711,0.7916,33.33333206,1460.5,15.98999977,-0.7913,18.63497162,FullOfHolesCondition,LowCongestionCondition,EvenPaceStyle
0.599998474,32.39999771,31.1399991,78.83633507,-0.900001526,0.9847,20.0,1323.5,16.90999985,-0.7827,18.58150482,FullOfHolesCondition,LowCongestionCondition,EvenPaceStyle
-0.200004578,29.69999886,31.03499908,78.45993663,-2.699998856,1.2887,35.68627548,817.5,7.159999847,-0.9083,18.30639839,FullOfHolesCondition,LowCongestionCondition,EvenPaceStyle
-1.200004578,20.69999886,30.53999907,77.23464014,-9.0,1.5016,38.82352829,801.0,6.409999847,-1.1017,17.90324974,FullOfHolesCondition,LowCongestionCondition,EvenPaceStyle
0.099998474,16.19999886,28.34999911,84.88524929,2.699998856,1.3267,98.8235321,1005.0,13.98999977,-1.0722,17.89716339,FullOfHolesCondition,LowCongestionCondition,EvenPaceStyle
0.5,19.79999924,28.06499914,84.80264797,3.600000381,1.2879,66.66666412,1261.0,14.82999992,-1.1289,17.94673347,FullOfHolesCondition,LowCongestionCondition,EvenPaceStyle
0.700004578,21.59999847,27.86999912,85.00789386,1.799999237,1.2569,58.4313736,1391.0,15.65999985,-1.1617,17.99001312,FullOfHolesCondition,LowCongestionCondition,EvenPaceStyle
0.300003052,23.39999962,27.79499912,85.34081751,1.800001144,1.385,39.2156868,1483.5,18.82999992,-1.2427,18.05066872,FullOfHolesCondition,LowCongestionCondition,EvenPaceStyle
-0.099998474,25.19999886,28.00499913,82.23810558,1.799999237,1.3671,48.23529434,1633.0,17.73999977,-1.24,18.14377403,FullOfHolesCondition,LowCongestionCondition,EvenPaceStyle
-2.0,28.79999924,28.96499914,65.19790279,1.799999237,1.1841,49.41176605,1808.5,18.54999924,-0.8869,18.24520683,FullOfHolesCondition,LowCongestionCondition,EvenPaceStyle
-1.300003052,29.69999886,29.24999911,63.5506739,-0.899999619,0.7819,82.74510193,1179.0,13.27000046,-0.8396,18.10101318,FullOfHolesCondition,LowCongestionCondition,AggressiveStyle
0.199996948,33.29999924,29.2649991,63.74264843,4.5,0.634,76.47058868,1339.5,17.77000046,-0.6436,18.09799767,FullOfHolesCondition,LowCongestionCondition,AggressiveStyle
0.300003052,36.0,29.27999913,63.93416571,2.700000763,0.6557,74.11764526,1440.5,20.37999916,-0.5496,18.10774612,FullOfHolesCondition,LowCongestionCondition,EvenPaceStyle
0.900001526,41.39999771,29.33999917,65.1349798,2.699996948,0.5665,70.98039246,1671.5,23.40999985,-0.4656,18.11886978,FullOfHolesCondition,LowCongestionCondition,EvenPaceStyle
1.200000763,44.09999847,29.38499918,66.36027666,2.700000763,0.6964,71.76470947,1768.5,23.94000053,-0.4283,18.12146759,FullOfHolesCondition,LowCongestionCondition,EvenPaceStyle
1.299995422,48.59999847,29.51999922,70.8351844,1.799999237,0.9305,62.74509811,1772.0,19.90999985,-0.3688,18.06408119,FullOfHolesCondition,LowCongestionCondition,EvenPaceStyle
1.300003052,47.69999695,29.60999918,73.66057283,-0.900001526,0.8806,27.84313774,1494.0,14.60999966,-0.3394,17.95005608,FullOfHolesCondition,LowCongestionCondition,EvenPaceStyle
0.900001526,48.59999847,29.74499915,77.74420767,0.900001526,0.8703,82.35294342,1451.0,20.79999924,-0.3485,17.90860558,FullOfHolesCondition,LowCongestionCondition,EvenPaceStyle
0.300003052,50.39999771,29.9399991,83.57735026,1.799999237,0.8279,72.15686035,1514.5,19.07999992,-0.4121,17.84277725,FullOfHolesCondition,LowCongestionCondition,EvenPaceStyle
0.299995422,44.09999847,32.39999905,105.8766044,-1.799999237,0.8163,1.568627477,1248.5,16.90999985,-0.8357,17.51121712,FullOfHolesCondition,LowCongestionCondition,EvenPaceStyle
2.0,40.5,32.98499905,105.1579006,-0.899997711,1.2708,34.50980377,815.5,6.46999979,-0.9134,17.17896843,FullOfHolesCondition,LowCongestionCondition,EvenPaceStyle
-1.900001526,36.0,46.99499852,200.3333487,-4.5,1.8453,31.37254906,757.0,3.940000057,-0.7428,8.10436821,UnevenCondition,NormalCongestionCondition,EvenPaceStyle
-1.0,34.20000076,46.48499861,197.4704344,-1.799999237,1.8602,30.58823586,751.5,4.079999924,-0.7063,8.05917263,UnevenCondition,NormalCongestionCondition,AggressiveStyle
-2.0,32.39999771,45.34499871,197.2855536,-1.800003052,1.8571,15.68627453,1170.0,14.73999977,-0.6948,7.981762409,UnevenCondition,NormalCongestionCondition,AggressiveStyle
-1.099998474,31.5,45.14999876,200.4177817,-0.899997711,1.7427,0.0,1287.0,10.52000046,-0.668,7.986907959,UnevenCondition,NormalCongestionCondition,AggressiveStyle
-0.800003052,32.39999771,44.96999877,203.0756803,0.899997711,1.778,76.07843018,1318.5,13.55000019,-0.7047,7.997498512,UnevenCondition,NormalCongestionCondition,AggressiveStyle
0.700004578,33.29999924,44.93999879,203.7319173,0.900001526,1.8489,20.7843132,1328.0,15.97000027,-0.7459,8.011813164,UnevenCondition,NormalCongestionCondition,AggressiveStyle
-0.400001526,27.0,44.74499884,208.8177549,-6.299999237,2.0383,10.58823586,1006.0,6.380000114,-1.0137,8.045967102,UnevenCondition,NormalCongestionCondition,AggressiveStyle
-0.900001526,23.39999962,44.09999886,226.2233729,-1.799999237,2.1088,94.50980377,1260.5,11.02000046,-0.8385,8.063250542,UnevenCondition,NormalCongestionCondition,EvenPaceStyle
-1.199996948,22.5,43.81499888,233.7053466,-0.899999619,1.6895,77.2549057,1558.5,16.36000061,-0.8,8.086603165,UnevenCondition,NormalCongestionCondition,EvenPaceStyle
-3.300003052,31.5,43.25999896,244.643777,4.5,1.3087,1.960784316,1867.5,19.48999977,-0.5298,8.155646324,UnevenCondition,NormalCongestionCondition,EvenPaceStyle
-2.5,34.20000076,43.27499898,244.2710391,2.700000763,1.0365,78.03921509,1338.0,17.44000053,-0.4056,8.183657646,UnevenCondition,NormalCongestionCondition,EvenPaceStyle
-2.0,35.09999847,43.34999898,242.6750644,0.899997711,0.9896,44.31372452,1468.0,17.19000053,-0.4815,8.198506355,UnevenCondition,NormalCongestionCondition,EvenPaceStyle
-1.5,37.79999924,43.51499898,239.1236495,2.700000763,1.0595,0.0,1545.5,18.61000061,-0.5434,8.217133522,UnevenCondition,NormalCongestionCondition,EvenPaceStyle
-1.599998474,32.39999771,44.12999894,223.3394055,-1.800003052,0.965,83.52941132,1381.0,16.32999992,-0.4137,8.301950455,UnevenCondition,LowCongestionCondition,EvenPaceStyle
-2.5,35.09999847,44.24999892,220.2421857,2.700000763,1.2888,78.4313736,1509.0,17.29999924,-0.3641,8.319602013,UnevenCondition,LowCongestionCondition,EvenPaceStyle
-1.5,40.5,44.42999894,216.8594059,5.400001526,0.5452,76.07843018,1615.0,18.52000046,0.0417,8.337049484,UnevenCondition,LowCongestionCondition,EvenPaceStyle
-1.299995422,42.29999924,44.63999894,213.2139482,1.799999237,0.1817,74.50980377,1711.0,19.65999985,0.2406,8.353596687,UnevenCondition,LowCongestionCondition,EvenPaceStyle
-2.199996948,45.0,44.89499896,209.3669057,2.700000763,0.0951,70.98039246,1825.0,19.94000053,0.4878,8.369866371,UnevenCondition,LowCongestionCondition,EvenPaceStyle
-2.400001526,46.79999924,44.93999898,209.415643,1.799999237,0.004,54.50980377,1886.5,18.23999977,0.4599,8.382807732,UnevenCondition,LowCongestionCondition,EvenPaceStyle
-2.599998474,45.89999771,44.89499896,209.20216,-0.900001526,-0.0558,23.13725471,1868.5,21.46999931,0.5443,8.399273872,UnevenCondition,LowCongestionCondition,EvenPaceStyle
-3.0,47.69999695,44.87999894,209.102626,1.799999237,-0.0071,65.88235474,1949.5,20.11000061,0.5088,8.413689613,UnevenCondition,LowCongestionCondition,EvenPaceStyle
-1.0,45.89999771,44.44499909,202.5299585,-0.900001526,0.3474,32.54901886,1864.5,24.11000061,0.4064,8.502081871,UnevenCondition,LowCongestionCondition,EvenPaceStyle
0.0,45.0,44.11499917,195.4019611,-0.899997711,0.3243,21.17647171,1826.0,15.97000027,0.4812,8.512613297,UnevenCondition,LowCongestionCondition,EvenPaceStyle
1.399993896,44.09999847,43.73999917,186.6898854,-0.900001526,0.4783,0.0,1765.5,22.07999992,0.4778,8.532029152,UnevenCondition,LowCongestionCondition,EvenPaceStyle
2.900001526,39.59999847,41.95499913,143.3587751,-1.799999237,0.425,7.450980663,1620.0,16.27000046,0.5178,8.593784332,UnevenCondition,LowCongestionCondition,EvenPaceStyle
2.900001526,40.5,41.09999921,123.632533,0.900001526,-0.0476,25.09803963,1616.5,19.61000061,0.4974,8.624254227,UnevenCondition,LowCongestionCondition,EvenPaceStyle
2.399993896,39.59999847,40.64999921,112.4435506,-0.900001526,0.6571,0.0,1585.5,19.19000053,0.1196,8.644274712,UnevenCondition,LowCongestionCondition,EvenPaceStyle
3.0,21.59999847,36.47999932,52.09993005,-5.400001526,1.4866,30.58823586,1074.5,4.409999847,-0.7108,8.711553574,UnevenCondition,LowCongestionCondition,EvenPaceStyle
2.900001526,18.89999962,36.11999931,56.93247215,-2.699998856,1.1205,67.84313965,1244.0,12.22000027,-0.6468,8.736010551,UnevenCondition,LowCongestionCondition,EvenPaceStyle
2.199996948,25.19999886,35.59499928,62.86217562,5.399999619,0.8185,67.84313965,1544.0,17.94000053,-0.4682,8.790081024,UnevenCondition,LowCongestionCondition,EvenPaceStyle
2.400001526,28.79999924,35.50499926,63.60353162,3.600000381,0.7325,0.0,1869.0,19.94000053,-0.4531,8.813045502,UnevenCondition,LowCongestionCondition,EvenPaceStyle
2.700004578,30.59999847,35.44499922,63.97878605,1.799999237,0.7413,58.03921509,1074.0,10.55000019,-0.4193,8.818484306,UnevenCondition,LowCongestionCondition,EvenPaceStyle
2.300003052,33.29999924,35.39999921,64.26915049,2.700000763,0.365,71.76470947,1380.5,15.72000027,-0.3335,8.852365494,UnevenCondition,LowCongestionCondition,EvenPaceStyle
0.799995422,41.39999771,35.71499923,64.48400625,2.699996948,0.1686,65.88235474,1694.0,16.52000046,-0.1435,8.879235268,UnevenCondition,LowCongestionCondition,EvenPaceStyle
0.599998474,42.29999924,35.86499923,65.09722659,0.900001526,0.0573,20.0,1671.0,21.07999992,-0.1247,8.894081116,UnevenCondition,LowCongestionCondition,EvenPaceStyle
1.400001526,41.39999771,35.99999921,65.48643818,-0.900001526,-0.0104,0.0,1654.0,20.65999985,-0.1382,8.903967857,UnevenCondition,LowCongestionCondition,EvenPaceStyle
0.799995422,39.59999847,36.4649992,62.47959935,-0.900001526,0.112,21.56862831,1600.5,14.05000019,-0.1425,8.91991806,UnevenCondition,LowCongestionCondition,EvenPaceStyle
0.900001526,40.5,36.9899992,57.59786214,0.900001526,0.1683,43.13725662,1662.5,13.65999985,-0.0308,8.924815178,UnevenCondition,LowCongestionCondition,EvenPaceStyle
0.699996948,41.39999771,37.52999916,52.58959154,0.899997711,0.2036,0.0,1650.0,20.61000061,0.0926,8.958333015,UnevenCondition,LowCongestionCondition,EvenPaceStyle
1.200004578,40.5,37.75499916,50.80827836,-0.899997711,0.2199,45.49019623,1657.5,14.07999992,0.1813,8.962948799,UnevenCondition,LowCongestionCondition,EvenPaceStyle
0.099998474,40.5,38.15999908,49.51159239,-0.899997711,0.5626,0.0,1630.5,20.62999916,-0.0053,8.999573708,UnevenCondition,LowCongestionCondition,EvenPaceStyle
-0.099998474,39.59999847,38.23499908,49.38231264,-0.900001526,0.5053,48.23529434,1639.5,16.40999985,-0.1112,9.028538704,UnevenCondition,LowCongestionCondition,EvenPaceStyle
0.099998474,42.29999924,38.38499908,49.77587177,0.900001526,0.4437,54.90196228,1692.5,15.38000011,-0.2017,9.074584961,UnevenCondition,LowCongestionCondition,EvenPaceStyle
-0.300003052,36.89999771,25.13999932,174.4071787,1.799999237,1.0161,25.09803963,1498.0,15.63000011,-0.0456,12.1132803,UnevenCondition,LowCongestionCondition,EvenPaceStyle
-1.400001526,37.79999924,25.24499931,176.4269158,0.900001526,1.0085,0.0,1505.5,17.94000053,-0.059,12.277421,UnevenCondition,LowCongestionCondition,EvenPaceStyle
-1.400001526,29.69999886,27.56999917,152.7733149,-0.899999619,1.2401,11.37254906,830.5,6.239999771,-0.5948,13.11950779,UnevenCondition,LowCongestionCondition,EvenPaceStyle
-1.0,25.19999886,27.98999915,139.8059937,-4.5,1.0349,28.62745094,750.0,4.860000134,-0.7662,13.17374611,UnevenCondition,LowCongestionCondition,EvenPaceStyle
0.0,19.79999924,28.31999914,127.553486,-5.399999619,1.1113,29.41176605,747.5,4.380000114,-0.7363,13.23204041,UnevenCondition,LowCongestionCondition,EvenPaceStyle
-0.599998474,18.89999962,28.63499913,115.3629867,-0.899999619,1.1394,31.76470566,765.0,4.159999847,-0.725,13.25822926,UnevenCondition,LowCongestionCondition,EvenPaceStyle
-0.400001526,13.5,29.77499913,67.8008871,-3.600000381,1.2348,31.37254906,746.5,4.300000191,-0.8206,13.09245586,UnevenCondition,LowCongestionCondition,EvenPaceStyle
-1.5,9.899999619,29.75999912,67.95396374,-0.899999619,1.12,71.76470947,754.0,3.970000029,-0.8253,13.06820297,UnevenCondition,LowCongestionCondition,EvenPaceStyle
0.5,10.79999924,29.66999912,70.92213304,0.899999619,1.0,91.76470947,900.5,5.21999979,-0.7632,13.06860828,UnevenCondition,LowCongestionCondition,EvenPaceStyle
0.699996948,14.39999962,29.63999914,71.79803096,3.600000381,0.9602,69.01960754,1128.0,10.88000011,-0.7995,13.11553288,UnevenCondition,LowCongestionCondition,EvenPaceStyle
2.700004578,23.39999962,29.59499915,72.90251351,5.399999619,0.7897,72.94117737,1514.5,15.82999992,-0.5753,13.17282677,UnevenCondition,LowCongestionCondition,EvenPaceStyle
2.100006104,27.0,29.62499917,72.6883439,3.600000381,0.8148,52.94117737,1790.0,20.86000061,-0.5062,13.20222759,UnevenCondition,LowCongestionCondition,EvenPaceStyle
1.800003052,30.59999847,29.71499917,72.36434383,3.599998474,1.0499,8.627450943,1833.0,18.87999916,-0.5358,13.22720337,UnevenCondition,LowCongestionCondition,EvenPaceStyle
2.400001526,31.5,29.81999919,72.06162349,0.900001526,0.8643,81.17647552,966.5,12.98999977,-0.4387,13.23420906,UnevenCondition,LowCongestionCondition,EvenPaceStyle
0.800003052,27.0,30.14999917,72.63914886,-5.399997711,1.2696,21.96078491,790.5,5.550000191,-0.6082,13.33941936,UnevenCondition,LowCongestionCondition,EvenPaceStyle
0.599998474,18.89999962,29.95499919,74.74217414,-8.100000381,1.356,29.80392265,756.5,4.690000057,-0.6787,13.35714626,UnevenCondition,LowCongestionCondition,EvenPaceStyle
1.5,12.59999943,29.65499921,79.7486147,-6.300000191,1.323,31.37254906,750.0,4.130000114,-0.6432,13.39498997,UnevenCondition,LowCongestionCondition,EvenPaceStyle
1.5,12.59999943,28.09499922,100.7445459,2.699999809,1.2567,71.37255096,899.5,7.239999771,-0.3852,13.46586895,UnevenCondition,LowCongestionCondition,EvenPaceStyle
0.299995422,19.79999924,27.16499923,103.8582409,4.5,1.3067,36.86274719,1301.0,9.079999924,-0.3793,13.49791718,UnevenCondition,LowCongestionCondition,EvenPaceStyle
0.400001526,20.69999886,26.95499922,103.8838681,0.899999619,1.5954,0.0,1235.5,15.22000027,-0.4876,13.53547668,UnevenCondition,LowCongestionCondition,EvenPaceStyle
0.0,18.89999962,26.72999926,104.4295887,-1.799999237,1.5823,5.09803915,1073.0,14.40999985,-0.6144,13.61571217,UnevenCondition,LowCongestionCondition,EvenPaceStyle
-1.0,16.19999886,26.26499929,106.3294281,-2.700000763,1.5929,67.84313965,1035.5,8.079999924,-0.6153,13.94245529,UnevenCondition,LowCongestionCondition,EvenPaceStyle
-1.099998474,18.0,26.05499932,107.1238687,1.800001144,1.4169,53.72549057,1151.5,9.050000191,-0.6183,14.14024925,UnevenCondition,LowCongestionCondition,EvenPaceStyle
-0.800003052,19.79999924,25.82999932,106.8458603,1.799999237,1.5613,48.62745285,1257.0,9.550000191,-0.6717,14.33126736,UnevenCondition,LowCongestionCondition,EvenPaceStyle
-1.399993896,22.5,25.39499935,104.1218356,0.900001526,1.3964,0.0,1430.5,16.65999985,-0.757,14.74453735,UnevenCondition,LowCongestionCondition,EvenPaceStyle
-2.400001526,20.69999886,24.40499935,90.77742947,-0.899999619,1.1072,13.72549057,1346.5,10.55000019,-0.4387,14.84369755,UnevenCondition,LowCongestionCondition,EvenPaceStyle
-3.300003052,21.59999847,24.05999934,85.3620991,0.899999619,1.0348,34.11764908,1366.0,15.98999977,-0.3515,14.86880684,UnevenCondition,LowCongestionCondition,EvenPaceStyle
-1.599998474,14.39999962,22.13999929,66.45294433,-2.700000763,1.2183,34.11764908,750.5,4.329999924,-0.5969,14.82606792,UnevenCondition,LowCongestionCondition,EvenPaceStyle
-2.5,10.79999924,21.73499931,65.6189193,-3.600000381,1.402,33.72549057,759.0,4.269999981,-0.7363,14.80597687,UnevenCondition,LowCongestionCondition,EvenPaceStyle
1.600006104,4.5,13.93499959,116.6534939,4.5,0.8187,89.41176605,743.5,10.68999958,-0.3404,15.03627777,UnevenCondition,LowCongestionCondition,EvenPaceStyle
1.700004578,8.099999428,13.75499959,116.7797991,3.599999428,0.9102,67.84313965,1600.5,17.21999931,-0.3922,15.078372,UnevenCondition,LowCongestionCondition,EvenPaceStyle
0.099998474,22.5,12.67499958,101.7934263,9.900000572,0.7791,14.90196133,1440.5,11.57999992,-0.2661,15.14662457,UnevenCondition,LowCongestionCondition,EvenPaceStyle
-3.600006104,42.29999924,38.78999894,49.96464295,-0.899997711,1.078,24.31372643,1719.5,21.94000053,-0.5442,9.160415649,UnevenCondition,LowCongestionCondition,EvenPaceStyle
-1.599998474,43.19999695,38.96999893,49.56925255,0.899997711,1.1192,52.15686417,1685.5,16.29999924,-0.6201,9.189580917,UnevenCondition,LowCongestionCondition,EvenPaceStyle
-2.299995422,38.70000076,38.81999893,47.32230305,-0.899997711,0.9855,48.62745285,1569.0,14.27000046,-0.593,9.38377285,UnevenCondition,LowCongestionCondition,EvenPaceStyle
-1.400001526,36.0,38.62499898,46.08190526,-2.700000763,0.8918,56.86274719,1631.5,15.43999958,-0.5559,9.409653664,UnevenCondition,LowCongestionCondition,EvenPaceStyle
-2.199996948,36.89999771,38.41499894,44.08298969,0.899997711,0.9535,54.90196228,1672.5,18.86000061,-0.5155,9.423067093,UnevenCondition,LowCongestionCondition,EvenPaceStyle
-4.100006104,41.39999771,38.27999891,42.13281119,4.5,0.8525,0.0,1662.5,20.87999916,-0.5479,9.439764977,UnevenCondition,LowCongestionCondition,EvenPaceStyle
1.400001526,36.89999771,37.52999891,34.87942086,-0.900001526,1.7771,50.98039246,1470.5,12.88000011,-0.7834,9.555778503,UnevenCondition,LowCongestionCondition,EvenPaceStyle
1.099998474,27.89999962,37.45499887,36.16420872,-3.600000381,2.6156,21.96078491,756.0,5.96999979,-1.0705,9.593438148,UnevenCondition,LowCongestionCondition,EvenPaceStyle
0.099998474,22.5,37.37999887,38.09653906,-5.399999619,2.7116,40.0,881.5,4.610000134,-1.1742,9.575889587,UnevenCondition,LowCongestionCondition,EvenPaceStyle
-0.5,18.0,37.22999887,42.61331838,-4.5,2.3056,32.94117737,735.5,4.380000114,-0.9687,9.571388245,UnevenCondition,LowCongestionCondition,EvenPaceStyle
-1.200004578,14.39999962,37.10999889,47.29209726,-3.600000381,2.4362,32.15686417,754.0,4.190000057,-1.0123,9.578947067,UnevenCondition,LowCongestionCondition,EvenPaceStyle
-3.900001526,8.099999428,36.92999889,55.90280904,-6.300000191,2.4427,32.54901886,752.0,4.079999924,-0.9806,9.59875679,UnevenCondition,LowCongestionCondition,EvenPaceStyle
-3.300003052,3.599999905,36.6599989,69.68379115,-4.499999523,2.5847,31.76470566,748.0,4.159999847,-1.0666,9.633719444,UnevenCondition,LowCongestionCondition,EvenPaceStyle
-0.099998474,7.199999809,31.66499903,235.5450094,7.199999809,1.6541,92.94117737,683.5,5.989999771,-0.5943,9.673173904,UnevenCondition,LowCongestionCondition,EvenPaceStyle
-0.5,16.19999886,30.80999904,240.9781873,1.799999237,1.5856,17.25490189,1732.0,17.29999924,-0.4657,9.751127243,UnevenCondition,LowCongestionCondition,EvenPaceStyle
0.5,19.79999924,29.72999906,243.6580516,0.899999619,0.8813,0.0,1201.5,14.40999985,-0.3437,9.845747948,UnevenCondition,LowCongestionCondition,EvenPaceStyle
1.400001526,22.5,29.06999908,241.4980515,2.700000763,0.6825,61.56863022,1378.0,13.52000046,-0.0781,9.928552628,UnevenCondition,LowCongestionCondition,EvenPaceStyle
1.5,25.19999886,28.81499906,239.4714495,2.699998856,0.5651,55.68627548,1614.0,14.52000046,0.0131,9.964560509,UnevenCondition,LowCongestionCondition,EvenPaceStyle
0.5,26.09999847,28.06499906,232.4972127,0.899999619,0.325,60.7843132,1632.0,15.72000027,0.2388,10.08506584,UnevenCondition,LowCongestionCondition,EvenPaceStyle
-0.599998474,27.0,27.85499909,230.2163993,0.900001526,0.294,67.84313965,1795.0,17.65999985,0.3084,10.1174202,UnevenCondition,LowCongestionCondition,EvenPaceStyle
-0.200004578,31.5,27.43499914,223.6284,4.5,0.2806,15.29411793,814.5,8.43999958,0.2098,10.15762615,UnevenCondition,LowCongestionCondition,AggressiveStyle
-1.300003052,30.59999847,27.22499917,219.5408757,-0.900001526,0.2163,0.0,1236.5,12.93999958,0.1531,10.17054939,UnevenCondition,LowCongestionCondition,AggressiveStyle
-2.400001526,33.29999924,26.50499928,204.0218288,-0.900001526,0.5943,0.0,1373.0,16.40999985,0.1224,10.20446396,UnevenCondition,LowCongestionCondition,EvenPaceStyle
-0.199996948,35.09999847,26.23499927,197.5253541,1.799999237,0.791,49.01960754,1391.0,11.52000046,-0.0829,10.21878624,UnevenCondition,LowCongestionCondition,EvenPaceStyle
-0.699996948,36.0,26.15999927,195.686837,0.900001526,0.795,1.960784316,1434.0,15.88000011,-0.1026,10.24094582,UnevenCondition,LowCongestionCondition,EvenPaceStyle
-1.099998474,30.59999847,25.58999919,183.83887,-1.799999237,0.992,24.31372643,1296.0,12.18999958,-0.2862,10.35398483,UnevenCondition,LowCongestionCondition,EvenPaceStyle
-2.600006104,33.29999924,25.3349992,178.5521333,2.700000763,0.8729,51.76470566,1339.5,10.32999992,-0.2453,10.36422634,UnevenCondition,LowCongestionCondition,EvenPaceStyle
-2.300003052,36.89999771,25.12499923,173.1008802,3.599998474,0.7523,63.92156982,1516.0,15.22000027,-0.2396,10.63229465,UnevenCondition,LowCongestionCondition,EvenPaceStyle
-0.400001526,34.20000076,25.13999932,174.4071787,-1.799999237,0.9542,53.33333588,1400.0,16.77000046,-0.1735,11.82042885,UnevenCondition,LowCongestionCondition,EvenPaceStyle
-1.0,26.09999847,25.64999926,159.2130416,2.699998856,0.7087,34.90196228,1756.0,15.38000011,-0.6483,9.385182381,UnevenCondition,LowCongestionCondition,EvenPaceStyle
-0.800003052,27.89999962,25.25999926,153.3471776,1.800001144,0.969,7.450980663,1749.5,16.82999992,-0.7923,9.453176498,UnevenCondition,LowCongestionCondition,EvenPaceStyle
-1.900001526,27.89999962,25.04999932,150.4723651,-0.899999619,1.0638,13.72549057,1819.5,17.44000053,-0.8683,9.525936127,UnevenCondition,LowCongestionCondition,EvenPaceStyle
-1.399993896,29.69999886,25.00499934,149.9211536,1.799999237,1.0268,0.0,1853.0,23.29999924,-0.8265,9.565490723,UnevenCondition,LowCongestionCondition,EvenPaceStyle
-0.699996948,26.09999847,24.79499933,147.5414924,-0.900001526,1.1023,39.60784531,1674.5,14.30000019,-0.9344,9.636553764,UnevenCondition,LowCongestionCondition,EvenPaceStyle
-0.299995422,27.0,24.59999932,144.3081273,0.900001526,1.0262,37.25490189,1684.0,13.93999958,-0.8834,9.667490959,UnevenCondition,LowCongestionCondition,EvenPaceStyle
-0.699996948,28.79999924,23.44499937,114.0431884,0.899999619,0.8717,15.68627453,1834.0,23.32999992,-0.5869,9.772725105,UnevenCondition,LowCongestionCondition,EvenPaceStyle
-2.300003052,29.69999886,22.88999935,97.75921326,0.899999619,1.0239,36.47058868,1893.5,16.44000053,-0.4997,9.815585136,UnevenCondition,LowCongestionCondition,EvenPaceStyle
-2.400001526,31.5,22.27499945,79.67173503,0.900001526,1.4004,77.2549057,1269.0,13.72000027,-0.7546,9.83852005,UnevenCondition,LowCongestionCondition,EvenPaceStyle
-1.900001526,33.29999924,21.94499946,69.47031169,1.799999237,1.4339,24.70588303,1429.5,16.65999985,-0.8231,9.871388435,UnevenCondition,LowCongestionCondition,EvenPaceStyle
-2.300003052,36.0,21.8699994,67.1146743,0.900001526,1.044,50.98039246,1507.5,12.52000046,-0.8029,9.890540123,UnevenCondition,LowCongestionCondition,EvenPaceStyle
-1.5,36.89999771,21.9449994,69.05844523,0.899997711,1.0334,20.0,1529.5,12.90999985,-0.8777,9.898989677,UnevenCondition,LowCongestionCondition,EvenPaceStyle
-0.900001526,38.70000076,22.5299994,80.53230179,0.900001526,0.8339,49.41176605,1584.0,13.72000027,-0.7594,9.942581177,UnevenCondition,LowCongestionCondition,EvenPaceStyle
-0.600006104,39.59999847,22.88999938,84.99142,0.899997711,0.8238,80.39215851,1627.0,13.88000011,-0.7074,9.951267242,UnevenCondition,LowCongestionCondition,EvenPaceStyle
-1.0,40.5,23.26499938,89.69925946,0.900001526,0.8482,61.96078491,1708.5,17.36000061,-0.709,9.970539093,UnevenCondition,LowCongestionCondition,EvenPaceStyle
-1.400001526,42.29999924,23.66999937,95.20382729,1.799999237,0.7434,33.72549057,1783.5,17.04999924,-0.6568,9.990264893,UnevenCondition,LowCongestionCondition,EvenPaceStyle
-1.300003052,44.09999847,25.13999935,111.0349791,-0.900001526,0.8148,15.29411793,1816.5,23.36000061,-0.7211,10.07210064,UnevenCondition,LowCongestionCondition,EvenPaceStyle
-1.600006104,45.0,25.57499935,116.8676661,0.900001526,0.7829,0.0,1778.5,22.96999931,-0.7485,10.10121727,UnevenCondition,LowCongestionCondition,EvenPaceStyle
-1.5,37.79999924,30.38999931,87.95684438,1.799999237,0.972,23.92156982,1563.0,13.22000027,-1.0691,10.34617805,UnevenCondition,LowCongestionCondition,EvenPaceStyle
-1.699996948,38.70000076,30.79499933,84.62692121,0.900001526,0.952,0.0,1562.5,19.27000046,-1.0746,10.3632288,UnevenCondition,LowCongestionCondition,EvenPaceStyle
-1.800003052,36.0,32.42999927,72.89908209,-0.899997711,1.6976,38.4313736,1442.0,17.48999977,-1.2583,10.45384216,UnevenCondition,LowCongestionCondition,EvenPaceStyle
-1.599998474,35.09999847,32.71499925,69.40807391,-0.900001526,2.0009,62.35294342,1446.5,14.57999992,-1.0428,10.46727848,UnevenCondition,LowCongestionCondition,EvenPaceStyle
-1.600002289,33.29999924,33.68999923,54.87040541,-4.5,2.0513,3.137254953,1125.0,9.93999958,-1.3038,10.52068043,UnevenCondition,LowCongestionCondition,EvenPaceStyle
-1.399997711,27.89999962,33.92999922,48.47094824,-5.399999619,2.0268,58.03921509,1126.0,14.13000011,-1.0432,10.61161327,UnevenCondition,LowCongestionCondition,EvenPaceStyle
-1.300003052,31.5,34.42499924,36.59071954,3.600000381,1.7352,83.52941132,1412.5,18.94000053,-0.9732,10.98138237,UnevenCondition,LowCongestionCondition,EvenPaceStyle
-0.599998474,35.09999847,34.67999922,32.90705003,3.599998474,1.7258,76.86274719,1588.0,18.54999924,-0.8021,11.19314384,UnevenCondition,LowCongestionCondition,EvenPaceStyle
-0.200000763,38.70000076,34.93499924,30.9582453,3.600002289,1.6755,72.54901886,1691.5,17.94000053,-0.7504,11.39668465,UnevenCondition,LowCongestionCondition,EvenPaceStyle
0.0,41.39999771,35.18999923,30.2775244,2.699996948,1.6851,68.62744904,1760.0,19.48999977,-0.734,11.58738995,UnevenCondition,LowCongestionCondition,EvenPaceStyle
0.100002289,43.19999695,35.74499919,30.09607431,-0.900001526,1.7526,0.0,1711.0,16.71999931,-0.7192,11.88505268,UnevenCondition,LowCongestionCondition,EvenPaceStyle
0.100002289,45.0,36.49499912,30.37980241,1.800003052,1.6439,56.47058868,1915.0,17.62999916,-0.7356,12.08708286,UnevenCondition,LowCongestionCondition,EvenPaceStyle
-0.300003052,48.59999847,37.16999912,30.26653974,3.599998474,1.5613,43.13725662,1728.0,18.11000061,-0.6719,12.30422783,UnevenCondition,LowCongestionCondition,EvenPaceStyle
-0.899997711,50.39999771,37.55999908,31.32548859,1.799999237,1.4901,0.0,1503.5,19.12999916,-0.6374,12.42844868,UnevenCondition,LowCongestionCondition,EvenPaceStyle
-1.200000763,52.19999695,38.71499898,34.44535999,1.799999237,0.8556,0.0,1516.0,18.77000046,-0.8611,12.6735096,UnevenCondition,LowCongestionCondition,EvenPaceStyle
-1.200000763,51.29999924,39.47999894,36.28433399,-0.899997711,0.582,51.76470566,1535.5,12.93999958,-0.5337,12.59810925,UnevenCondition,LowCongestionCondition,EvenPaceStyle
-1.099998474,53.09999847,40.21499894,38.28942694,1.799999237,0.8772,0.0,1555.0,19.07999992,-0.7761,12.5493021,UnevenCondition,LowCongestionCondition,EvenPaceStyle
-0.800003052,45.0,42.25499891,39.11132519,-1.799999237,1.3761,1.176470637,1276.0,15.55000019,-1.1159,13.22862434,UnevenCondition,LowCongestionCondition,EvenPaceStyle
0.0,43.19999695,42.34499887,38.78183366,-1.800003052,1.4232,7.843137264,1121.5,7.96999979,-1.2349,13.14074898,UnevenCondition,LowCongestionCondition,EvenPaceStyle
-1.399997711,19.79999924,3.539999863,45.13667465,4.5,0.2865,69.80392456,1460.0,18.12999916,-0.1424,13.98163319,FullOfHolesCondition,LowCongestionCondition,EvenPaceStyle
-1.5,27.89999962,3.599999869,47.88609862,8.100000381,0.3382,62.35294342,1714.0,21.65999985,-0.0761,14.00016117,FullOfHolesCondition,LowCongestionCondition,EvenPaceStyle
-0.299999237,31.5,4.664999863,83.75925829,-0.899997711,0.2399,3.921568632,1248.0,15.85999966,-0.0538,13.98659039,FullOfHolesCondition,LowCongestionCondition,EvenPaceStyle
-1.099998474,37.79999924,5.789999851,112.7785374,6.299999237,0.1324,81.96078491,1573.0,23.27000046,0.062,14.00126743,FullOfHolesCondition,LowCongestionCondition,EvenPaceStyle
-0.799999237,41.39999771,6.479999812,133.2189078,3.599998474,0.0461,77.64705658,1713.5,25.23999977,0.0727,14.0096674,FullOfHolesCondition,LowCongestionCondition,EvenPaceStyle
-0.899997711,45.0,7.229999812,157.0841623,3.600002289,0.0305,76.07843018,1843.5,26.27000046,0.1969,14.01269531,FullOfHolesCondition,LowCongestionCondition,EvenPaceStyle
0.099998474,47.69999695,8.024999762,183.3151162,2.699996948,0.0849,75.6862793,1966.5,22.12999916,0.1008,14.00184631,FullOfHolesCondition,LowCongestionCondition,EvenPaceStyle
0.5,48.59999847,8.834999736,209.460267,0.900001526,0.1407,7.843137264,867.5,7.269999981,-0.0283,13.8661232,FullOfHolesCondition,LowCongestionCondition,EvenPaceStyle
-0.100002289,47.69999695,9.629999685,233.0960178,-0.900001526,0.3177,98.4313736,1423.0,19.73999977,-0.0944,13.84895515,FullOfHolesCondition,LowCongestionCondition,EvenPaceStyle
-0.400001526,50.39999771,10.46999965,258.979405,2.700000763,0.1837,94.50980377,1521.5,24.02000046,-0.061,13.84178638,FullOfHolesCondition,LowCongestionCondition,EvenPaceStyle
0.200000763,60.29999924,14.2649996,383.7155137,1.799999237,0.0724,77.2549057,1840.0,27.79999924,0.2075,13.98703289,FullOfHolesCondition,LowCongestionCondition,EvenPaceStyle
-0.299999237,63.89999771,17.42999956,485.449911,0.899997711,0.7992,0.0,1901.5,25.40999985,0.1711,13.90959167,FullOfHolesCondition,LowCongestionCondition,EvenPaceStyle
-1.299999237,63.0,23.59499946,614.9709679,2.700000763,1.9401,64.70588684,1857.5,23.37999916,0.1277,13.64631081,FullOfHolesCondition,LowCongestionCondition,EvenPaceStyle
-1.0,62.09999847,24.62999943,629.5749925,-0.900001526,1.9727,3.529411793,1840.0,24.52000046,-0.0163,13.62171745,FullOfHolesCondition,LowCongestionCondition,EvenPaceStyle
-0.400001526,59.39999771,27.65999935,655.2451265,-0.900001526,2.3552,70.98039246,1766.5,20.62999916,0.0186,13.56383705,FullOfHolesCondition,LowCongestionCondition,EvenPaceStyle
0.599998474,52.19999695,38.24999906,568.9082811,-1.800003052,1.5384,58.03921509,1533.5,15.85999966,-0.8804,13.5030756,SmoothCondition,NormalCongestionCondition,EvenPaceStyle
0.0,53.09999847,40.00499899,523.2167316,0.900001526,1.405,75.6862793,1581.0,20.71999931,-0.9828,13.4967947,SmoothCondition,NormalCongestionCondition,EvenPaceStyle
0.5,55.79999924,41.81999895,472.7507599,2.700000763,1.1867,78.4313736,1640.5,20.57999992,-1.0107,13.46114635,SmoothCondition,NormalCongestionCondition,EvenPaceStyle
-0.200000763,57.59999847,43.70999891,417.3659832,1.799999237,1.0092,74.11764526,1721.0,24.32999992,-0.563,13.39973736,SmoothCondition,NormalCongestionCondition,EvenPaceStyle
0.0,58.5,44.68499891,387.7243328,0.900001526,0.5687,77.64705658,1765.0,24.52000046,-0.6447,13.37110996,SmoothCondition,NormalCongestionCondition,EvenPaceStyle
0.800003052,63.89999771,48.68999887,271.7948058,0.899997711,0.4502,79.21569061,1960.0,27.87999916,-0.59,13.25951385,SmoothCondition,NormalCongestionCondition,EvenPaceStyle
1.0,65.69999695,49.57499882,253.8263054,1.799999237,0.3809,76.86274719,2000.5,28.37999916,-0.5399,13.23675442,SmoothCondition,NormalCongestionCondition,EvenPaceStyle
0.700000763,68.40000153,50.47499886,238.0381724,2.700004578,0.3923,78.03921509,2042.0,28.79999924,-0.5246,13.21174622,SmoothCondition,NormalCongestionCondition,EvenPaceStyle
0.599998474,71.09999847,51.41999884,222.2823003,2.699996948,0.3737,77.64705658,2100.5,29.62999916,-0.5342,13.18787193,SmoothCondition,NormalCongestionCondition,EvenPaceStyle
0.900001526,67.5,52.24499884,207.0421751,-3.599998474,0.3274,76.86274719,2128.5,29.40999985,-0.5187,13.16200638,SmoothCondition,NormalCongestionCondition,EvenPaceStyle
-0.299999237,71.09999847,54.98999885,154.7154913,-0.900001526,0.2473,94.50980377,1674.0,11.63000011,-0.3138,12.99317455,SmoothCondition,NormalCongestionCondition,EvenPaceStyle
-0.100002289,72.0,55.93499886,132.0114671,0.900001526,0.2987,82.74510193,1716.5,26.98999977,-0.1767,13.03014946,SmoothCondition,NormalCongestionCondition,EvenPaceStyle
-0.5,77.40000153,58.27499886,96.50326745,7.200004578,0.2279,77.2549057,1794.0,33.58000183,-0.0443,13.00216866,SmoothCondition,NormalCongestionCondition,EvenPaceStyle
-0.299999237,78.29999542,59.03999882,91.35701841,0.899993896,0.3241,77.64705658,1847.0,34.79999924,0.1099,12.98880005,SmoothCondition,NormalCongestionCondition,EvenPaceStyle
-0.5,80.09999847,59.84999879,85.35203626,1.800003052,0.408,79.60784149,1882.0,27.52000046,0.1169,12.96092892,SmoothCondition,NormalCongestionCondition,EvenPaceStyle
-0.600002289,81.0,60.67499879,78.6191993,0.900001526,0.5613,78.8235321,1914.0,29.52000046,-0.1109,12.93578815,SmoothCondition,NormalCongestionCondition,EvenPaceStyle
0.299999237,84.59999847,62.15999877,79.89803631,0.900001526,0.5676,80.78431702,1989.5,29.65999985,-0.195,12.88555908,SmoothCondition,NormalCongestionCondition,EvenPaceStyle
2.099998474,88.19999695,64.12499879,94.27919726,2.699996948,0.4155,79.21569061,2079.5,30.11000061,-0.2331,12.8691206,SmoothCondition,NormalCongestionCondition,EvenPaceStyle
1.799999237,89.09999847,64.81499882,99.79451796,0.900001526,0.469,77.2549057,2099.5,28.62999916,-0.2385,12.85822868,SmoothCondition,NormalCongestionCondition,EvenPaceStyle
2.100002289,90.8999939,66.67499879,122.0846169,0.899993896,0.5231,66.66666412,2138.5,24.77000046,-0.145,12.79828548,SmoothCondition,NormalCongestionCondition,EvenPaceStyle
2.699996948,91.79999542,67.22999872,131.3380636,0.900001526,0.6287,69.80392456,2153.0,25.65999985,-0.1296,12.77511024,SmoothCondition,NormalCongestionCondition,EvenPaceStyle
1.899997711,90.8999939,68.7149985,158.3982346,-1.800003052,0.3175,68.62744904,2184.5,25.27000046,-0.1424,12.72318649,SmoothCondition,NormalCongestionCondition,EvenPaceStyle
0.799999237,92.69999695,69.64499842,174.8252128,1.800003052,0.2526,70.98039246,2197.5,25.79999924,-0.2359,12.75651169,SmoothCondition,NormalCongestionCondition,EvenPaceStyle
0.599998474,93.59999847,70.16999842,183.3061874,0.900001526,0.32,71.37255096,2206.5,27.11000061,-0.2183,12.81612968,SmoothCondition,NormalCongestionCondition,EvenPaceStyle
0.799999237,36.0,47.15999864,80.64853846,-3.599998474,0.6054,67.84313965,1507.0,17.19000053,-0.6839,13.99250984,FullOfHolesCondition,LowCongestionCondition,EvenPaceStyle
1.200000763,40.5,46.91999868,82.44060546,1.799999237,0.5989,72.15686035,1642.5,20.82999992,-0.7805,13.93763065,FullOfHolesCondition,LowCongestionCondition,EvenPaceStyle
-0.100002289,41.39999771,46.79999866,82.89457176,0.899997711,0.3913,68.62744904,1718.5,20.90999985,-0.7145,13.90392685,FullOfHolesCondition,LowCongestionCondition,EvenPaceStyle
-0.299999237,44.09999847,46.72499866,82.95749551,2.700000763,0.4769,67.84313965,1801.5,21.65999985,-0.8016,13.87608814,FullOfHolesCondition,LowCongestionCondition,EvenPaceStyle
-1.5,46.79999924,46.69499868,83.0069194,2.700000763,0.766,3.529411793,1837.5,17.79999924,-0.8239,13.81351089,FullOfHolesCondition,LowCongestionCondition,EvenPaceStyle
-1.899997711,42.29999924,46.7099987,83.07853783,-4.5,0.9995,0.0,1698.5,22.19000053,-1.0078,13.77767086,FullOfHolesCondition,LowCongestionCondition,EvenPaceStyle
-0.100002289,29.69999886,46.21499872,92.39010543,-2.699998856,1.041,3.137254953,1140.5,15.55000019,-1.3184,13.83315468,FullOfHolesCondition,LowCongestionCondition,EvenPaceStyle
0.399997711,27.89999962,45.88499877,97.92739312,-1.799999237,0.9153,86.27451324,1158.0,11.93999958,-1.2316,13.8220892,FullOfHolesCondition,LowCongestionCondition,EvenPaceStyle
1.599998474,35.09999847,44.95499881,104.5153923,1.799999237,0.8857,79.21569061,1356.0,19.62999916,-0.851,13.85620975,FullOfHolesCondition,LowCongestionCondition,EvenPaceStyle
2.900001526,37.79999924,44.6099988,102.1524341,2.700000763,0.7179,72.94117737,1496.5,21.77000046,-0.7399,13.86779785,FullOfHolesCondition,LowCongestionCondition,EvenPaceStyle
3.299999237,38.70000076,44.24999882,98.44016226,0.900001526,0.7692,16.07843208,1577.5,16.69000053,-0.8486,13.85429382,FullOfHolesCondition,LowCongestionCondition,EvenPaceStyle
3.800003052,37.79999924,43.87499882,94.63613652,-0.900001526,0.9456,0.0,1546.5,19.98999977,-0.9051,13.8571949,FullOfHolesCondition,LowCongestionCondition,EvenPaceStyle
3.0,29.69999886,41.80499891,73.43335928,-1.800001144,1.5486,21.96078491,791.5,5.440000057,-1.1645,13.66957569,FullOfHolesCondition,LowCongestionCondition,EvenPaceStyle
1.400001526,24.29999924,40.57499892,67.30664808,-1.799999237,1.7168,31.76470566,786.0,5.409999847,-1.2487,13.55098915,FullOfHolesCondition,LowCongestionCondition,EvenPaceStyle
-0.100002289,16.19999886,39.82499895,69.59478515,-8.100000381,1.7042,32.15686417,787.0,5.440000057,-1.3154,13.61399937,FullOfHolesCondition,LowCongestionCondition,EvenPaceStyle
0.100002289,9.899999619,38.99999898,77.58609891,-6.299999237,1.7601,30.98039246,788.0,5.610000134,-1.2981,13.69913864,FullOfHolesCondition,LowCongestionCondition,EvenPaceStyle
1.099998474,5.399999619,38.129999,90.08755616,-4.5,1.8347,31.37254906,792.0,5.489999771,-1.2582,13.775424,FullOfHolesCondition,LowCongestionCondition,EvenPaceStyle
-0.5,12.59999943,5.834999843,142.5460363,5.399999619,0.3158,56.86274719,1810.5,16.96999931,-0.1816,13.86145878,FullOfHolesCondition,LowCongestionCondition,EvenPaceStyle
-0.200000763,14.39999962,5.44499985,126.3167488,1.800000191,0.4438,8.627450943,846.5,19.21999931,-0.2325,13.88324928,FullOfHolesCondition,LowCongestionCondition,EvenPaceStyle
-0.700000763,16.19999886,4.139999863,68.70447046,-1.800001144,0.5538,14.50980377,1097.0,12.77000046,-0.1751,13.85789776,FullOfHolesCondition,LowCongestionCondition,EvenPaceStyle
-0.5,15.29999924,3.64499985,49.27064851,-0.899999619,0.3802,72.15686035,1191.5,15.98999977,-0.1981,13.87921524,FullOfHolesCondition,LowCongestionCondition,EvenPaceStyle
0.799999237,94.5,73.46999849,223.6689066,0.0,0.4452,72.54901886,2224.0,27.37999916,-0.4148,12.69339466,SmoothCondition,NormalCongestionCondition,EvenPaceStyle
1.700000763,95.3999939,74.63999844,231.6288705,0.899993896,0.7356,71.37255096,2236.5,27.86000061,-0.5468,12.61849117,SmoothCondition,NormalCongestionCondition,EvenPaceStyle
5.099998474,96.29999542,77.59499811,241.9591027,0.900001526,0.7573,76.86274719,2252.0,31.12999916,-0.5882,12.5205946,SmoothCondition,NormalCongestionCondition,EvenPaceStyle
5.599998474,99.8999939,87.65999724,112.6366508,3.599998474,0.5182,76.07843018,2263.5,31.54999924,-0.5627,12.37424183,SmoothCondition,NormalCongestionCondition,EvenPaceStyle
8.200004578,99.8999939,91.96499672,48.47619644,3.599998474,0.7224,75.6862793,2268.0,30.86000061,-0.1359,12.26885223,SmoothCondition,NormalCongestionCondition,EvenPaceStyle
8.599998474,96.29999542,92.36999664,41.87195277,-3.599998474,0.6697,80.78431702,2271.5,32.27000046,-0.0892,12.26833248,SmoothCondition,NormalCongestionCondition,EvenPaceStyle
5.0,97.19999695,93.83999647,18.3380251,0.900001526,0.2073,77.64705658,2280.5,31.44000053,-0.2566,12.27049541,SmoothCondition,NormalCongestionCondition,EvenPaceStyle
4.5,98.09999847,95.86499608,2.869092316,0.900001526,0.3324,77.64705658,2306.5,32.18999863,-0.5304,12.10288048,SmoothCondition,NormalCongestionCondition,EvenPaceStyle
2.599998474,100.7999954,96.50999629,2.179219364,0.900001526,0.3157,78.8235321,2393.5,31.73999977,-0.6475,12.05134106,SmoothCondition,NormalCongestionCondition,EvenPaceStyle
0.799995422,106.1999969,97.30499611,5.603874411,1.800003052,0.3727,78.8235321,2494.5,31.98999977,-0.6916,12.00622463,SmoothCondition,NormalCongestionCondition,EvenPaceStyle
-0.699996948,107.0999985,97.70999603,8.137528794,0.900001526,0.4351,81.17647552,2536.5,32.11000061,-0.7154,12.20092678,SmoothCondition,NormalCongestionCondition,EvenPaceStyle
-2.700004578,108.8999939,98.33999608,12.48956347,1.799995422,0.5206,80.78431702,2572.5,31.96999931,-0.6777,12.41838837,SmoothCondition,NormalCongestionCondition,EvenPaceStyle
-3.0,109.7999954,98.57999611,14.51044434,0.900001526,0.6105,79.60784149,2581.0,32.52000046,-0.7275,12.39537525,SmoothCondition,NormalCongestionCondition,EvenPaceStyle
-2.900001526,110.6999969,99.07499619,18.54190997,0.900001526,1.0132,10.1960783,2618.5,32.40999985,-0.5111,12.33021545,SmoothCondition,NormalCongestionCondition,EvenPaceStyle
-4.899993896,109.7999954,99.53999621,22.30108779,-0.900001526,1.258,0.0,2532.0,36.08000183,-0.5611,12.2833643,SmoothCondition,NormalCongestionCondition,EvenPaceStyle
-3.799995422,101.6999969,100.1249963,23.6856391,-2.699996948,1.4947,60.39215851,2369.0,27.90999985,-0.5623,12.17919636,SmoothCondition,NormalCongestionCondition,EvenPaceStyle
-3.800003052,100.7999954,100.1999963,23.43966438,-0.900001526,1.4274,70.98039246,2373.0,26.19000053,-0.5598,12.13447285,SmoothCondition,NormalCongestionCondition,EvenPaceStyle
-4.0,99.8999939,100.3349963,22.91316416,-0.900001526,1.3927,0.0,2323.5,31.94000053,-0.6039,12.08358097,SmoothCondition,NormalCongestionCondition,EvenPaceStyle
-3.0,98.09999847,100.3649963,22.72096049,-1.799995422,1.4698,22.35294151,2291.0,30.27000046,-0.5178,12.05436897,SmoothCondition,NormalCongestionCondition,EvenPaceStyle
-0.199996948,103.5,100.7399963,21.3583756,2.700004578,1.4723,78.4313736,2386.5,28.94000053,-0.6493,11.8848772,SmoothCondition,NormalCongestionCondition,EvenPaceStyle
-0.699996948,99.8999939,100.7849963,21.15587575,-3.600006104,1.47,78.03921509,2387.5,28.29999924,-0.4287,11.85472584,SmoothCondition,NormalCongestionCondition,EvenPaceStyle
0.300003052,101.6999969,100.8749963,20.82089258,1.800003052,1.5674,3.921568632,2392.5,28.98999977,-0.4675,11.82451344,SmoothCondition,NormalCongestionCondition,EvenPaceStyle
0.099998474,15.29999924,6.524999849,128.5737658,8.999999523,0.9703,8.627450943,1168.5,9.93999958,-0.6943,14.7286644,UnevenCondition,LowCongestionCondition,EvenPaceStyle
0.700000763,21.59999847,5.879999804,104.1046712,3.599998474,0.9283,28.23529434,1422.5,13.27000046,-0.6226,14.83660698,UnevenCondition,LowCongestionCondition,EvenPaceStyle
1.299999237,18.0,5.264999843,78.85349517,-4.5,1.2259,8.627450943,1039.5,8.239999771,-0.6089,14.91972923,UnevenCondition,LowCongestionCondition,EvenPaceStyle
1.0,16.19999886,5.114999843,74.12163107,-1.800001144,1.2538,9.019607544,985.0,6.71999979,-0.654,14.9099369,UnevenCondition,LowCongestionCondition,EvenPaceStyle
-1.100002289,21.59999847,4.979999804,69.61789312,5.399999619,0.8697,73.72549438,1559.5,17.48999977,-0.2792,14.96142197,UnevenCondition,LowCongestionCondition,EvenPaceStyle
-0.200000763,30.59999847,6.044999743,92.20522138,1.799999237,0.7419,31.76470566,901.5,15.72000027,-0.2231,14.97492313,UnevenCondition,LowCongestionCondition,EvenPaceStyle
-1.599998474,31.5,7.079999717,111.0789071,0.900001526,0.888,66.27451324,1326.5,11.82999992,-0.2736,14.94304085,UnevenCondition,LowCongestionCondition,EvenPaceStyle
-0.700000763,33.29999924,8.174999666,130.6788459,0.900001526,0.8175,0.0,1327.0,16.21999931,-0.2196,14.93384075,UnevenCondition,LowCongestionCondition,EvenPaceStyle
-0.900001526,32.39999771,8.714999628,139.1962004,-0.900001526,0.8983,56.47058868,1324.5,13.60999966,-0.268,14.91805553,UnevenCondition,LowCongestionCondition,EvenPaceStyle
0.0,33.29999924,9.809999577,155.1548006,0.900001526,0.7625,14.11764717,1381.0,11.23999977,-0.2756,14.8403635,UnevenCondition,LowCongestionCondition,EvenPaceStyle
-3.0,30.59999847,12.53999956,184.2370059,-0.900001526,0.5674,1.960784316,1181.5,14.22000027,-0.3035,14.88400745,UnevenCondition,LowCongestionCondition,EvenPaceStyle
-3.5,28.79999924,13.01999955,185.8185653,-1.799999237,0.4289,3.529411793,1138.5,11.85999966,-0.324,14.87303162,UnevenCondition,LowCongestionCondition,EvenPaceStyle
-3.299999237,27.89999962,13.48499955,186.478235,-0.899999619,0.4039,5.490196228,1088.0,9.609999657,-0.2497,14.84982491,UnevenCondition,LowCongestionCondition,EvenPaceStyle
-2.700000763,26.09999847,14.36999952,185.3105996,-0.900001526,0.6233,11.37254906,944.5,5.46999979,-0.6692,14.73874092,UnevenCondition,LowCongestionCondition,EvenPaceStyle
-3.300003052,24.29999924,14.77499951,183.3151167,-1.799999237,0.6451,29.41176605,748.5,4.519999981,-0.7566,14.64401054,UnevenCondition,LowCongestionCondition,EvenPaceStyle
-3.200000763,23.39999962,15.1649995,180.7212865,-0.899999619,0.899,27.84313774,757.5,4.360000134,-0.9223,14.58721161,UnevenCondition,LowCongestionCondition,EvenPaceStyle
0.0,19.79999924,15.85499946,173.5072529,-1.799999237,0.9503,29.41176605,751.0,4.269999981,-1.0591,14.60154057,UnevenCondition,LowCongestionCondition,EvenPaceStyle
1.200000763,16.19999886,16.12499944,169.1744396,-3.600000381,1.0101,30.19607925,748.5,4.190000057,-1.1267,14.60578728,UnevenCondition,LowCongestionCondition,EvenPaceStyle
2.800003052,13.5,16.34999944,164.8327026,-2.699998856,1.0724,29.80392265,749.0,4.269999981,-1.1576,14.62932587,UnevenCondition,LowCongestionCondition,EvenPaceStyle
4.200000763,9.0,16.91999942,152.3019577,-3.599999428,1.2427,30.19607925,748.0,4.329999924,-1.3503,14.58258915,UnevenCondition,LowCongestionCondition,EvenPaceStyle
2.599998474,3.599999905,17.18999941,144.5012464,-2.699999809,1.0152,60.39215851,723.5,4.880000114,-1.2792,14.68407154,UnevenCondition,LowCongestionCondition,EvenPaceStyle
2.5,4.5,17.26499941,142.2165431,0.900000095,1.0715,26.27450943,746.5,6.489999771,-1.3003,14.72612381,UnevenCondition,LowCongestionCondition,EvenPaceStyle
-0.900001526,55.79999924,24.5249993,249.7991836,2.700000763,1.236,6.666666985,1633.0,20.61000061,-0.3382,14.31297588,FullOfHolesCondition,LowCongestionCondition,EvenPaceStyle
-1.599998474,45.89999771,26.83499928,306.2484018,-5.400001526,2.133,1.568627477,1273.5,16.23999977,-0.7974,14.22770023,FullOfHolesCondition,LowCongestionCondition,EvenPaceStyle
-1.700000763,43.19999695,27.05999924,310.5970022,-2.700000763,2.2598,2.352941275,1236.0,15.60999966,-0.7241,14.20781994,FullOfHolesCondition,LowCongestionCondition,EvenPaceStyle
-1.0,42.29999924,27.26999925,314.3705955,-0.899997711,2.4183,3.921568632,1199.0,15.23999977,-0.7466,14.18930435,FullOfHolesCondition,LowCongestionCondition,EvenPaceStyle
1.300003052,40.5,27.68999923,320.4954764,-0.899997711,2.4491,9.411765099,1166.5,9.659999847,-0.8121,14.07628441,FullOfHolesCondition,LowCongestionCondition,EvenPaceStyle
0.5,38.70000076,27.86999925,322.5163583,-1.799999237,2.594,69.41176605,1176.5,10.43999958,-0.4206,14.02374363,FullOfHolesCondition,LowCongestionCondition,EvenPaceStyle
-0.800003052,39.59999847,28.37999929,325.85246,0.899997711,2.7774,32.94117737,1198.5,13.47000027,-0.4826,13.96247482,FullOfHolesCondition,LowCongestionCondition,EvenPaceStyle
-0.799999237,41.39999771,28.84499925,324.7530106,1.799999237,2.8904,6.666666985,1218.5,14.65999985,-0.4134,13.95334053,FullOfHolesCondition,LowCongestionCondition,EvenPaceStyle
-1.5,38.70000076,30.67499924,295.4795205,-1.799999237,2.9406,0.0,1529.5,18.86000061,-0.4827,13.83490086,FullOfHolesCondition,LowCongestionCondition,EvenPaceStyle
-1.899997711,37.79999924,31.30499922,279.9879281,-0.900001526,2.8737,34.11764908,1533.0,15.63000011,-0.5572,13.84069157,FullOfHolesCondition,LowCongestionCondition,EvenPaceStyle
-1.300003052,40.5,32.84999921,251.3333791,2.700000763,2.6469,50.58823776,1686.5,20.98999977,-0.5434,13.82057762,FullOfHolesCondition,LowCongestionCondition,EvenPaceStyle
-0.699996948,41.39999771,33.29999917,246.5969383,0.899997711,2.5892,0.0,1649.0,20.90999985,-0.5936,13.83113766,FullOfHolesCondition,LowCongestionCondition,EvenPaceStyle
-0.700000763,40.5,33.73499918,241.2287438,-0.899997711,2.5656,10.98039246,1631.5,16.94000053,-0.462,13.83052826,FullOfHolesCondition,LowCongestionCondition,EvenPaceStyle
-0.299999237,39.59999847,34.12499917,236.4456249,-0.900001526,2.1772,63.92156982,1640.5,17.48999977,-0.3794,13.83271599,FullOfHolesCondition,LowCongestionCondition,EvenPaceStyle
-0.200000763,40.5,34.52999919,231.5217859,0.900001526,2.1929,28.62745094,1637.0,21.12999916,-0.352,13.84751701,FullOfHolesCondition,LowCongestionCondition,EvenPaceStyle
0.0,41.39999771,34.96499917,225.8616245,0.899997711,2.109,0.0,1603.5,20.15999985,-0.385,13.84631062,FullOfHolesCondition,LowCongestionCondition,EvenPaceStyle
0.0,35.09999847,36.58499912,191.8416261,-1.799999237,2.0438,38.03921509,1369.5,17.12999916,-0.5773,13.84735012,SmoothCondition,LowCongestionCondition,EvenPaceStyle
-0.100002289,34.20000076,37.46999912,161.8068731,0.900001526,1.6161,27.05882454,1408.5,14.07999992,-1.031,13.8690834,SmoothCondition,LowCongestionCondition,EvenPaceStyle
0.0,35.09999847,37.9649991,144.22095,0.899997711,1.5789,5.09803915,1410.5,17.15999985,-1.034,13.88058186,SmoothCondition,LowCongestionCondition,EvenPaceStyle
-0.5,34.20000076,38.41499912,128.2131539,-0.899997711,1.416,78.03921509,1351.0,14.73999977,-1.0295,13.88641167,SmoothCondition,LowCongestionCondition,EvenPaceStyle
-0.799999237,36.0,39.25499914,100.0855613,1.799999237,1.1419,75.6862793,1550.5,20.04999924,-0.6909,13.93326664,SmoothCondition,LowCongestionCondition,EvenPaceStyle
-0.200000763,41.39999771,40.15499913,76.06013846,2.699996948,1.046,76.07843018,1763.5,23.62999916,-0.5441,13.97605228,SmoothCondition,LowCongestionCondition,EvenPaceStyle
-0.199996948,44.09999847,40.64999911,64.83202865,2.700000763,1.2685,74.90196228,1883.0,25.96999931,-0.4841,14.00145054,SmoothCondition,LowCongestionCondition,EvenPaceStyle
-0.099998474,48.59999847,41.60999908,48.88463948,1.799999237,1.2615,75.29412079,2082.0,28.37999916,-0.4728,14.05241489,SmoothCondition,LowCongestionCondition,EvenPaceStyle
0.299999237,51.29999924,41.99999908,47.13558893,2.700000763,1.2226,0.0,1240.0,14.10999966,-0.422,14.02474976,SmoothCondition,LowCongestionCondition,EvenPaceStyle
1.700000763,52.19999695,42.70499903,45.42658007,0.899997711,0.9532,85.88235474,1591.5,25.36000061,-0.3637,14.05512619,SmoothCondition,LowCongestionCondition,EvenPaceStyle
1.299999237,54.0,43.09499906,44.95064799,1.800003052,0.8227,81.17647552,1668.0,28.44000053,-0.2612,14.09548759,SmoothCondition,LowCongestionCondition,EvenPaceStyle
0.900001526,56.69999695,43.52999903,45.24924848,2.699996948,0.7898,78.03921509,1746.0,30.61000061,-0.1798,14.1187973,SmoothCondition,LowCongestionCondition,EvenPaceStyle
1.200000763,58.5,43.93499902,47.4053597,1.800003052,0.6573,77.2549057,1810.0,30.37999916,-0.1815,14.14255333,SmoothCondition,LowCongestionCondition,EvenPaceStyle
0.700000763,63.0,44.75999896,56.11972432,1.800003052,0.4741,79.21569061,1948.0,28.27000046,0.0017,14.15659237,SmoothCondition,LowCongestionCondition,EvenPaceStyle
0.200000763,67.5,45.47999897,71.10060401,2.700004578,0.6228,76.07843018,2055.5,28.19000053,0.0502,14.2154026,SmoothCondition,LowCongestionCondition,EvenPaceStyle
-1.0,68.40000153,46.55999902,97.19633394,-0.899993896,0.7132,83.52941132,1623.0,24.23999977,0.0582,14.18733597,SmoothCondition,LowCongestionCondition,EvenPaceStyle
0.899997711,78.29999542,48.70499903,164.8306466,1.799995422,0.2317,77.2549057,1868.0,27.32999992,-0.2784,14.08249474,SmoothCondition,LowCongestionCondition,EvenPaceStyle
0.900001526,79.19999695,49.094999,179.5845427,0.900001526,0.1835,78.4313736,1895.5,26.54999924,-0.1945,14.04894733,SmoothCondition,LowCongestionCondition,EvenPaceStyle
1.700000763,81.0,49.51499901,195.8962047,1.800003052,0.2618,77.2549057,1924.5,26.79999924,-0.0682,14.01314449,SmoothCondition,LowCongestionCondition,EvenPaceStyle
2.599998474,83.69999695,50.54999892,233.1198172,0.900001526,0.388,76.47058868,1980.5,27.29999924,-0.2494,13.95099545,SmoothCondition,LowCongestionCondition,EvenPaceStyle
3.099998474,85.5,52.45499897,288.142842,0.900001526,0.5565,70.58823395,2035.5,23.54999924,-0.3846,13.81733227,SmoothCondition,LowCongestionCondition,EvenPaceStyle
2.700000763,87.29999542,53.93999894,321.1681861,1.799995422,0.6214,66.27451324,2059.0,23.21999931,-0.4845,13.76049042,SmoothCondition,LowCongestionCondition,EvenPaceStyle
1.399997711,88.19999695,55.5449988,350.306902,0.900001526,0.6826,61.17647171,2070.5,23.02000046,-0.6335,13.75583076,SmoothCondition,LowCongestionCondition,EvenPaceStyle
2.700000763,89.09999847,57.19499874,375.5770702,0.900001526,0.7872,72.54901886,2108.0,25.86000061,-0.6547,13.69183731,SmoothCondition,LowCongestionCondition,EvenPaceStyle
2.100002289,90.0,59.60999877,409.2110621,0.900001526,1.0342,76.07843018,2126.0,29.11000061,-0.5243,13.52336311,SmoothCondition,LowCongestionCondition,EvenPaceStyle
3.099998474,90.8999939,60.47999865,417.6249907,0.899993896,1.0908,74.50980377,2142.0,28.48999977,-0.5521,13.494133,SmoothCondition,LowCongestionCondition,EvenPaceStyle
2.600002289,91.79999542,62.2649985,429.2585516,0.900001526,1.25,75.6862793,2170.5,28.62999916,-0.4109,13.42391968,SmoothCondition,LowCongestionCondition,EvenPaceStyle
1.299999237,93.59999847,66.67499835,446.6337353,0.900001526,1.7699,72.94117737,2194.5,27.15999985,-0.497,13.26262474,SmoothCondition,LowCongestionCondition,EvenPaceStyle
3.0,94.5,71.20499833,424.8818079,0.900001526,1.8206,68.23529816,2205.0,25.21999931,-0.6033,13.05520916,SmoothCondition,LowCongestionCondition,EvenPaceStyle
3.099998474,93.59999847,72.17999833,410.3212573,-0.900001526,1.7876,68.62744904,2196.5,24.82999992,-0.607,13.00822067,SmoothCondition,LowCongestionCondition,EvenPaceStyle
2.099998474,94.5,81.49499817,196.7181005,0.900001526,1.8438,69.80392456,2221.5,27.40999985,-0.9467,12.71297455,SmoothCondition,LowCongestionCondition,EvenPaceStyle
3.700004578,93.59999847,84.38999825,135.4859937,-0.900001526,1.8168,74.11764526,2219.5,28.11000061,-0.9158,12.74204445,SmoothCondition,LowCongestionCondition,EvenPaceStyle
4.199996948,94.5,85.67999827,108.3148424,0.900001526,1.8879,74.50980377,2217.5,28.21999931,-0.7711,12.72248268,SmoothCondition,LowCongestionCondition,EvenPaceStyle
4.599998474,93.59999847,86.26499825,96.50875082,-0.900001526,1.9661,74.11764526,2218.5,29.44000053,-0.7722,12.71516323,SmoothCondition,LowCongestionCondition,EvenPaceStyle
4.5,94.5,86.8199983,86.69653829,0.900001526,1.9327,75.29412079,2218.0,30.11000061,-0.6719,12.71044922,SmoothCondition,LowCongestionCondition,EvenPaceStyle
1.099998474,93.59999847,91.90499852,12.57811426,-0.900001526,1.6215,77.2549057,2216.0,31.52000046,-0.1809,12.99225998,SmoothCondition,LowCongestionCondition,EvenPaceStyle
3.100006104,94.5,92.6249986,6.844960859,0.900001526,1.6706,77.64705658,2208.5,31.32999992,-0.3236,12.91755581,SmoothCondition,LowCongestionCondition,EvenPaceStyle
3.200004578,93.59999847,92.7749986,5.746655735,-0.900001526,1.557,76.86274719,2213.0,30.71999931,-0.3976,12.88856316,SmoothCondition,LowCongestionCondition,EvenPaceStyle
3.899993896,94.5,92.9249986,4.877164636,0.900001526,1.5292,78.03921509,2216.5,31.57999992,-0.3626,12.88031673,SmoothCondition,LowCongestionCondition,EvenPaceStyle
6.599998474,95.3999939,93.53999875,2.000747705,0.899993896,1.5097,77.64705658,2252.0,29.79999924,-0.4462,12.78446865,SmoothCondition,LowCongestionCondition,EvenPaceStyle
7.5,96.29999542,93.76499863,1.468755536,0.900001526,1.5175,75.29412079,2274.5,29.90999985,-0.5,12.73757935,SmoothCondition,LowCongestionCondition,EvenPaceStyle
0.0,100.7999954,94.52999865,2.470269407,0.900001526,1.3381,74.50980377,2376.5,28.79999924,-0.7356,12.6179657,SmoothCondition,LowCongestionCondition,EvenPaceStyle
-0.199996948,105.2999954,95.7149985,10.26434078,0.900001526,1.6407,80.0,2478.0,28.04999924,-0.8359,12.34420204,SmoothCondition,LowCongestionCondition,EvenPaceStyle
-1.0,107.0999985,96.5549984,17.08115291,0.900001526,1.6945,80.78431702,2540.0,28.54999924,-0.8501,12.23573017,SmoothCondition,LowCongestionCondition,EvenPaceStyle
-1.699996948,109.7999954,97.3049984,23.47877996,1.799995422,1.7196,83.13725281,2550.0,28.54999924,-1.0985,12.11612606,SmoothCondition,LowCongestionCondition,EvenPaceStyle
-1.200004578,108.8999939,98.09999822,29.70914039,-0.900001526,1.7351,79.60784149,2561.0,30.62999916,-1.0101,12.01773262,SmoothCondition,LowCongestionCondition,EvenPaceStyle
-0.800003052,108.8999939,99.10499789,35.80724589,-0.900001526,1.7773,80.0,2556.0,30.36000061,-1.1091,11.9116745,SmoothCondition,LowCongestionCondition,EvenPaceStyle
-1.5,109.7999954,99.85499763,39.19368418,0.900001526,1.7036,83.13725281,2572.0,31.44000053,-1.1979,11.86047459,SmoothCondition,LowCongestionCondition,EvenPaceStyle
-2.5,110.6999969,100.6649975,42.06025974,0.900001526,1.5831,81.96078491,2596.5,32.54999924,-1.174,11.67383957,SmoothCondition,LowCongestionCondition,EvenPaceStyle
-1.699996948,109.7999954,100.9199974,42.76431899,-0.900001526,1.6107,77.2549057,2600.0,32.27000046,-1.218,11.61471844,SmoothCondition,LowCongestionCondition,EvenPaceStyle
-0.099998474,110.6999969,101.1899974,43.61276011,0.900001526,1.6904,79.60784149,2597.5,30.54999924,-1.1617,11.55444717,SmoothCondition,LowCongestionCondition,EvenPaceStyle
-1.0,109.7999954,101.4449973,44.04453137,-0.900001526,1.584,81.5686264,2598.5,31.52000046,-1.281,11.49986553,SmoothCondition,LowCongestionCondition,EvenPaceStyle
-0.099998474,112.5,102.2849972,45.84941564,1.800003052,1.6341,81.96078491,2599.0,30.44000053,-0.9884,11.3993063,SmoothCondition,LowCongestionCondition,EvenPaceStyle
0.299995422,110.6999969,102.8549971,46.4333503,-1.800003052,1.6377,80.39215851,2603.0,30.46999931,-0.833,11.34226418,SmoothCondition,LowCongestionCondition,EvenPaceStyle
1.099998474,108.8999939,104.9999967,38.95321176,-0.900001526,1.8592,80.0,2577.5,27.71999931,-0.6907,11.00727081,SmoothCondition,LowCongestionCondition,EvenPaceStyle
0.300003052,109.7999954,105.2699966,37.06687328,0.900001526,1.8414,80.39215851,2574.0,28.37999916,-0.74,10.95467663,SmoothCondition,LowCongestionCondition,EvenPaceStyle
1.0,108.8999939,105.7799965,33.09924775,-0.900001526,1.8909,78.4313736,2565.0,27.69000053,-0.676,10.88845158,SmoothCondition,LowCongestionCondition,EvenPaceStyle
1.200004578,106.1999969,106.6949961,24.11946483,-2.699996948,1.9493,0.0,2477.0,33.40999985,-0.6369,10.74164009,SmoothCondition,LowCongestionCondition,EvenPaceStyle
0.400001526,102.5999985,106.9799961,19.72738916,-1.799995422,1.8504,52.54901886,2405.5,25.37999916,-0.7627,10.67071056,SmoothCondition,LowCongestionCondition,EvenPaceStyle
-1.199996948,101.6999969,107.2949963,14.60997159,-0.900001526,1.8573,74.50980377,2414.5,27.48999977,-0.9703,10.58672619,SmoothCondition,LowCongestionCondition,EvenPaceStyle
-3.300003052,104.3999939,107.6699964,9.719081205,0.899993896,1.8883,71.37255096,2443.5,28.65999985,-0.7614,10.44288731,SmoothCondition,LowCongestionCondition,EvenPaceStyle
0.0,99.0,107.5649963,11.13383574,-0.899993896,1.7709,17.64705849,2311.5,31.07999992,-0.9112,10.46652699,SmoothCondition,LowCongestionCondition,EvenPaceStyle
3.400001526,97.19999695,107.2199965,15.03212983,-1.800003052,1.7331,57.64706039,2291.5,23.44000053,-0.9931,10.4205513,SmoothCondition,LowCongestionCondition,EvenPaceStyle
0.800003052,98.09999847,106.1999964,23.72338252,0.900001526,1.874,74.50980377,2322.5,29.15999985,-0.597,10.3287735,SmoothCondition,LowCongestionCondition,EvenPaceStyle
2.5,99.8999939,105.3599968,26.38310996,0.899993896,1.6637,78.03921509,2357.0,28.32999992,-0.8301,10.29407692,SmoothCondition,LowCongestionCondition,EvenPaceStyle
2.400001526,100.7999954,105.0599968,26.60277228,0.900001526,1.5697,78.8235321,2371.5,27.57999992,-0.8819,10.29430199,SmoothCondition,LowCongestionCondition,EvenPaceStyle
3.399993896,101.6999969,104.8049969,26.53573088,0.900001526,1.7281,79.21569061,2402.5,28.36000061,-0.7317,10.27921486,SmoothCondition,LowCongestionCondition,EvenPaceStyle
2.699996948,102.5999985,104.3249971,24.7198669,-0.900001526,1.793,83.52941132,2448.0,28.69000053,-0.5108,10.28671837,SmoothCondition,LowCongestionCondition,EvenPaceStyle
2.800003052,105.2999954,104.2499971,24.22219766,2.699996948,1.8247,81.96078491,2465.0,29.61000061,-0.4528,10.26199055,SmoothCondition,LowCongestionCondition,EvenPaceStyle
-0.400001526,108.8999939,103.7999971,19.56812909,0.899993896,1.8698,83.52941132,2565.5,29.46999931,-0.4451,10.10629463,SmoothCondition,LowCongestionCondition,EvenPaceStyle
-0.800003052,108.0,103.664997,17.94332287,-0.899993896,2.3144,83.52941132,2593.0,30.46999931,-0.1029,10.00507069,SmoothCondition,LowCongestionCondition,EvenPaceStyle
-1.900001526,112.5,103.8149972,20.03925853,0.900001526,2.3491,81.17647552,2630.5,30.98999977,-0.2585,9.90413475,SmoothCondition,LowCongestionCondition,EvenPaceStyle
0.899993896,113.3999939,104.3099977,25.88430582,0.899993896,2.2154,81.5686264,2654.0,31.90999985,-0.5539,9.753676414,SmoothCondition,LowCongestionCondition,EvenPaceStyle
-6.300003052,97.19999695,112.8749971,19.36563089,-3.599998474,2.3593,0.0,2212.5,28.71999931,-1.463,9.212188721,SmoothCondition,LowCongestionCondition,EvenPaceStyle
0.400001526,61.19999695,109.3949972,148.2004755,-4.5,3.6116,25.09803963,799.5,6.46999979,-2.2862,9.165140152,SmoothCondition,LowCongestionCondition,EvenPaceStyle
0.699996948,41.39999771,107.0249973,290.2900283,-3.600002289,3.9314,30.19607925,746.5,4.050000191,-2.4109,9.034971237,SmoothCondition,LowCongestionCondition,AggressiveStyle
2.200004578,33.29999924,105.6599973,379.3875067,-8.099998474,3.9798,29.80392265,758.5,3.829999924,-2.4296,8.978449821,SmoothCondition,LowCongestionCondition,AggressiveStyle
2.300003052,32.39999771,104.2649973,466.5277171,-0.900001526,3.9787,30.19607925,752.0,3.99000001,-2.3704,8.928938866,SmoothCondition,LowCongestionCondition,AggressiveStyle
0.300003052,29.69999886,99.88499734,721.1056709,0.899999619,3.5803,25.49019623,1092.0,14.47000027,-2.4676,8.879143715,SmoothCondition,LowCongestionCondition,AggressiveStyle
1.099998474,27.0,96.89999752,874.5711491,-2.699998856,3.469,66.27451324,1787.0,18.57999992,-2.208,8.934791565,SmoothCondition,LowCongestionCondition,AggressiveStyle
1.400001526,32.39999771,93.92999763,1002.669214,5.399997711,3.303,0.0,789.5,7.550000191,-2.0642,8.951798439,SmoothCondition,LowCongestionCondition,AggressiveStyle
-1.100006104,33.29999924,92.5049977,1052.425866,0.900001526,3.1745,40.0,1400.5,12.82999992,-1.9195,8.962413788,SmoothCondition,LowCongestionCondition,AggressiveStyle
-0.799995422,37.79999924,89.72999783,1131.28989,4.5,3.001,14.90196133,1554.0,18.37999916,-1.9733,8.99149704,SmoothCondition,LowCongestionCondition,AggressiveStyle
-4.400001526,30.59999847,81.59999828,1283.497587,-3.600002289,1.9514,2.352941275,1166.0,14.80000019,-1.3242,9.081931114,SmoothCondition,LowCongestionCondition,AggressiveStyle
-1.700004578,27.89999962,78.71999839,1333.931757,-0.899999619,1.7007,7.450980663,1114.5,9.880000114,-1.2397,9.108897209,SmoothCondition,LowCongestionCondition,EvenPaceStyle
-2.200004578,25.19999886,77.23499845,1358.781599,-2.700000763,1.6842,11.76470566,1044.0,7.860000134,-1.2771,9.111003876,SmoothCondition,LowCongestionCondition,EvenPaceStyle
-3.300003052,26.09999847,72.86999849,1411.12888,0.899999619,1.4299,96.86274719,1055.5,11.97000027,-1.2815,9.112223625,SmoothCondition,LowCongestionCondition,EvenPaceStyle
-3.699996948,28.79999924,71.4899985,1416.686302,2.700000763,1.5063,83.92156982,1193.0,15.02000046,-1.0166,9.133265495,SmoothCondition,LowCongestionCondition,EvenPaceStyle
-4.399993896,35.09999847,68.84999854,1409.605897,6.299999237,1.7281,81.5686264,1528.0,18.15999985,-0.8434,9.173246384,SmoothCondition,LowCongestionCondition,EvenPaceStyle
-5.199996948,39.59999847,67.66499856,1392.993806,4.5,1.7731,76.86274719,1679.5,20.11000061,-0.8367,9.192980766,SmoothCondition,LowCongestionCondition,EvenPaceStyle
-4.299995422,43.19999695,66.53999856,1370.461395,3.599998474,1.6948,76.07843018,1820.0,22.19000053,-0.7639,9.213804245,SmoothCondition,LowCongestionCondition,EvenPaceStyle
-7.299995422,46.79999924,65.4749986,1342.859846,3.600002289,1.8956,72.54901886,1897.0,19.12999916,-0.8533,9.228926659,SmoothCondition,LowCongestionCondition,EvenPaceStyle
-6.199996948,47.69999695,64.4249986,1312.427646,0.899997711,1.7946,3.921568632,1351.0,16.52000046,-0.7522,9.23925972,SmoothCondition,LowCongestionCondition,EvenPaceStyle
-5.0,48.59999847,62.33999863,1244.40344,0.900001526,1.6313,81.5686264,1476.5,17.15999985,-0.7177,9.255968094,SmoothCondition,LowCongestionCondition,EvenPaceStyle
-4.199996948,47.69999695,60.2249986,1164.431043,-0.900001526,1.5497,76.47058868,1597.0,19.04999924,-0.2189,9.28262043,SmoothCondition,NormalCongestionCondition,EvenPaceStyle
-4.0,57.59999847,57.23999856,1023.708186,6.299999237,1.2554,1.176470637,1690.5,17.54999924,-0.2611,9.302213669,SmoothCondition,NormalCongestionCondition,EvenPaceStyle
1.599998474,51.29999924,50.47499841,618.0791591,-0.899997711,1.9087,44.70588303,1492.5,17.96999931,-0.3572,9.376356125,SmoothCondition,NormalCongestionCondition,EvenPaceStyle
2.099998474,50.39999771,49.48499845,557.4307584,-0.900001526,1.8696,6.274509907,1491.5,12.80000019,-0.4137,9.377328873,SmoothCondition,NormalCongestionCondition,EvenPaceStyle
1.700004578,39.59999847,44.59499855,281.3699628,-3.599998474,2.0639,14.50980377,812.5,5.690000057,-0.899,9.39168644,SmoothCondition,NormalCongestionCondition,EvenPaceStyle
1.600006104,35.09999847,42.5999986,192.4962622,-0.900001526,2.0931,27.84313774,753.0,4.130000114,-0.9732,9.277919769,SmoothCondition,NormalCongestionCondition,EvenPaceStyle
1.900001526,33.29999924,41.65499859,154.973353,-1.799999237,2.0689,29.01960754,751.5,4.110000134,-1.2083,9.224167824,SmoothCondition,NormalCongestionCondition,EvenPaceStyle
2.400001526,28.79999924,40.07999865,113.2480574,-2.700000763,2.6306,29.01960754,753.0,4.239999771,-1.7384,9.158831596,SmoothCondition,NormalCongestionCondition,EvenPaceStyle
1.399993896,23.39999962,39.3749987,106.3330838,-5.399999619,2.8253,28.62745094,745.0,4.21999979,-1.8836,9.180106163,SmoothCondition,NormalCongestionCondition,EvenPaceStyle
-0.900001526,6.299999714,34.69499888,253.7475829,2.699999809,2.3913,67.05882263,842.0,9.989999771,-1.5251,9.254616737,SmoothCondition,NormalCongestionCondition,EvenPaceStyle
-2.5,13.5,34.4249989,260.864599,7.200000286,2.4415,0.0,1542.0,15.77000046,-1.5342,9.295024872,SmoothCondition,NormalCongestionCondition,EvenPaceStyle
-1.799995422,14.39999962,34.2149989,266.6819547,0.899999619,2.1325,83.13725281,933.5,6.360000134,-1.3161,9.32037735,SmoothCondition,NormalCongestionCondition,EvenPaceStyle
-3.0,17.10000038,33.74999894,277.1435384,2.700000763,1.9876,63.52941132,1097.0,9.550000191,-1.1464,9.380297661,SmoothCondition,NormalCongestionCondition,EvenPaceStyle
-3.0,22.5,33.04499895,285.1224953,1.800001144,1.8079,56.07843399,1511.5,13.85999966,-0.9772,9.443234444,SmoothCondition,NormalCongestionCondition,EvenPaceStyle
-2.5,25.19999886,32.83499894,285.7375461,2.699998856,1.8256,53.33333588,1621.5,14.10999966,-0.9274,9.464690208,SmoothCondition,NormalCongestionCondition,EvenPaceStyle
-2.299995422,26.09999847,32.6249989,285.878495,0.899999619,1.8147,0.0,956.5,7.659999847,-0.8908,9.464018822,SmoothCondition,NormalCongestionCondition,EvenPaceStyle
1.300003052,25.19999886,32.03999883,287.8712322,-0.899999619,1.026,9.019607544,819.0,5.940000057,-0.487,9.507296562,SmoothCondition,NormalCongestionCondition,EvenPaceStyle
-4.5,30.59999847,27.43499919,333.4589025,0.0,0.9221,85.09803772,1315.0,16.11000061,0.1546,13.08659649,UnevenCondition,NormalCongestionCondition,EvenPaceStyle
-5.399993896,33.29999924,27.2549992,329.3018182,2.700000763,0.8347,78.8235321,1465.5,16.29999924,0.2367,13.08216953,UnevenCondition,NormalCongestionCondition,EvenPaceStyle
-4.699996948,40.5,26.96999929,321.2533036,1.799999237,0.8581,0.0,1621.5,19.62999916,0.3473,13.08887577,UnevenCondition,NormalCongestionCondition,EvenPaceStyle
-0.5,37.79999924,26.57999933,308.2795757,-0.900001526,0.9599,43.52941132,1557.5,13.48999977,0.4292,13.12559891,UnevenCondition,NormalCongestionCondition,EvenPaceStyle
-0.800003052,39.59999847,26.23499932,296.0433127,1.799999237,1.1552,18.8235302,1619.5,15.02000046,0.1837,13.13296413,UnevenCondition,NormalCongestionCondition,EvenPaceStyle
-1.0,35.09999847,25.3649995,266.0504396,-2.700000763,1.9041,3.137254953,1294.0,15.38000011,-0.7019,13.27181721,UnevenCondition,NormalCongestionCondition,EvenPaceStyle
-0.299995422,31.5,25.1399995,260.1024309,-3.599998474,2.0993,20.0,1114.0,9.43999958,-0.7867,13.2693224,UnevenCondition,NormalCongestionCondition,EvenPaceStyle
0.400001526,24.29999924,24.50999951,246.9914143,-2.700000763,2.1695,38.03921509,948.5,5.71999979,-1.0392,13.21285343,UnevenCondition,NormalCongestionCondition,EvenPaceStyle
0.599998474,23.39999962,24.16499953,240.3867116,-0.899999619,2.2275,38.4313736,903.5,5.519999981,-1.2033,13.18119717,UnevenCondition,NormalCongestionCondition,EvenPaceStyle
0.900001526,19.79999924,22.87499957,219.3395262,-2.700000763,2.2493,89.80392456,1141.0,11.10999966,-1.3257,13.20600891,UnevenCondition,NormalCongestionCondition,EvenPaceStyle
1.800003052,24.29999924,22.66499959,215.9951881,4.5,2.1715,26.66666794,1133.0,8.470000267,-1.3632,13.20149994,UnevenCondition,NormalCongestionCondition,EvenPaceStyle
1.599998474,27.89999962,22.36499962,210.4853585,-0.899999619,2.2349,30.19607925,746.0,4.489999771,-1.5708,13.39861679,UnevenCondition,NormalCongestionCondition,EvenPaceStyle
1.700004578,21.59999847,22.07999962,207.4277234,-3.600000381,2.3719,30.19607925,752.5,4.239999771,-1.7204,13.48885536,UnevenCondition,NormalCongestionCondition,EvenPaceStyle
1.0,7.199999809,20.99999958,206.6094858,-3.599999428,2.4755,30.19607925,753.5,4.159999847,-1.825,13.66542339,UnevenCondition,HighCongestionCondition,EvenPaceStyle
-1.099998474,18.89999962,18.66724076,220.7338072,4.5,1.6671,84.31372833,1512.5,16.36000061,-1.6426,20.24628639,SmoothCondition,LowCongestionCondition,EvenPaceStyle
-0.599998474,22.5,18.73220278,217.1770357,3.600000381,1.6391,69.41176605,1808.5,22.71999931,-1.6537,20.40319824,SmoothCondition,LowCongestionCondition,EvenPaceStyle
-2.200004578,27.89999962,18.88499939,214.8968773,5.399999619,1.6399,0.0,821.5,27.54999924,-1.7908,20.5567379,SmoothCondition,LowCongestionCondition,AggressiveStyle
-3.800003052,32.39999771,20.4449993,202.0357247,1.799999237,1.6645,79.21569061,1376.5,18.98999977,-1.6543,19.96397591,SmoothCondition,LowCongestionCondition,AggressiveStyle
-3.5,35.09999847,21.02999928,198.2431401,2.700000763,1.57,71.76470947,1491.5,21.71999931,-1.6217,19.95317078,SmoothCondition,LowCongestionCondition,EvenPaceStyle
-3.599998474,38.70000076,21.67499929,195.616133,3.600002289,1.4118,61.17647171,1635.0,21.96999931,-1.4623,19.9157505,SmoothCondition,LowCongestionCondition,EvenPaceStyle
-3.700004578,41.39999771,22.36499925,193.7636579,2.699996948,1.3825,0.392156869,1700.5,18.86000061,-1.571,19.78875542,SmoothCondition,LowCongestionCondition,EvenPaceStyle
-5.0,42.29999924,23.06999924,191.5160229,0.900001526,1.3194,57.25490189,1676.5,21.19000053,-1.5197,19.7416935,SmoothCondition,LowCongestionCondition,EvenPaceStyle
-2.099998474,40.5,25.07999916,178.8717861,-0.899997711,1.2928,0.0,1561.0,18.44000053,-1.2787,19.55388641,SmoothCondition,LowCongestionCondition,EvenPaceStyle
-1.899993896,38.70000076,25.66499918,173.847728,-1.799999237,0.9796,37.25490189,1570.0,15.68999958,-1.2099,19.40965652,SmoothCondition,LowCongestionCondition,EvenPaceStyle
-2.600002289,37.79999924,26.86499918,159.1670519,-0.900001526,1.005,0.0,1467.5,18.40999985,-1.1937,19.32546425,SmoothCondition,LowCongestionCondition,EvenPaceStyle
-2.199996948,32.39999771,28.57499916,122.3408851,-1.800003052,1.1836,38.03921509,808.5,6.380000114,-1.4347,17.92716217,SmoothCondition,LowCongestionCondition,EvenPaceStyle
-2.5,19.79999924,29.45999912,100.7109115,-3.600000381,1.2841,0.784313738,1281.0,6.46999979,-1.576,17.49160194,SmoothCondition,LowCongestionCondition,EvenPaceStyle
-2.200004578,18.0,29.56499912,97.57959797,-1.799999237,1.2131,76.47058868,1419.5,15.15999985,-1.4614,17.58153343,SmoothCondition,LowCongestionCondition,EvenPaceStyle
-1.0,24.29999924,29.75999912,93.1326066,6.299999237,1.257,65.09803772,1701.0,19.44000053,-1.4843,17.67955208,SmoothCondition,LowCongestionCondition,EvenPaceStyle
-1.5,27.89999962,29.96999912,89.60247103,3.600000381,1.4078,33.72549057,1788.5,20.21999931,-1.533,17.75439835,SmoothCondition,LowCongestionCondition,EvenPaceStyle
-1.0,23.39999962,30.4799991,81.28738717,-5.399999619,1.3342,60.7843132,1672.5,19.19000053,-1.6201,17.99653435,FullOfHolesCondition,LowCongestionCondition,EvenPaceStyle
-1.5,28.79999924,30.6899991,77.8341328,5.399999619,1.3063,0.0,1792.0,21.69000053,-1.4388,18.07133102,FullOfHolesCondition,LowCongestionCondition,EvenPaceStyle
-1.400001526,30.59999847,31.1399991,70.57159018,1.799999237,1.2724,92.15686798,1321.5,16.21999931,-1.4134,18.01931953,FullOfHolesCondition,LowCongestionCondition,EvenPaceStyle
-1.900001526,35.09999847,31.63499912,64.95993734,3.599998474,1.0318,80.39215851,1528.0,22.27000046,-1.2091,18.04560089,FullOfHolesCondition,LowCongestionCondition,EvenPaceStyle
-0.799999237,38.70000076,31.88999914,64.59040396,3.600002289,0.9804,74.90196228,1655.0,25.23999977,-1.0752,18.07749748,FullOfHolesCondition,LowCongestionCondition,EvenPaceStyle
-2.0,43.19999695,35.90999893,453.3720773,0.0,1.1698,4.705882549,1199.0,10.88000011,-2.4026,15.62986851,FullOfHolesCondition,LowCongestionCondition,EvenPaceStyle
-3.900001526,37.79999924,36.53999891,431.1725871,-5.399997711,1.0147,8.235294342,1153.5,8.520000458,-2.3981,15.50902843,FullOfHolesCondition,LowCongestionCondition,EvenPaceStyle
-1.700000763,36.0,37.7699989,384.4058441,-1.799999237,1.6538,17.64705849,1102.5,12.43999958,-1.81,15.33558083,FullOfHolesCondition,LowCongestionCondition,EvenPaceStyle
-1.600002289,36.89999771,38.98499886,334.6121266,0.899997711,1.6896,96.47058868,1175.5,15.60999966,-1.6137,15.29873085,FullOfHolesCondition,LowCongestionCondition,EvenPaceStyle
-1.599998474,40.5,39.65999886,308.4278485,3.600002289,1.812,89.80392456,1236.5,16.52000046,-1.5373,15.28051186,FullOfHolesCondition,LowCongestionCondition,EvenPaceStyle
0.0,42.29999924,40.36499885,281.3809433,1.799999237,1.7089,85.09803772,1315.5,17.44000053,-1.451,15.26350498,FullOfHolesCondition,LowCongestionCondition,EvenPaceStyle
3.5,48.59999847,42.67499882,194.9846094,3.599998474,1.8195,26.66666794,1434.0,16.96999931,-1.203,15.2153511,FullOfHolesCondition,LowCongestionCondition,EvenPaceStyle
-0.599998474,43.19999695,45.44999873,89.93745453,-3.600002289,1.7825,2.352941275,1288.5,16.11000061,-1.0619,15.12260056,FullOfHolesCondition,LowCongestionCondition,EvenPaceStyle
-2.300003052,40.5,46.2599987,63.21294698,-2.699996948,1.4379,74.11764526,1203.0,15.27000046,-1.0087,15.08374977,FullOfHolesCondition,LowCongestionCondition,EvenPaceStyle
-1.199996948,41.39999771,46.67999868,53.06094784,0.899997711,0.9003,81.17647552,1301.0,17.29999924,-0.9474,15.0455246,FullOfHolesCondition,LowCongestionCondition,EvenPaceStyle
-0.100002289,47.69999695,47.17499863,43.52834651,6.299999237,0.55,78.03921509,1447.0,20.21999931,-0.733,15.02575302,FullOfHolesCondition,LowCongestionCondition,EvenPaceStyle
1.700000763,51.29999924,47.78999863,34.56091404,3.600002289,-0.0424,76.07843018,1598.0,21.79999924,-0.5935,15.00372124,FullOfHolesCondition,LowCongestionCondition,EvenPaceStyle
1.200000763,58.5,48.34499861,34.84624516,3.600002289,-0.1485,74.90196228,1729.0,23.57999992,-0.73,14.9839344,FullOfHolesCondition,LowCongestionCondition,EvenPaceStyle
2.700000763,59.39999771,48.61499863,36.39485469,0.899997711,-0.1521,75.29412079,1813.0,24.12999916,-0.8601,14.97081852,FullOfHolesCondition,LowCongestionCondition,EvenPaceStyle
3.400001526,62.09999847,48.86999861,39.35501569,2.700000763,-0.128,71.76470947,1863.0,22.65999985,-0.851,14.94761562,FullOfHolesCondition,LowCongestionCondition,EvenPaceStyle
2.099998474,63.89999771,49.15499859,43.02861698,1.799999237,-0.0395,69.41176605,1913.0,23.07999992,-0.9129,14.9250536,FullOfHolesCondition,LowCongestionCondition,EvenPaceStyle
0.700000763,66.59999847,50.18999856,60.6639619,0.900001526,0.0626,76.47058868,1580.5,22.11000061,-1.1252,14.7170496,FullOfHolesCondition,LowCongestionCondition,EvenPaceStyle
-2.700000763,67.5,50.9849987,79.04570421,-0.900001526,0.7429,31.76470566,1566.5,19.96999931,-0.8628,14.54762459,FullOfHolesCondition,LowCongestionCondition,EvenPaceStyle
-3.799999237,65.69999695,51.11999868,81.95552543,-1.800003052,0.9149,0.0,1540.0,15.73999977,-1.0469,14.48016548,FullOfHolesCondition,LowCongestionCondition,EvenPaceStyle
-3.600002289,64.79999542,51.28499864,84.85756643,-0.900001526,1.2967,20.7843132,1523.0,14.73999977,-1.0619,14.40651512,FullOfHolesCondition,LowCongestionCondition,EvenPaceStyle
-2.200000763,61.19999695,51.58499858,89.25078489,-3.599998474,1.8743,28.62745094,771.0,5.159999847,-1.0813,13.82703972,FullOfHolesCondition,LowCongestionCondition,EvenPaceStyle
0.100002289,40.5,51.52499854,92.02766606,-3.599998474,2.2245,28.62745094,790.0,5.159999847,-1.6498,13.05104351,FullOfHolesCondition,LowCongestionCondition,AggressiveStyle
0.599998474,39.59999847,51.25499859,96.03098739,-0.900001526,2.278,29.41176605,782.5,5.130000114,-1.6684,12.7780571,FullOfHolesCondition,LowCongestionCondition,AggressiveStyle
0.700000763,40.5,50.87999859,100.1507751,0.900001526,2.2855,28.23529434,789.0,5.110000134,-1.7625,12.54279804,FullOfHolesCondition,LowCongestionCondition,EvenPaceStyle
-0.299999237,36.0,50.60999864,103.7998931,-4.5,2.355,27.05882454,1485.0,16.98999977,-1.6776,12.55902004,FullOfHolesCondition,LowCongestionCondition,AggressiveStyle
0.300003052,34.20000076,50.0099987,111.3781963,-1.799999237,1.842,81.5686264,1420.5,19.32999992,-1.5609,12.59562969,FullOfHolesCondition,LowCongestionCondition,EvenPaceStyle
1.699996948,37.79999924,49.42499866,116.7852891,2.700000763,1.7239,76.07843018,1644.0,20.82999992,-1.2228,12.61714172,FullOfHolesCondition,LowCongestionCondition,EvenPaceStyle
1.799999237,42.29999924,48.94499868,118.8391192,4.5,1.056,56.47058868,1841.0,20.40999985,-1.147,12.65087891,FullOfHolesCondition,LowCongestionCondition,EvenPaceStyle
0.599998474,45.89999771,48.65999864,119.1349748,3.599998474,0.9659,0.0,1884.5,23.11000061,-1.1516,12.67185879,FullOfHolesCondition,LowCongestionCondition,AggressiveStyle
0.5,44.09999847,48.53999863,119.4919241,-1.799999237,0.5675,37.64706039,1771.0,23.04999924,-1.3708,12.70892429,FullOfHolesCondition,LowCongestionCondition,AggressiveStyle
-2.399997711,36.89999771,48.70499865,116.8896278,-1.800003052,-0.3678,63.52941132,1565.0,17.02000046,-1.0947,12.66583157,FullOfHolesCondition,LowCongestionCondition,AggressiveStyle
-3.200000763,41.39999771,48.79499861,115.0499676,4.5,-0.7014,79.21569061,1707.0,22.57999992,-0.9845,12.58317089,FullOfHolesCondition,LowCongestionCondition,EvenPaceStyle
-2.399997711,44.09999847,48.85499859,114.2536968,2.700000763,-0.8527,73.72549438,1815.0,23.23999977,-0.9041,12.5449028,FullOfHolesCondition,LowCongestionCondition,EvenPaceStyle
-2.200000763,47.69999695,48.92999852,113.6736548,3.599998474,-0.9461,55.68627548,1973.0,20.73999977,-0.9375,12.51706791,FullOfHolesCondition,LowCongestionCondition,EvenPaceStyle
-2.700000763,48.59999847,48.9899985,113.4100618,0.900001526,-0.7452,23.13725471,1904.0,25.87999916,-1.0257,12.48775291,FullOfHolesCondition,LowCongestionCondition,EvenPaceStyle
-3.299999237,46.79999924,48.95999851,113.4878584,-1.799999237,-0.525,0.0,1862.0,24.37999916,-1.1346,12.46382236,FullOfHolesCondition,LowCongestionCondition,EvenPaceStyle
1.700000763,28.79999924,48.0149985,132.6704427,-1.799999237,0.423,81.17647552,1235.5,16.27000046,-1.4042,12.41090679,FullOfHolesCondition,LowCongestionCondition,EvenPaceStyle
0.899997711,31.5,47.53499858,142.5734921,2.700000763,0.4484,25.09803963,1429.5,17.27000046,-1.3087,12.38871193,FullOfHolesCondition,LowCongestionCondition,EvenPaceStyle
1.0,32.39999771,47.27999859,146.3894163,0.899997711,0.7557,0.0,1468.5,17.79999924,-1.3535,12.37372112,FullOfHolesCondition,LowCongestionCondition,EvenPaceStyle
1.700000763,34.20000076,46.99499861,148.932678,1.800003052,0.8042,57.25490189,1382.5,17.07999992,-1.3059,12.36118698,FullOfHolesCondition,LowCongestionCondition,EvenPaceStyle
1.0,33.29999924,45.8099987,150.3222609,-0.900001526,1.1976,18.4313736,1343.5,13.72000027,-1.4731,12.36257839,FullOfHolesCondition,LowCongestionCondition,EvenPaceStyle
0.5,31.5,45.29999873,149.0308367,-1.799999237,1.1863,68.23529816,1337.0,14.68999958,-1.3818,12.35582161,FullOfHolesCondition,LowCongestionCondition,EvenPaceStyle
-1.800003052,63.89999771,38.87999884,241.209748,0.899997711,-0.5272,75.6862793,1982.0,27.44000053,-0.5937,12.0229454,SmoothCondition,LowCongestionCondition,EvenPaceStyle
-1.5,65.69999695,39.07499879,249.4879915,1.799999237,-0.481,0.0,1508.0,15.82999992,-0.5763,11.96889019,SmoothCondition,LowCongestionCondition,EvenPaceStyle
-4.0,66.59999847,39.68999869,275.0897072,0.900001526,-0.3217,80.39215851,1624.0,24.07999992,-0.5945,11.97204494,SmoothCondition,LowCongestionCondition,EvenPaceStyle
-0.5,70.19999695,40.24499868,297.8902905,3.599998474,-0.3905,79.60784149,1699.0,24.94000053,-0.6083,11.95086575,SmoothCondition,LowCongestionCondition,EvenPaceStyle
1.600002289,69.29999542,40.5749986,310.6361175,-0.900001526,-0.1181,76.86274719,1733.5,25.37999916,-0.6652,11.9470644,SmoothCondition,LowCongestionCondition,EvenPaceStyle
1.299999237,76.5,42.40499852,378.3685846,2.700004578,0.1631,76.47058868,1876.0,26.07999992,-0.7822,11.9345274,SmoothCondition,LowCongestionCondition,EvenPaceStyle
2.299999237,79.19999695,43.16999849,399.3153202,2.699996948,0.144,78.03921509,1904.5,25.69000053,-0.9078,11.92413616,SmoothCondition,LowCongestionCondition,EvenPaceStyle
3.300003052,81.90000153,44.83499848,438.3195689,2.700004578,0.2163,78.4313736,1930.0,26.98999977,-0.9375,11.90837002,SmoothCondition,LowCongestionCondition,EvenPaceStyle
2.100002289,83.69999695,45.76499844,458.1805846,1.799995422,0.3309,76.47058868,1962.5,27.62999916,-0.9204,11.90104198,SmoothCondition,LowCongestionCondition,EvenPaceStyle
1.100002289,85.5,49.8299984,512.1936325,0.900001526,0.3875,61.56863022,2036.0,23.73999977,-0.8267,11.84956551,SmoothCondition,LowCongestionCondition,EvenPaceStyle
-0.100002289,88.19999695,54.68999829,488.7558076,0.900001526,0.3697,61.96078491,2081.5,23.48999977,-0.7285,11.77082539,SmoothCondition,LowCongestionCondition,EvenPaceStyle
-1.399997711,90.0,59.89499823,414.1550483,0.900001526,0.4805,69.01960754,2116.5,24.86000061,-0.6393,11.72550201,SmoothCondition,LowCongestionCondition,EvenPaceStyle
-1.600002289,90.8999939,61.12499812,397.8690133,0.899993896,0.6233,72.94117737,2134.0,26.98999977,-0.5734,11.71176529,SmoothCondition,LowCongestionCondition,EvenPaceStyle
-1.899997711,91.79999542,62.30999807,384.6914099,0.900001526,0.6889,71.37255096,2135.0,26.87999916,-0.605,11.69642544,SmoothCondition,LowCongestionCondition,EvenPaceStyle
-1.299999237,90.8999939,63.38999799,375.1361523,-0.900001526,0.5467,73.33333588,2140.0,26.79999924,-0.7675,11.6803503,SmoothCondition,LowCongestionCondition,EvenPaceStyle
-0.599998474,90.8999939,66.47999776,347.8185568,-0.900001526,0.6243,73.72549438,2163.5,26.77000046,-0.8913,11.65180016,SmoothCondition,LowCongestionCondition,EvenPaceStyle
-0.299999237,91.79999542,67.48499769,336.9185661,0.900001526,0.6242,72.94117737,2175.0,27.79999924,-0.9243,11.63965416,SmoothCondition,LowCongestionCondition,EvenPaceStyle
-0.200000763,92.69999695,70.25999762,317.9281904,-0.900001526,0.7107,74.11764526,2186.5,29.15999985,-0.9213,11.65935612,SmoothCondition,LowCongestionCondition,EvenPaceStyle
-1.200000763,93.59999847,72.7949976,297.8628437,0.900001526,0.7107,75.6862793,2200.5,30.15999985,-1.2195,11.67598152,SmoothCondition,LowCongestionCondition,EvenPaceStyle
0.200000763,92.69999695,76.07999757,259.679586,-0.900001526,0.655,75.6862793,2232.0,29.82999992,-1.4396,11.62415504,SmoothCondition,LowCongestionCondition,EvenPaceStyle
1.200000763,94.5,77.6699976,236.6655196,1.800003052,0.5003,75.29412079,2238.0,30.54999924,-1.4326,11.60986042,SmoothCondition,LowCongestionCondition,EvenPaceStyle
3.900001526,95.3999939,78.52499752,222.1493575,0.899993896,0.3832,75.6862793,2243.5,29.21999931,-1.5823,11.59815788,SmoothCondition,LowCongestionCondition,EvenPaceStyle
7.399997711,95.3999939,83.57999751,141.9961974,0.899993896,0.456,75.29412079,2251.0,29.52000046,-1.3352,11.53640652,SmoothCondition,LowCongestionCondition,EvenPaceStyle
8.199996948,94.5,87.02999713,90.12416554,-0.899993896,0.6923,76.86274719,2233.0,29.36000061,-1.4116,11.45020771,SmoothCondition,LowCongestionCondition,EvenPaceStyle
7.400001526,93.59999847,87.49499715,82.92454704,-0.900001526,0.5894,76.47058868,2234.5,30.69000053,-1.4001,11.43962193,SmoothCondition,LowCongestionCondition,EvenPaceStyle
6.5,91.79999542,88.79999708,58.77762361,-0.900001526,0.7361,76.86274719,2225.5,30.36000061,-1.1513,11.46189117,SmoothCondition,LowCongestionCondition,EvenPaceStyle
6.799995422,95.3999939,89.63999697,44.73396286,3.599998474,0.7179,76.07843018,2229.0,30.21999931,-1.1526,11.48212719,SmoothCondition,LowCongestionCondition,EvenPaceStyle
5.399993896,91.79999542,91.1249972,21.24190043,-2.700004578,0.7794,76.47058868,2227.5,30.65999985,-1.1776,11.50830364,SmoothCondition,LowCongestionCondition,EvenPaceStyle
5.0,93.59999847,91.40999718,17.63785956,1.800003052,0.896,77.64705658,2226.0,31.62999916,-1.074,11.53151512,SmoothCondition,LowCongestionCondition,EvenPaceStyle
4.900001526,92.69999695,91.63499718,15.08773234,-0.900001526,1.0155,76.86274719,2220.0,30.48999977,-1.0786,11.55686378,SmoothCondition,LowCongestionCondition,EvenPaceStyle
5.099998474,93.59999847,91.8749972,12.47376621,0.900001526,0.9297,77.64705658,2227.0,31.48999977,-1.1439,11.71032906,SmoothCondition,LowCongestionCondition,EvenPaceStyle
6.600006104,95.3999939,92.27999713,9.815182775,0.899993896,1.1309,76.86274719,2233.0,30.71999931,-0.9488,11.88230038,SmoothCondition,LowCongestionCondition,EvenPaceStyle
6.0,98.09999847,93.28499692,6.173159883,0.900001526,0.7716,74.90196228,2253.0,30.52000046,-0.9989,12.50503826,SmoothCondition,LowCongestionCondition,EvenPaceStyle
3.299995422,98.09999847,93.80999692,4.732779299,0.900001526,0.9711,73.33333588,2282.5,26.98999977,-1.227,12.77698898,SmoothCondition,LowCongestionCondition,EvenPaceStyle
0.699996948,97.19999695,93.9449969,4.53302532,-0.900001526,0.9762,72.15686035,2288.5,27.04999924,-1.2733,12.73892689,SmoothCondition,LowCongestionCondition,EvenPaceStyle
2.199996948,85.5,87.32999751,28.66484095,0.900001526,1.2835,78.03921509,2053.0,27.04999924,-1.2066,9.552084923,SmoothCondition,LowCongestionCondition,EvenPaceStyle
2.299995422,87.29999542,87.43499743,27.974511,1.799995422,1.2363,76.86274719,2077.0,26.98999977,-1.138,9.550316811,SmoothCondition,LowCongestionCondition,EvenPaceStyle
0.599998474,88.19999695,88.2899971,20.33786284,0.900001526,1.4006,1.568627477,2058.0,23.02000046,-1.403,9.529860497,SmoothCondition,LowCongestionCondition,EvenPaceStyle
-0.699996948,87.29999542,88.48499705,17.58638046,-0.900001526,1.5095,0.0,2020.0,26.82999992,-1.4867,9.527977943,SmoothCondition,LowCongestionCondition,EvenPaceStyle
-3.599998474,85.5,88.79999708,13.08813451,-1.799995422,1.4537,70.98039246,2003.5,21.52000046,-1.3981,9.516466141,SmoothCondition,LowCongestionCondition,EvenPaceStyle
-3.700004578,86.3999939,89.06999702,9.828915212,0.899993896,1.6228,67.45098114,2053.0,23.19000053,-1.2207,9.500454903,SmoothCondition,LowCongestionCondition,EvenPaceStyle
-2.400001526,88.19999695,89.15999705,9.167186056,1.800003052,1.7132,58.8235321,2081.5,23.29999924,-1.0596,9.490325928,SmoothCondition,LowCongestionCondition,EvenPaceStyle
-1.799995422,92.69999695,89.56499697,8.250787786,1.800003052,1.3898,63.52941132,2195.5,23.40999985,-1.2281,9.427492142,SmoothCondition,LowCongestionCondition,EvenPaceStyle
-2.599998474,97.19999695,90.08999697,10.39820199,0.900001526,1.4251,0.0,2254.0,30.29999924,-1.3456,9.398152351,SmoothCondition,LowCongestionCondition,EvenPaceStyle
-0.699996948,99.0,91.01999664,14.56535326,0.900001526,1.3668,72.15686035,2335.5,25.82999992,-1.245,9.351065636,SmoothCondition,LowCongestionCondition,EvenPaceStyle
-2.099998474,101.6999969,91.30499674,17.47471869,2.699996948,1.1607,71.37255096,2381.0,24.86000061,-1.3395,9.339243889,SmoothCondition,LowCongestionCondition,EvenPaceStyle
-0.199996948,100.7999954,91.60499674,20.70556581,-0.900001526,1.1452,30.19607925,2370.0,31.61000061,-1.5895,9.340465546,SmoothCondition,LowCongestionCondition,EvenPaceStyle
1.0,99.0,91.93499667,23.7185818,-0.899993896,1.0781,0.0,2314.0,30.96999931,-1.4079,9.352804184,SmoothCondition,LowCongestionCondition,EvenPaceStyle
1.300003052,98.09999847,92.05499674,24.32997189,-0.900001526,1.1527,71.37255096,2307.5,28.23999977,-1.327,9.355768204,SmoothCondition,LowCongestionCondition,EvenPaceStyle
-0.5,99.8999939,92.7449969,28.45776924,1.799995422,1.0819,80.39215851,2372.0,30.77000046,-1.2052,9.373608589,SmoothCondition,LowCongestionCondition,EvenPaceStyle
1.099998474,99.8999939,93.04499664,31.08454678,-0.900001526,0.8795,81.96078491,2394.0,31.44000053,-1.2471,9.38407135,SmoothCondition,LowCongestionCondition,EvenPaceStyle
1.5,100.7999954,93.41999652,33.19077452,0.900001526,0.9796,83.92156982,2415.0,31.12999916,-1.1656,9.398890495,SmoothCondition,LowCongestionCondition,EvenPaceStyle
1.0,102.5999985,93.86999652,34.3851817,1.800003052,0.9062,81.96078491,2432.0,31.46999931,-1.211,9.413167,SmoothCondition,LowCongestionCondition,EvenPaceStyle
1.300003052,103.5,94.69499664,34.92861611,0.900001526,1.143,78.8235321,2453.5,28.54999924,-1.1886,9.425250053,SmoothCondition,LowCongestionCondition,EvenPaceStyle
1.099998474,105.2999954,95.35499662,34.25132983,1.799995422,1.1907,15.68627453,2468.0,26.54999924,-1.3052,9.419659615,SmoothCondition,LowCongestionCondition,EvenPaceStyle
-0.900001526,103.5,96.23999659,34.31837326,-1.799995422,1.3515,66.66666412,2406.5,24.87999916,-1.4001,9.422011375,SmoothCondition,LowCongestionCondition,EvenPaceStyle
-1.5,102.5999985,97.52999687,30.86146052,-0.900001526,1.3128,3.921568632,2389.0,23.37999916,-1.5188,9.378344536,SmoothCondition,LowCongestionCondition,EvenPaceStyle
-1.5,101.6999969,98.30999692,25.40837652,-0.900001526,1.5713,0.0,2311.0,22.69000053,-1.6819,9.355063438,SmoothCondition,LowCongestionCondition,EvenPaceStyle
-0.699996948,99.0,98.77499682,19.67682835,-0.899993896,1.5398,61.17647171,2297.5,22.77000046,-1.8091,9.342962265,SmoothCondition,LowCongestionCondition,EvenPaceStyle
2.300003052,98.09999847,99.14999695,15.05136096,-0.900001526,1.7307,50.98039246,2286.0,21.87999916,-1.8745,9.316429138,SmoothCondition,LowCongestionCondition,EvenPaceStyle
-1.699996948,18.89999962,18.34499948,162.414375,2.700000763,0.3899,69.80392456,1530.0,15.97000027,-0.3683,16.20197296,UnevenCondition,LowCongestionCondition,EvenPaceStyle
-2.5,25.19999886,18.67499947,160.2598665,6.299999237,0.5291,57.25490189,1660.5,15.22000027,-0.5378,16.24954033,UnevenCondition,LowCongestionCondition,EvenPaceStyle
-3.5,27.0,18.94499948,160.3092903,1.800001144,0.5659,6.666666985,1640.5,13.68999958,-0.5653,16.25754547,UnevenCondition,LowCongestionCondition,EvenPaceStyle
-4.300003052,26.09999847,19.13999946,160.7881968,-0.900001526,0.6111,26.27450943,1634.0,12.93999958,-0.5256,16.26135635,UnevenCondition,LowCongestionCondition,EvenPaceStyle
-5.999996185,27.0,19.48499944,162.2148493,0.900001526,0.8366,5.490196228,1642.0,19.79999924,-0.5392,16.31409836,UnevenCondition,LowCongestionCondition,EvenPaceStyle
-6.900001526,26.09999847,19.57499943,162.9232559,-0.900001526,1.0916,0.0,1542.5,18.46999931,-0.6695,16.3530941,UnevenCondition,LowCongestionCondition,EvenPaceStyle
-3.099998474,22.5,19.55999944,162.820061,-0.899999619,1.3108,22.74509811,1381.0,10.43999958,-0.8387,16.48764038,UnevenCondition,LowCongestionCondition,EvenPaceStyle
-1.199996948,20.69999886,19.34999947,161.382197,0.899999619,1.3732,76.07843018,1462.0,9.739999771,-1.0361,16.64363098,UnevenCondition,LowCongestionCondition,EvenPaceStyle
-1.5,22.5,19.28999949,160.7744684,1.800001144,1.2937,63.52941132,1671.0,16.07999992,-1.0121,16.71257401,UnevenCondition,LowCongestionCondition,EvenPaceStyle
-2.400001526,26.09999847,19.22999948,159.7200955,3.599998474,1.3606,11.37254906,1629.0,15.57999992,-1.0811,16.77514648,UnevenCondition,LowCongestionCondition,EvenPaceStyle
-2.400001526,25.19999886,19.03499944,155.9819676,-0.899999619,1.3612,58.4313736,1562.5,12.80000019,-1.2035,16.92581749,UnevenCondition,LowCongestionCondition,EvenPaceStyle
-2.299999237,26.09999847,18.91499943,153.3643404,0.899999619,1.5283,40.7843132,1658.0,15.40999985,-1.368,16.99713135,UnevenCondition,LowCongestionCondition,EvenPaceStyle
-2.5,27.0,18.77999945,150.0138241,0.900001526,1.6319,2.352941275,1707.5,14.43999958,-1.607,17.0625248,UnevenCondition,LowCongestionCondition,EvenPaceStyle
-1.0,21.59999847,17.65499945,120.9533584,-0.900001526,1.7504,55.68627548,1389.0,12.60999966,-1.7937,17.34751511,UnevenCondition,LowCongestionCondition,EvenPaceStyle
-1.099998474,20.69999886,17.17499943,110.277833,-0.899999619,1.6475,50.58823776,1371.0,11.05000019,-1.7664,17.43239594,UnevenCondition,LowCongestionCondition,EvenPaceStyle
-0.800003052,24.29999924,16.81499943,102.3755279,3.600000381,1.4685,32.94117737,1522.5,17.40999985,-1.7192,17.53553009,UnevenCondition,LowCongestionCondition,EvenPaceStyle
-0.100002289,23.39999962,16.48499944,95.20908756,-0.899999619,1.4616,0.0,1347.0,16.15999985,-1.7458,17.71567154,UnevenCondition,LowCongestionCondition,EvenPaceStyle
0.400001526,17.10000038,16.16999941,90.74653623,-4.499998093,1.7209,9.411765099,977.0,10.32999992,-1.7781,17.84046936,UnevenCondition,LowCongestionCondition,EvenPaceStyle
0.599998474,15.29999924,16.07999945,90.26602797,-1.800001144,1.7617,27.05882454,751.0,4.769999981,-1.7577,17.87835884,UnevenCondition,LowCongestionCondition,EvenPaceStyle
-0.200000763,14.39999962,16.18499944,89.55281619,-0.899999619,1.8074,21.17647171,752.0,5.269999981,-1.7497,18.12166405,UnevenCondition,LowCongestionCondition,EvenPaceStyle
-0.899997711,12.59999943,16.28999944,88.10328238,-1.800000191,1.7394,69.80392456,796.5,6.300000191,-1.7654,18.32283783,UnevenCondition,LowCongestionCondition,EvenPaceStyle
-0.299999237,13.5,16.45499944,85.47810456,0.900000572,1.5562,62.74509811,891.5,7.46999979,-1.6685,18.4906292,UnevenCondition,LowCongestionCondition,EvenPaceStyle
1.200000763,14.39999962,16.66499943,81.86468108,0.899999619,1.5188,35.68627548,984.0,7.800000191,-1.6155,18.58396912,UnevenCondition,LowCongestionCondition,EvenPaceStyle
0.800003052,16.19999886,16.93499941,77.0870543,1.799999237,1.4567,27.45098114,960.5,6.769999981,-1.5951,18.6101265,UnevenCondition,LowCongestionCondition,EvenPaceStyle
4.0,15.29999924,17.1899994,72.20531737,-0.899999619,1.6102,26.27450943,746.0,5.190000057,-1.6323,18.56337547,UnevenCondition,LowCongestionCondition,EvenPaceStyle
8.899997711,11.69999981,18.05999939,53.01701342,-1.800000191,1.6127,27.45098114,742.0,4.050000191,-1.7154,18.18217278,UnevenCondition,LowCongestionCondition,EvenPaceStyle
7.799999237,10.79999924,18.41999938,45.20806485,-0.900000572,1.877,31.37254906,748.5,4.329999924,-1.8018,18.00264168,UnevenCondition,LowCongestionCondition,EvenPaceStyle
6.899997711,9.899999619,18.47999938,43.94501408,-0.899999619,1.8523,29.80392265,751.0,4.190000057,-1.8878,18.00503731,UnevenCondition,LowCongestionCondition,EvenPaceStyle
-3.799995422,19.79999924,17.92241344,184.8017649,5.399999619,2.0945,73.33333588,1508.0,20.73999977,-0.4594,20.46597862,SmoothCondition,LowCongestionCondition,EvenPaceStyle
-4.299995422,29.69999886,18.71999961,177.7002664,0.899999619,2.0707,34.50980377,1084.0,10.97000027,-0.2501,20.28648758,SmoothCondition,LowCongestionCondition,EvenPaceStyle
-4.800003052,32.39999771,19.75499955,169.9469184,2.699998856,1.9406,70.19608307,1436.5,17.48999977,-0.1421,20.18767929,SmoothCondition,LowCongestionCondition,EvenPaceStyle
-4.5,35.09999847,20.33999953,166.9753164,2.700000763,1.9497,66.66666412,1511.5,18.15999985,0.0939,20.12099266,SmoothCondition,LowCongestionCondition,EvenPaceStyle
-5.900001526,38.70000076,21.5999995,161.697961,1.800003052,1.7067,59.60784531,1590.0,18.73999977,0.2192,19.94951248,SmoothCondition,LowCongestionCondition,EvenPaceStyle
-6.400001526,40.5,22.2749995,159.3812244,1.799999237,1.7445,19.6078434,1651.5,19.19000053,0.2457,19.85855675,SmoothCondition,LowCongestionCondition,EvenPaceStyle
-2.299999237,33.29999924,26.71499951,115.8297696,-0.900001526,1.4001,32.54901886,776.0,6.329999924,0.0364,18.48557091,SmoothCondition,LowCongestionCondition,EvenPaceStyle
-1.800003052,29.69999886,27.20999949,103.6351513,-3.600000381,1.4916,36.47058868,795.0,6.110000134,-0.094,18.10211754,SmoothCondition,LowCongestionCondition,EvenPaceStyle
-1.400001526,21.59999847,27.88499945,84.72027924,-4.5,1.7757,36.47058868,798.0,6.21999979,-0.3701,17.73936462,SmoothCondition,LowCongestionCondition,EvenPaceStyle
-1.299995422,15.29999924,28.00499945,80.75539796,-6.299999237,1.97,37.64706039,796.5,6.239999771,-0.5838,17.79875374,SmoothCondition,LowCongestionCondition,EvenPaceStyle
-0.099998474,4.5,27.88499947,85.65383783,-4.5,1.9367,78.8235321,723.0,6.96999979,-0.5824,18.12749481,SmoothCondition,LowCongestionCondition,EvenPaceStyle
-0.200000763,13.5,27.67499946,93.07105828,3.600000381,1.956,30.98039246,835.0,17.96999931,-0.7582,18.44744682,SmoothCondition,LowCongestionCondition,EvenPaceStyle
-1.100002289,21.59999847,27.82499946,90.01410896,4.499998093,1.8301,40.7843132,1418.0,17.98999977,-0.7909,18.60126114,SmoothCondition,LowCongestionCondition,EvenPaceStyle
-1.400001526,25.19999886,27.98999945,87.44430383,3.600000381,1.7889,0.0,1597.5,20.61000061,-0.8262,18.67947388,SmoothCondition,LowCongestionCondition,EvenPaceStyle
-1.800003052,24.29999924,27.94499944,87.57404118,-0.899999619,1.38,48.62745285,1537.5,16.27000046,-0.5533,18.80048943,SmoothCondition,LowCongestionCondition,EvenPaceStyle
-2.099998474,25.19999886,27.89999943,87.69965988,0.899999619,1.3527,53.33333588,1639.0,17.15999985,-0.5139,18.83369255,FullOfHolesCondition,LowCongestionCondition,EvenPaceStyle
-3.099998474,29.69999886,27.85499942,87.54658348,2.699998856,1.32,48.23529434,1630.0,17.69000053,-0.4769,18.89709282,FullOfHolesCondition,LowCongestionCondition,EvenPaceStyle
-2.700000763,31.5,27.8099994,87.08735445,1.800001144,1.0449,25.09803963,827.5,6.489999771,-0.5284,18.52668381,FullOfHolesCondition,LowCongestionCondition,EvenPaceStyle
-1.899997711,29.69999886,27.73499937,86.45010835,-1.800001144,1.0036,29.80392265,770.5,5.96999979,-0.3433,18.15069199,FullOfHolesCondition,LowCongestionCondition,EvenPaceStyle
-1.5,28.79999924,27.65999937,85.93871007,-0.899999619,0.6993,98.8235321,1267.0,15.73999977,-0.1424,18.14842606,FullOfHolesCondition,LowCongestionCondition,EvenPaceStyle
-1.599998474,30.59999847,27.61499936,85.54400661,1.799999237,0.399,81.5686264,1350.0,17.90999985,0.0329,18.14620399,FullOfHolesCondition,LowCongestionCondition,EvenPaceStyle
-1.5,36.89999771,27.64499935,86.05471818,2.699996948,0.0485,71.37255096,1579.0,20.69000053,0.3585,18.1473484,FullOfHolesCondition,LowCongestionCondition,EvenPaceStyle
-1.099998474,39.59999847,27.71999935,87.52942144,2.700000763,0.0278,67.05882263,1675.0,20.46999931,0.3932,18.1271019,FullOfHolesCondition,LowCongestionCondition,EvenPaceStyle
-1.0,41.39999771,27.82499933,89.7669887,1.799999237,0.0473,62.74509811,1735.5,19.27000046,0.4382,18.08194923,FullOfHolesCondition,LowCongestionCondition,EvenPaceStyle
-0.799999237,41.39999771,28.16999928,97.40043609,-0.900001526,0.3599,29.80392265,1662.5,17.32999992,0.4343,18.03203964,FullOfHolesCondition,LowCongestionCondition,EvenPaceStyle
-0.599998474,43.19999695,28.69499915,107.7736959,0.899997711,0.8559,0.0,1735.0,21.98999977,0.367,17.91253853,FullOfHolesCondition,LowCongestionCondition,EvenPaceStyle
0.699996948,36.89999771,29.27999916,115.1975523,-1.800003052,1.1458,34.11764908,1458.0,18.77000046,0.208,17.90678787,FullOfHolesCondition,LowCongestionCondition,EvenPaceStyle
0.900001526,36.0,29.78999914,113.1720954,0.900001526,1.3828,44.31372452,1489.5,15.30000019,0.3311,17.82499886,FullOfHolesCondition,LowCongestionCondition,EvenPaceStyle
0.399997711,36.89999771,30.19499911,108.8536969,0.899997711,1.2455,45.09804153,1520.5,14.98999977,0.1371,17.76761246,FullOfHolesCondition,LowCongestionCondition,EvenPaceStyle
0.199996948,37.79999924,30.6149991,104.4073921,0.900001526,1.4276,16.07843208,1556.5,19.44000053,-0.0433,17.76384735,FullOfHolesCondition,LowCongestionCondition,EvenPaceStyle
1.200004578,39.59999847,34.66499914,34.47282215,1.799999237,1.513,0.0,1617.0,18.87999916,-0.3269,13.29141712,UnevenCondition,LowCongestionCondition,EvenPaceStyle
-2.300003052,35.09999847,35.87999922,30.29857704,-0.900001526,1.7028,72.15686035,1470.0,14.68999958,-0.5706,14.62321568,UnevenCondition,LowCongestionCondition,EvenPaceStyle
-1.099998474,36.0,35.95499922,29.96794156,0.900001526,1.6605,50.98039246,1516.0,15.43999958,-0.5356,14.60906601,UnevenCondition,LowCongestionCondition,EvenPaceStyle
-0.800003052,37.79999924,36.04499925,29.80319561,1.799999237,1.8085,0.0,1502.5,18.19000053,-0.5564,14.6078167,UnevenCondition,LowCongestionCondition,EvenPaceStyle
-0.900001526,36.0,36.25499926,28.5859072,-0.899997711,1.73,27.84313774,751.5,7.21999979,-0.7961,14.51083088,UnevenCondition,LowCongestionCondition,EvenPaceStyle
-0.800003052,34.20000076,36.38999929,26.89108478,-1.799999237,1.9999,29.01960754,748.0,4.989999771,-0.8851,14.36564827,UnevenCondition,LowCongestionCondition,EvenPaceStyle
0.0,30.59999847,36.53999929,23.72888114,-3.600002289,2.1123,29.80392265,754.0,4.239999771,-0.9414,14.21613407,UnevenCondition,LowCongestionCondition,EvenPaceStyle
0.599998474,11.69999981,36.43499929,28.65180474,-6.300000191,2.6977,30.19607925,748.0,3.940000057,-1.1196,14.04852772,UnevenCondition,LowCongestionCondition,EvenPaceStyle
-0.099998474,3.599999905,21.17999958,337.6866992,3.599999905,1.3095,85.49019623,745.5,4.96999979,0.049,14.12990952,UnevenCondition,LowCongestionCondition,EvenPaceStyle
-0.400001526,8.099999428,20.63999957,333.9634448,4.499999523,1.305,0.0,1205.5,15.97000027,0.0027,14.18187332,UnevenCondition,LowCongestionCondition,EvenPaceStyle
-0.5,13.5,20.18999957,327.9364952,5.400000572,1.2993,18.8235302,1165.0,11.68999958,-0.0248,14.20592594,UnevenCondition,LowCongestionCondition,EvenPaceStyle
-1.099998474,22.5,19.09499962,307.7750473,5.399999619,0.9594,75.29412079,1559.0,18.02000046,0.1935,14.31797981,UnevenCondition,LowCongestionCondition,EvenPaceStyle
-1.400001526,27.0,18.83999964,299.6414121,4.5,0.9102,69.41176605,1868.5,20.73999977,0.2237,14.35343075,UnevenCondition,LowCongestionCondition,EvenPaceStyle
-0.699996948,32.39999771,18.59999961,291.4260894,0.899997711,0.9718,27.45098114,783.0,6.409999847,0.1996,14.29097652,UnevenCondition,LowCongestionCondition,EvenPaceStyle
-0.199996948,30.59999847,18.4049996,285.1316572,-1.799999237,0.9672,0.0,1249.5,14.93999958,0.1788,14.22939396,UnevenCondition,LowCongestionCondition,EvenPaceStyle
0.0,28.79999924,18.1799996,278.3324626,-1.799999237,1.1994,3.529411793,1080.5,9.18999958,-0.0642,14.23913765,UnevenCondition,LowCongestionCondition,EvenPaceStyle
0.199996948,25.19999886,17.96999959,272.5983949,-3.600000381,1.4299,18.4313736,723.5,6.050000191,-0.2012,14.22977161,UnevenCondition,LowCongestionCondition,EvenPaceStyle
0.900001526,1.799999952,16.60499967,257.7014907,-7.200000048,1.6952,27.84313774,761.0,4.190000057,-0.4482,14.34821224,UnevenCondition,LowCongestionCondition,EvenPaceStyle
0.0,1.799999952,12.73499967,218.5304373,1.799999952,1.995,69.01960754,683.0,4.659999847,-0.4858,14.41624737,UnevenCondition,LowCongestionCondition,EvenPaceStyle
1.099998474,9.0,11.69999971,200.6328708,7.200000048,2.0541,43.13725662,1241.5,12.85999966,-0.517,14.52368832,UnevenCondition,LowCongestionCondition,EvenPaceStyle
0.5,15.29999924,10.99499972,181.1130156,1.799999237,2.1082,0.0,920.5,6.610000134,-0.4833,14.58893681,UnevenCondition,LowCongestionCondition,EvenPaceStyle
1.099998474,18.89999962,10.33499972,159.2677276,3.600000381,1.88,80.78431702,1351.5,14.40999985,-0.3484,14.77968693,UnevenCondition,LowCongestionCondition,EvenPaceStyle
1.0,26.09999847,9.929999729,142.6963642,3.599998474,1.7424,61.17647171,1770.5,17.23999977,-0.2672,15.18238544,UnevenCondition,LowCongestionCondition,EvenPaceStyle
0.700004578,29.69999886,9.854999697,139.3316594,3.600000381,1.7332,56.07843399,1965.0,19.21999931,-0.2983,15.35335636,UnevenCondition,LowCongestionCondition,EvenPaceStyle
0.5,31.5,9.869999723,139.9780588,1.800001144,1.6522,0.0,975.0,9.659999847,-0.1948,15.39821434,UnevenCondition,LowCongestionCondition,AggressiveStyle
0.0,32.39999771,10.0049997,145.0336931,0.899997711,1.3929,55.68627548,1284.0,11.77000046,-0.0145,15.40490913,UnevenCondition,LowCongestionCondition,AggressiveStyle
-0.300003052,33.29999924,10.25999968,153.0817519,0.900001526,1.1754,35.68627548,1356.0,15.60999966,0.2112,15.40557861,UnevenCondition,LowCongestionCondition,AggressiveStyle
-1.199996948,30.59999847,12.13499961,178.8175545,-1.799999237,1.294,1.176470637,1219.0,15.18999958,0.387,15.34514904,UnevenCondition,LowCongestionCondition,EvenPaceStyle
-1.399993896,31.5,13.67999955,186.8161896,0.900001526,1.3464,0.0,1242.0,15.35999966,0.1865,15.23075867,UnevenCondition,LowCongestionCondition,EvenPaceStyle
0.099998474,6.299999714,20.71499945,327.7751787,-0.900000095,-0.0215,46.66666794,765.0,6.019999981,0.0143,18.3452301,FullOfHolesCondition,LowCongestionCondition,EvenPaceStyle
0.200004578,5.399999619,19.67999951,325.3033077,-0.900000095,0.1253,37.64706039,854.5,6.690000057,-0.0653,18.57245445,FullOfHolesCondition,LowCongestionCondition,EvenPaceStyle
0.5,4.5,19.1099995,322.7470015,-0.899999619,0.1889,32.94117737,781.5,6.380000114,-0.1001,18.72912216,FullOfHolesCondition,LowCongestionCondition,EvenPaceStyle
-0.199996948,1.799999952,2.294999925,30.10522683,1.799999952,-0.2658,81.17647552,757.0,9.609999657,0.1594,19.25102234,FullOfHolesCondition,LowCongestionCondition,EvenPaceStyle
-0.5,4.5,1.934999951,20.45112633,2.700000048,-0.1344,0.0,1407.0,20.73999977,0.1399,19.39085388,FullOfHolesCondition,LowCongestionCondition,EvenPaceStyle
-0.599998474,14.39999962,1.679999948,12.36874504,1.800000191,-0.2183,40.7843132,939.5,12.85999966,0.1806,19.50504875,FullOfHolesCondition,LowCongestionCondition,EvenPaceStyle
-0.699996948,18.89999962,1.769999941,15.01840585,4.5,-0.5099,95.6862793,1261.5,17.27000046,0.223,19.57044792,FullOfHolesCondition,LowCongestionCondition,EvenPaceStyle
-0.599998474,27.0,2.459999939,32.75328704,3.600000381,-0.5546,64.31372833,1847.0,22.04999924,0.0312,19.68726158,FullOfHolesCondition,LowCongestionCondition,EvenPaceStyle
-0.699996948,29.69999886,2.95499992,44.9781081,2.699998856,-0.4388,10.1960783,809.0,6.989999771,0.0459,19.39670372,FullOfHolesCondition,LowCongestionCondition,EvenPaceStyle
-1.199996948,32.39999771,4.484999843,81.09586694,2.699998856,-0.2263,79.60784149,1385.5,18.61000061,0.0875,19.36194992,FullOfHolesCondition,LowCongestionCondition,EvenPaceStyle
-2.0,34.20000076,5.054999856,95.39030855,1.800003052,-0.2595,74.50980377,1494.0,20.12999916,0.0716,19.35316849,FullOfHolesCondition,LowCongestionCondition,EvenPaceStyle
-2.699996948,36.89999771,5.669999818,111.7607724,2.699996948,-0.2507,80.39215851,1586.5,23.87999916,0.1622,19.36161995,FullOfHolesCondition,LowCongestionCondition,EvenPaceStyle
-3.200004578,43.19999695,7.064999767,153.1263709,2.699996948,-0.3634,75.6862793,1841.5,26.77000046,0.35,19.37691879,FullOfHolesCondition,LowCongestionCondition,EvenPaceStyle
-3.5,45.89999771,7.829999729,177.2472073,2.700000763,-0.313,0.0,1045.5,28.46999931,0.3663,19.39068794,FullOfHolesCondition,LowCongestionCondition,EvenPaceStyle
-3.599998474,46.79999924,8.609999716,201.3293762,0.900001526,-0.4244,98.8235321,1397.0,10.72000027,0.4137,19.11759377,FullOfHolesCondition,LowCongestionCondition,EvenPaceStyle
-3.799999237,50.39999771,10.24499963,251.5967346,2.700000763,-0.3458,79.60784149,1470.5,21.77000046,0.5139,18.99147224,FullOfHolesCondition,LowCongestionCondition,EvenPaceStyle
-4.0,52.19999695,11.11499958,278.8822903,1.799999237,-0.1602,76.47058868,1562.0,23.04999924,0.2338,18.94028091,FullOfHolesCondition,LowCongestionCondition,EvenPaceStyle
-3.200000763,54.0,12.01499958,307.1361894,1.800003052,0.0136,74.50980377,1614.0,23.11000061,0.1451,18.88238525,FullOfHolesCondition,LowCongestionCondition,EvenPaceStyle
-3.300003052,56.69999695,12.95999953,337.6244484,2.699996948,-0.1002,71.37255096,1681.0,23.29999924,0.2379,18.81943321,FullOfHolesCondition,LowCongestionCondition,EvenPaceStyle
-3.0,58.5,13.93499953,368.9616103,1.800003052,-0.0811,13.33333397,1726.5,21.40999985,0.2765,18.72904968,FullOfHolesCondition,LowCongestionCondition,EvenPaceStyle
-0.299999237,43.19999695,20.44499934,508.7374001,-1.800003052,1.1535,1.960784316,1254.0,16.04999924,0.1551,18.16358757,FullOfHolesCondition,LowCongestionCondition,EvenPaceStyle
-0.800003052,41.39999771,21.02999931,512.4407466,-1.799999237,1.1086,5.490196228,1273.5,12.98999977,0.2618,18.0543232,FullOfHolesCondition,LowCongestionCondition,EvenPaceStyle
-0.399997711,38.70000076,21.58499933,513.2788917,-2.699996948,1.1645,67.05882263,1237.5,14.57999992,0.2807,17.97014427,FullOfHolesCondition,LowCongestionCondition,EvenPaceStyle
-1.0,44.09999847,22.2449993,516.4804508,5.399997711,1.3098,84.31372833,1298.0,17.12999916,0.1751,17.91726303,FullOfHolesCondition,LowCongestionCondition,EvenPaceStyle
-1.700000763,45.89999771,23.68499924,517.672111,1.799999237,0.8693,82.74510193,1407.5,18.71999931,0.1587,17.87381363,FullOfHolesCondition,LowCongestionCondition,EvenPaceStyle
-2.599998474,48.59999847,24.49499921,518.0180771,2.700000763,0.7171,80.39215851,1478.0,20.37999916,0.2264,17.83877182,FullOfHolesCondition,LowCongestionCondition,EvenPaceStyle
-2.700000763,50.39999771,25.33499918,518.5049918,1.799999237,0.4518,80.0,1546.5,22.04999924,0.4088,17.80735779,FullOfHolesCondition,LowCongestionCondition,EvenPaceStyle
-2.699996948,55.79999924,28.03499911,520.3446541,1.799999237,0.5341,69.01960754,1658.0,23.61000061,0.5111,17.69854736,FullOfHolesCondition,LowCongestionCondition,EvenPaceStyle
-2.5,55.79999924,29.92499907,517.9503503,-1.799999237,0.5318,0.0,1666.5,21.79999924,0.4145,17.56510925,FullOfHolesCondition,LowCongestionCondition,EvenPaceStyle
2.0,42.29999924,34.85999892,442.3661431,-3.599998474,-0.0701,2.352941275,1246.5,15.80000019,0.2426,17.270401,FullOfHolesCondition,LowCongestionCondition,EvenPaceStyle
1.899997711,41.39999771,35.54999888,422.0099747,-0.900001526,0.0244,25.49019623,1221.0,12.23999977,0.3496,17.17729187,FullOfHolesCondition,LowCongestionCondition,EvenPaceStyle
1.699996948,40.5,36.91499885,378.2697486,-0.899997711,-0.2103,7.450980663,1194.0,11.65999985,0.4083,17.02201653,FullOfHolesCondition,LowCongestionCondition,EvenPaceStyle
1.200000763,37.79999924,37.54499883,354.7824958,-2.700000763,-0.2769,35.68627548,1176.0,14.23999977,0.3541,16.9771595,FullOfHolesCondition,LowCongestionCondition,EvenPaceStyle
0.799999237,38.70000076,38.18999885,330.4900482,0.900001526,-0.3272,87.05882263,1192.0,15.65999985,0.386,16.94013977,FullOfHolesCondition,LowCongestionCondition,EvenPaceStyle
0.0,41.39999771,38.87999881,305.460592,2.699996948,-0.079,86.27451324,1253.0,16.71999931,0.4833,16.90635109,FullOfHolesCondition,LowCongestionCondition,EvenPaceStyle
-1.199996948,45.0,40.34999876,252.97168,1.800003052,0.0885,82.74510193,1365.5,17.54999924,0.4524,16.87345314,FullOfHolesCondition,LowCongestionCondition,EvenPaceStyle
1.599998474,112.5,114.8549966,12.1113252,-2.699996948,0.33,0.0,2608.5,36.61000061,-0.4906,9.833883286,SmoothCondition,LowCongestionCondition,EvenPaceStyle
1.5,102.5999985,114.6599965,15.3817584,-1.799995422,0.6881,61.17647171,2400.5,24.15999985,-0.5096,9.814927101,SmoothCondition,LowCongestionCondition,EvenPaceStyle
1.400001526,101.6999969,114.5099965,17.93989387,-0.900001526,0.8972,70.98039246,2392.0,27.65999985,-0.4,9.810961723,SmoothCondition,LowCongestionCondition,EvenPaceStyle
2.0,99.0,113.7749967,31.11749307,-1.799995422,1.1375,80.39215851,2319.0,28.29999924,-0.4552,9.804535866,SmoothCondition,LowCongestionCondition,EvenPaceStyle
2.5,99.8999939,113.1449968,40.91437237,0.899993896,1.2549,72.54901886,2347.0,28.07999992,-0.5676,9.827455521,SmoothCondition,LowCongestionCondition,EvenPaceStyle
3.300003052,99.0,112.7549967,46.98250779,-0.899993896,1.0733,39.60784531,2326.0,31.11000061,-0.5247,9.833151817,SmoothCondition,LowCongestionCondition,EvenPaceStyle
3.0,98.09999847,112.5449968,50.50623577,-0.900001526,1.0533,81.96078491,2290.5,30.61000061,-0.4353,9.844999313,SmoothCondition,LowCongestionCondition,EvenPaceStyle
3.0,99.0,112.1099968,56.92971664,0.900001526,1.2008,72.54901886,2331.0,26.15999985,-0.2979,9.852676392,SmoothCondition,LowCongestionCondition,EvenPaceStyle
1.900001526,99.8999939,111.8999967,59.40914148,0.899993896,1.0754,71.76470947,2346.5,26.23999977,-0.2124,9.848505974,SmoothCondition,LowCongestionCondition,EvenPaceStyle
-0.800003052,101.6999969,110.8499964,68.45643143,0.900001526,0.9085,78.8235321,2393.0,30.77000046,0.1246,9.846482277,SmoothCondition,LowCongestionCondition,EvenPaceStyle
-2.300003052,104.3999939,109.7699964,69.19229048,0.899993896,0.8654,79.21569061,2455.0,26.73999977,-0.0093,9.832696915,SmoothCondition,LowCongestionCondition,EvenPaceStyle
-2.900001526,105.2999954,109.5599964,68.36581675,0.900001526,0.678,83.92156982,2476.5,26.96999931,-0.0022,9.830032349,SmoothCondition,LowCongestionCondition,EvenPaceStyle
-4.400001526,107.0999985,108.9449965,64.0977581,0.900001526,0.5711,84.31372833,2518.5,26.86000061,0.133,9.815363884,SmoothCondition,LowCongestionCondition,EvenPaceStyle
-5.200004578,109.7999954,108.2849967,57.39992943,0.900001526,0.594,79.21569061,2570.0,28.15999985,-0.0501,9.772972107,SmoothCondition,LowCongestionCondition,EvenPaceStyle
-2.799995422,113.3999939,107.7449966,51.10115099,3.599998474,0.2355,69.80392456,2571.5,24.69000053,-0.2621,9.681882858,SmoothCondition,LowCongestionCondition,EvenPaceStyle
-2.800003052,108.8999939,107.5949966,49.35301623,-4.5,0.2853,70.58823395,2554.5,24.62999916,-0.2384,9.664134979,SmoothCondition,LowCongestionCondition,EvenPaceStyle
-0.699996948,108.0,107.2799967,45.68399272,-0.899993896,0.2464,71.37255096,2527.5,23.86000061,-0.3306,9.623973846,SmoothCondition,LowCongestionCondition,EvenPaceStyle
0.100006104,107.0999985,107.0999968,43.73999376,-0.900001526,0.2765,70.98039246,2505.0,23.69000053,-0.277,9.606021881,SmoothCondition,LowCongestionCondition,EvenPaceStyle
2.800003052,103.5,106.229997,35.4743373,-0.899993896,0.1825,61.96078491,2416.5,22.65999985,-0.2008,9.527161598,SmoothCondition,LowCongestionCondition,EvenPaceStyle
3.0,102.5999985,105.9749971,33.32326212,-0.900001526,0.2027,59.60784531,2389.5,22.44000053,-0.2686,9.507963181,SmoothCondition,LowCongestionCondition,EvenPaceStyle
2.400001526,99.8999939,105.4049971,29.1076044,-1.800003052,0.2431,60.0,2341.5,24.48999977,-0.2616,9.473714828,SmoothCondition,LowCongestionCondition,EvenPaceStyle
2.799995422,99.0,104.819997,25.41111895,-0.899993896,0.209,71.76470947,2333.0,25.36000061,-0.2357,9.462759018,SmoothCondition,LowCongestionCondition,EvenPaceStyle
2.799995422,98.09999847,103.919997,19.31552122,-0.900001526,0.0871,79.21569061,2317.5,28.87999916,-0.1269,9.43413353,SmoothCondition,LowCongestionCondition,EvenPaceStyle
2.599998474,99.8999939,103.1249971,16.01579922,0.899993896,0.0661,79.21569061,2343.5,30.36000061,0.0539,9.420021057,SmoothCondition,LowCongestionCondition,EvenPaceStyle
2.300003052,100.7999954,103.019997,16.24026595,0.900001526,0.1749,80.39215851,2360.5,30.02000046,0.03,9.410333633,SmoothCondition,LowCongestionCondition,EvenPaceStyle
-1.099998474,100.7999954,103.1249969,15.74122448,-1.800003052,0.0081,0.0,2356.0,31.65999985,-0.0434,9.345227242,SmoothCondition,LowCongestionCondition,EvenPaceStyle
-1.200004578,98.09999847,103.1099969,15.88057211,-1.799995422,0.0559,27.45098114,2280.0,19.77000046,-0.0132,9.318219185,SmoothCondition,LowCongestionCondition,EvenPaceStyle
-2.099998474,97.19999695,103.064997,16.29586839,-0.900001526,0.1715,56.07843399,2288.0,22.27000046,-0.028,9.300470352,SmoothCondition,LowCongestionCondition,EvenPaceStyle
-2.200004578,93.59999847,102.719997,20.0294185,-0.900001526,0.5361,63.52941132,2198.0,22.19000053,-0.35,9.237407684,SmoothCondition,LowCongestionCondition,EvenPaceStyle
-0.900001526,92.69999695,102.2099972,25.02395874,-1.800003052,0.7876,29.01960754,2183.5,21.40999985,-0.2938,9.225309372,SmoothCondition,LowCongestionCondition,EvenPaceStyle
2.099998474,106.1999969,99.71999652,20.25823699,0.900001526,0.6548,81.17647552,2481.0,35.18999863,0.1491,10.87928581,SmoothCondition,LowCongestionCondition,EvenPaceStyle
1.599998474,107.0999985,100.2149966,19.51756742,0.900001526,0.5947,80.39215851,2508.5,35.11000061,0.3381,10.83574104,SmoothCondition,LowCongestionCondition,EvenPaceStyle
0.699996948,108.0,100.7399967,18.66752558,0.900001526,0.4774,81.96078491,2530.0,34.97000122,0.5178,10.79472065,SmoothCondition,LowCongestionCondition,EvenPaceStyle
0.0,108.8999939,101.2949968,17.66692307,0.899993896,0.4335,80.78431702,2552.0,34.11000061,0.539,10.88485146,SmoothCondition,LowCongestionCondition,EvenPaceStyle
0.400001526,109.7999954,102.1049966,16.67844742,0.900001526,0.1616,79.60784149,2579.5,35.33000183,0.4199,10.93115711,SmoothCondition,LowCongestionCondition,EvenPaceStyle
1.400001526,111.5999985,103.2299965,16.839766,-0.900001526,0.2335,80.0,2600.5,35.08000183,0.3199,10.84581375,SmoothCondition,LowCongestionCondition,EvenPaceStyle
0.699996948,113.3999939,104.3249966,17.63580526,-0.900001526,0.2912,82.35294342,2608.0,31.48999977,0.1747,10.65316582,SmoothCondition,LowCongestionCondition,EvenPaceStyle
1.300003052,111.5999985,104.5949966,17.10861844,-1.799995422,0.1982,79.60784149,2596.5,29.79999924,0.118,10.62524796,SmoothCondition,LowCongestionCondition,EvenPaceStyle
1.5,110.6999969,104.8199966,16.76196604,-0.900001526,0.079,83.13725281,2598.0,28.61000061,-0.0426,10.58025169,SmoothCondition,LowCongestionCondition,EvenPaceStyle
1.099998474,111.5999985,105.0449966,16.72421264,0.900001526,0.1239,79.60784149,2590.5,27.44000053,-0.0592,10.53406334,SmoothCondition,LowCongestionCondition,EvenPaceStyle
2.300003052,109.7999954,106.0349969,17.06468783,-0.900001526,-0.1923,74.90196228,2548.0,26.29999924,-0.3534,10.30539131,SmoothCondition,LowCongestionCondition,EvenPaceStyle
1.799995422,108.8999939,106.3349968,16.19519663,-0.900001526,-0.0484,85.09803772,2547.5,34.52000046,-0.3442,10.32551193,SmoothCondition,LowCongestionCondition,EvenPaceStyle
2.099998474,108.0,106.4249968,15.99750211,-0.899993896,0.065,81.5686264,2554.0,34.90999985,-0.3091,10.30495834,SmoothCondition,LowCongestionCondition,EvenPaceStyle
0.400001526,107.0999985,106.4699969,15.93366295,-0.900001526,0.139,78.8235321,2560.0,32.68999863,-0.2963,10.28020096,SmoothCondition,LowCongestionCondition,EvenPaceStyle
0.799995422,109.7999954,106.5599969,16.04074732,2.699996948,0.2078,81.17647552,2566.0,32.04999924,-0.2717,10.25388908,SmoothCondition,LowCongestionCondition,EvenPaceStyle
-3.0,110.6999969,106.664997,16.24095895,0.900001526,0.123,81.5686264,2575.0,31.21999931,-0.2104,10.22621059,SmoothCondition,LowCongestionCondition,EvenPaceStyle
-3.800003052,109.7999954,106.829997,16.59264507,-0.900001526,0.0547,81.17647552,2575.5,31.57999992,-0.1587,10.20050335,SmoothCondition,LowCongestionCondition,EvenPaceStyle
-1.5,110.6999969,107.5499971,14.97813413,0.900001526,0.1799,78.4313736,2585.5,35.22000122,0.1957,10.15249348,SmoothCondition,LowCongestionCondition,EvenPaceStyle
3.299995422,115.1999969,107.7299971,15.7689134,4.5,0.0712,79.60784149,2593.0,35.24000168,0.2699,10.14546394,SmoothCondition,LowCongestionCondition,EvenPaceStyle
4.099998474,111.5999985,107.8649971,15.70095637,-3.599998474,0.2159,78.8235321,2585.0,35.29999924,0.2752,10.14080811,SmoothCondition,LowCongestionCondition,EvenPaceStyle
3.300003052,111.5999985,108.3299971,14.02993087,0.900001526,0.4218,79.21569061,2617.0,35.74000168,0.3711,10.12501144,SmoothCondition,LowCongestionCondition,EvenPaceStyle
0.600006104,114.2999954,109.4549974,9.777430598,1.799995422,0.2005,79.21569061,2684.5,36.79999924,0.5188,10.13231564,SmoothCondition,LowCongestionCondition,EvenPaceStyle
1.400001526,115.1999969,109.6649974,9.495532474,0.900001526,0.3018,77.64705658,2701.0,37.54999924,0.4991,10.12507248,SmoothCondition,LowCongestionCondition,EvenPaceStyle
-0.200004578,116.0999985,110.5649974,8.918925749,-0.900001526,0.3026,77.2549057,2761.5,37.97000122,0.4126,10.11617565,SmoothCondition,LowCongestionCondition,EvenPaceStyle
-2.5,117.8999939,110.9849973,8.854857634,1.799995422,0.1991,76.47058868,2773.0,38.15999985,0.3727,10.10152721,SmoothCondition,LowCongestionCondition,EvenPaceStyle
-1.600006104,119.6999969,111.4649972,9.220958821,1.800003052,0.2912,74.11764526,2776.5,38.54999924,0.1928,10.10036182,SmoothCondition,LowCongestionCondition,EvenPaceStyle
-2.5,118.7999954,111.6749972,9.618178672,-0.900001526,0.5733,74.90196228,2789.5,36.47000122,0.3138,10.09063244,SmoothCondition,LowCongestionCondition,EvenPaceStyle
-0.700004578,118.7999954,112.0649971,10.11790659,0.900001526,0.4768,74.50980377,2789.5,34.38000107,0.2785,10.07732773,SmoothCondition,LowCongestionCondition,EvenPaceStyle
-1.400001526,114.2999954,112.6949969,10.76590601,-3.599998474,0.4329,78.4313736,2765.5,33.99000168,0.3261,10.05047989,SmoothCondition,LowCongestionCondition,EvenPaceStyle
-0.199996948,117.0,112.829997,10.8173891,2.700004578,0.3479,76.07843018,2760.5,33.24000168,0.1913,10.03719711,SmoothCondition,LowCongestionCondition,EvenPaceStyle
-0.599998474,117.8999939,112.979997,10.9684051,0.899993896,0.2968,77.64705658,2752.5,34.08000183,0.1477,10.02266407,SmoothCondition,LowCongestionCondition,EvenPaceStyle
-1.300003052,117.0,114.3449964,13.43844343,-0.899993896,-0.1492,76.07843018,2763.0,33.11000061,-0.2913,9.871884346,SmoothCondition,LowCongestionCondition,EvenPaceStyle
2.099998474,116.0999985,114.7049965,13.02658042,-0.900001526,0.1212,76.86274719,2735.5,34.90999985,-0.3629,9.836883545,SmoothCondition,LowCongestionCondition,EvenPaceStyle
0.900001526,28.79999924,10.84499969,125.9872551,-1.799999237,0.1125,0.0,1165.5,13.90999985,0.5815,13.21606636,UnevenCondition,LowCongestionCondition,EvenPaceStyle
-0.5,29.69999886,10.90499967,128.1197966,0.899999619,0.2202,44.70588303,1228.5,10.60999966,0.4268,13.19656944,UnevenCondition,LowCongestionCondition,EvenPaceStyle
0.099998474,30.59999847,11.12999967,135.7770419,0.899999619,0.5649,0.0,1178.0,14.30000019,0.2186,13.17785931,UnevenCondition,LowCongestionCondition,EvenPaceStyle
-0.5,28.79999924,11.33999964,142.0437868,2.700000763,0.6171,32.94117737,1177.5,8.380000114,-0.0677,13.17032719,UnevenCondition,LowCongestionCondition,EvenPaceStyle
0.100002289,30.59999847,11.9549996,156.9777599,0.899999619,0.4799,1.176470637,1239.5,9.380000114,-0.0667,13.0074749,UnevenCondition,LowCongestionCondition,EvenPaceStyle
-0.899997711,29.69999886,12.61499956,167.6148435,-0.899999619,0.3997,0.0,1182.5,14.35999966,-0.1035,13.02219868,UnevenCondition,LowCongestionCondition,EvenPaceStyle
-0.600002289,26.09999847,13.78499953,173.6555212,-1.800001144,0.6887,3.921568632,1062.5,9.859999657,-0.3324,12.99062634,UnevenCondition,LowCongestionCondition,EvenPaceStyle
-0.400001526,25.19999886,14.20499951,172.4638602,-0.899999619,0.6979,8.235294342,1005.5,7.239999771,-0.4147,12.95263195,UnevenCondition,LowCongestionCondition,EvenPaceStyle
-0.099998474,22.5,14.98499949,167.8985726,-1.799999237,0.7325,32.54901886,752.5,4.489999771,-0.4138,12.90258598,UnevenCondition,LowCongestionCondition,EvenPaceStyle
-0.799999237,19.79999924,15.31499948,164.374844,-2.700000763,0.8606,29.01960754,749.5,4.300000191,-0.4236,12.86889839,UnevenCondition,LowCongestionCondition,EvenPaceStyle
-0.5,17.10000038,15.59999949,160.3708358,-2.699998856,0.9259,30.19607925,747.5,4.269999981,-0.4759,12.84734726,UnevenCondition,LowCongestionCondition,EvenPaceStyle
-0.099998474,11.69999981,16.03499948,152.211116,-2.699999809,1.1002,31.76470566,747.5,4.190000057,-0.6469,12.83863258,UnevenCondition,LowCongestionCondition,EvenPaceStyle
0.200000763,8.099999428,16.16999947,148.9017858,-3.600000381,1.1021,30.58823586,753.0,4.269999981,-0.6351,12.85820484,UnevenCondition,LowCongestionCondition,EvenPaceStyle
0.299999237,7.199999809,16.42499946,141.8907099,2.699999809,0.6641,40.0,789.5,5.989999771,-0.4614,12.99451256,UnevenCondition,LowCongestionCondition,EvenPaceStyle
1.600002289,9.0,16.93499945,128.5975581,1.800000191,0.4741,53.72549057,1096.5,10.48999977,-0.2021,13.16630363,UnevenCondition,LowCongestionCondition,EvenPaceStyle
1.099998474,13.5,17.50499943,115.3611522,2.700000763,0.3089,13.33333397,985.0,8.739999771,-0.1768,13.71903133,UnevenCondition,LowCongestionCondition,EvenPaceStyle
1.0,17.10000038,17.78999944,110.0876864,3.600000381,0.213,87.05882263,1175.5,12.63000011,-0.0177,13.86116982,UnevenCondition,LowCongestionCondition,EvenPaceStyle
1.5,21.59999847,18.14999942,104.8377884,4.499998093,-0.0114,79.60784149,1409.0,15.68999958,0.0707,13.96073532,UnevenCondition,LowCongestionCondition,EvenPaceStyle
2.200000763,25.19999886,18.5699994,99.91738182,3.600000381,-0.0921,63.13725662,1605.5,15.63000011,0.1593,13.95459557,UnevenCondition,LowCongestionCondition,EvenPaceStyle
3.099998474,27.89999962,19.03499939,95.32806872,2.700000763,-0.0314,51.37255096,1712.0,15.90999985,0.2059,13.94095707,UnevenCondition,LowCongestionCondition,EvenPaceStyle
2.699996948,26.09999847,19.93499936,84.39993382,-1.800001144,-0.1245,0.0,1567.0,19.15999985,0.1529,13.94518661,UnevenCondition,LowCongestionCondition,EvenPaceStyle
2.299999237,24.29999924,20.33999935,77.82040035,-1.799999237,-0.3336,20.0,1533.5,11.77000046,0.1891,13.947505,UnevenCondition,LowCongestionCondition,EvenPaceStyle
1.700000763,17.10000038,21.55499928,62.7797996,-2.699998856,0.5382,7.843137264,1107.5,11.60999966,0.1726,14.15842533,UnevenCondition,LowCongestionCondition,EvenPaceStyle
1.899997711,15.29999924,21.46499929,63.42230807,-1.800001144,0.5995,30.58823586,998.0,7.079999924,0.0007,14.15356159,UnevenCondition,LowCongestionCondition,EvenPaceStyle
1.800003052,12.59999943,21.28499928,65.20705382,-2.699999809,0.5722,31.76470566,841.5,4.829999924,-0.0007,14.12975407,UnevenCondition,LowCongestionCondition,EvenPaceStyle
1.0,9.899999619,20.96999929,69.0641639,-0.899999619,0.7467,31.37254906,757.0,4.190000057,-0.1154,14.12167358,UnevenCondition,LowCongestionCondition,EvenPaceStyle
-0.100002289,11.69999981,20.4599993,71.3312483,1.800000191,0.7716,68.23529816,777.5,5.46999979,-0.1372,14.09910297,UnevenCondition,LowCongestionCondition,EvenPaceStyle
-2.0,15.29999924,19.91999934,68.82162164,1.799999237,0.7744,67.84313965,995.5,8.109999657,-0.1364,14.10076332,UnevenCondition,LowCongestionCondition,EvenPaceStyle
-2.299995422,17.10000038,19.72499936,67.58122327,1.800001144,0.7839,80.39215851,1178.5,11.63000011,-0.0679,14.11310863,UnevenCondition,LowCongestionCondition,EvenPaceStyle
-2.200000763,18.0,19.54499937,66.20285039,0.899999619,0.9415,60.0,1324.0,11.32999992,-0.0474,14.14097786,UnevenCondition,LowCongestionCondition,EvenPaceStyle
-3.400001526,21.59999847,19.40999936,64.50802847,3.599998474,0.95,48.23529434,1402.0,11.57999992,-0.0809,14.15230274,UnevenCondition,LowCongestionCondition,EvenPaceStyle
-2.899997711,20.69999886,19.12499936,60.94563043,-0.899999619,0.9209,0.0,1281.0,15.35999966,-0.1502,14.19581413,UnevenCondition,LowCongestionCondition,EvenPaceStyle
-0.299999237,18.0,18.47999941,54.3239955,-0.899999619,0.7467,26.27450943,1144.0,7.21999979,-0.2124,14.18782234,UnevenCondition,LowCongestionCondition,EvenPaceStyle
1.900001526,19.79999924,17.90999946,47.27379294,1.799999237,0.3875,52.54901886,1279.0,10.88000011,-0.0376,14.19770813,UnevenCondition,LowCongestionCondition,EvenPaceStyle
1.399997711,23.39999962,17.71499948,43.5612935,-1.799999237,0.2835,3.921568632,1443.5,11.63000011,-0.0016,14.25453663,UnevenCondition,LowCongestionCondition,EvenPaceStyle
1.200000763,22.5,17.60999949,41.85548859,-0.899999619,0.1184,42.74509811,1413.0,16.54999924,0.0212,14.27752686,UnevenCondition,LowCongestionCondition,EvenPaceStyle
0.5,21.59999847,17.4449995,39.48658201,-0.900001526,0.2715,1.568627477,1294.5,15.40999985,-0.2083,14.29866219,UnevenCondition,LowCongestionCondition,EvenPaceStyle
0.899997711,18.0,17.23499952,37.66705684,-0.899999619,0.3765,4.705882549,962.0,6.690000057,-0.3097,14.30025196,UnevenCondition,LowCongestionCondition,EvenPaceStyle
0.699996948,16.19999886,17.1299995,37.20416694,-1.800001144,0.4093,26.66666794,764.0,4.940000057,-0.3009,14.26753712,UnevenCondition,LowCongestionCondition,EvenPaceStyle
-0.700000763,12.59999943,17.00999951,37.41650596,-3.599999428,0.4937,30.19607925,754.0,4.409999847,-0.4017,14.24550152,UnevenCondition,LowCongestionCondition,EvenPaceStyle
-0.5,11.69999981,16.9199995,37.88603133,-0.899999619,0.5325,29.80392265,756.0,4.190000057,-0.5996,14.24569416,UnevenCondition,LowCongestionCondition,EvenPaceStyle
-1.099998474,8.099999428,16.81499949,39.08570085,-3.600000381,0.4832,31.76470566,747.5,4.130000114,-0.5823,14.31701374,UnevenCondition,LowCongestionCondition,EvenPaceStyle
-1.400001526,4.5,16.6949995,41.19810747,-3.599999428,0.4542,30.19607925,756.5,4.159999847,-0.5175,14.37061882,UnevenCondition,LowCongestionCondition,EvenPaceStyle
-1.599998474,3.599999905,16.6199995,42.84670897,-0.900000095,0.3379,54.50980377,641.0,4.610000134,-0.4305,14.41998482,UnevenCondition,LowCongestionCondition,EvenPaceStyle
-3.0,36.0,85.16999741,890.669548,-3.599998474,1.9529,28.23529434,749.5,5.909999847,-2.0719,8.581093788,SmoothCondition,LowCongestionCondition,AggressiveStyle
-1.5,29.69999886,82.55999753,960.9308681,-3.600000381,1.7858,30.58823586,752.0,4.110000134,-1.9212,8.513833046,SmoothCondition,LowCongestionCondition,EvenPaceStyle
-2.299995422,27.0,81.1799976,998.7381876,-2.699998856,1.7263,31.37254906,756.5,3.99000001,-1.8766,8.480641365,SmoothCondition,LowCongestionCondition,EvenPaceStyle
-1.800003052,24.29999924,78.37499777,1072.640165,-0.899999619,1.59,30.98039246,751.5,4.159999847,-1.7872,8.429795265,SmoothCondition,LowCongestionCondition,EvenPaceStyle
-2.200004578,22.5,76.93499788,1107.654131,-1.799999237,1.5545,30.58823586,747.5,4.21999979,-1.7536,8.413527489,SmoothCondition,LowCongestionCondition,EvenPaceStyle
-2.900001526,18.0,73.97999789,1181.194113,-1.799999237,1.4403,7.843137264,751.5,4.46999979,-1.7292,8.401010513,SmoothCondition,LowCongestionCondition,EvenPaceStyle
-3.399993896,16.19999886,70.97999792,1244.557156,-1.800001144,1.3603,78.03921509,1081.0,13.97000027,-1.504,8.449355125,SmoothCondition,LowCongestionCondition,EvenPaceStyle
-2.800003052,24.29999924,68.159998,1277.325086,5.399999619,1.2598,74.90196228,1704.5,20.48999977,-1.4084,8.497993469,SmoothCondition,LowCongestionCondition,EvenPaceStyle
-2.400001526,27.0,65.47499809,1282.260822,2.700000763,1.0629,0.0,958.5,9.880000114,-1.35,8.526556015,SmoothCondition,LowCongestionCondition,AggressiveStyle
-2.299995422,32.39999771,64.24499811,1271.153299,5.399997711,0.8516,98.03921509,1388.5,18.04999924,-1.3368,8.547943115,SmoothCondition,LowCongestionCondition,AggressiveStyle
-2.599998474,36.89999771,61.84499811,1234.195335,4.5,0.6047,81.96078491,1722.5,23.69000053,-1.1509,8.593348503,SmoothCondition,LowCongestionCondition,EvenPaceStyle
-1.700004578,45.0,59.63999812,1175.182714,8.100002289,0.2866,77.64705658,2013.5,27.21999931,-0.9965,8.639410019,SmoothCondition,LowCongestionCondition,AggressiveStyle
-1.699996948,47.69999695,58.63499807,1136.933093,2.699996948,0.1293,0.0,1015.5,18.82999992,-0.9045,8.653772354,SmoothCondition,LowCongestionCondition,AggressiveStyle
-1.199996948,48.59999847,57.64499804,1096.339734,0.900001526,0.082,89.80392456,1542.0,22.96999931,-0.7377,8.671204567,SmoothCondition,LowCongestionCondition,AggressiveStyle
-1.300003052,47.69999695,56.62499809,1052.431334,-0.900001526,-0.0659,81.5686264,1627.5,25.82999992,-0.5397,8.691053391,SmoothCondition,LowCongestionCondition,AggressiveStyle
0.400001526,60.29999924,54.10499827,927.6309447,7.200000763,-0.4712,74.50980377,1868.5,22.62999916,-0.24,8.719678879,SmoothCondition,LowCongestionCondition,AggressiveStyle
-0.200004578,65.69999695,51.19499823,734.7685694,1.799999237,-0.573,9.411765099,1960.5,20.52000046,-0.1678,8.75236702,SmoothCondition,LowCongestionCondition,EvenPaceStyle
-2.800003052,63.89999771,48.53999825,544.0142631,-1.799999237,-0.0329,2.352941275,1872.0,16.19000053,-0.35,8.773562431,SmoothCondition,LowCongestionCondition,EvenPaceStyle
-2.200004578,62.09999847,47.30999826,460.1449429,-1.799999237,0.1901,0.0,1808.0,23.52000046,-0.5419,8.79486084,SmoothCondition,LowCongestionCondition,EvenPaceStyle
-2.0,50.39999771,43.30499852,235.836061,-2.700000763,1.3917,23.13725471,760.0,5.46999979,-1.3749,8.821448326,SmoothCondition,LowCongestionCondition,EvenPaceStyle
-2.799995422,44.09999847,42.9899985,229.1714074,-6.299999237,1.5393,27.05882454,746.0,4.380000114,-1.4292,8.772420883,SmoothCondition,LowCongestionCondition,EvenPaceStyle
-4.099998474,27.89999962,42.01499853,234.3094158,-2.699998856,1.5872,72.94117737,1073.5,12.23999977,-1.6737,8.724863052,UnevenCondition,LowCongestionCondition,AggressiveStyle
-3.5,26.09999847,41.92499851,236.720196,-1.800001144,1.5085,86.27451324,1209.0,13.23999977,-1.4914,8.746278763,UnevenCondition,LowCongestionCondition,AggressiveStyle
-3.099998474,28.79999924,41.86499853,238.0985683,2.700000763,1.5202,39.2156868,1282.5,14.27000046,-1.5032,8.767557144,UnevenCondition,LowCongestionCondition,AggressiveStyle
-1.300003052,30.59999847,41.83499854,238.5928051,-0.900001526,1.4984,67.84313965,1209.5,14.72000027,-1.5222,8.831660271,UnevenCondition,LowCongestionCondition,EvenPaceStyle
-1.400001526,29.69999886,41.71499856,240.6612794,-0.899999619,1.4551,39.60784531,1224.5,11.93999958,-1.5158,8.847403526,UnevenCondition,LowCongestionCondition,EvenPaceStyle
-1.199996948,31.5,41.56499856,242.3819569,1.800001144,1.4306,16.47058868,1257.0,9.18999958,-1.4897,8.852277756,UnevenCondition,LowCongestionCondition,EvenPaceStyle
-0.400001526,30.59999847,41.38499858,244.3863637,-0.900001526,1.4872,20.0,1207.5,14.97000027,-1.4445,8.873141289,UnevenCondition,LowCongestionCondition,EvenPaceStyle
1.0,31.5,40.88999863,249.6822532,0.900001526,1.3359,83.92156982,1374.5,14.97000027,-1.3404,8.928233147,UnevenCondition,LowCongestionCondition,EvenPaceStyle
1.5,34.20000076,40.85999864,250.0346258,2.700000763,1.1307,77.2549057,1464.5,16.82999992,-1.2502,8.948367119,UnevenCondition,LowCongestionCondition,EvenPaceStyle
2.5,37.79999924,40.93499864,249.2189056,3.599998474,0.9532,69.80392456,1572.0,16.23999977,-1.2479,8.966356277,UnevenCondition,LowCongestionCondition,EvenPaceStyle
2.599998474,38.70000076,41.08499867,247.1412784,0.900001526,0.7157,21.96078491,1574.5,19.27000046,-1.213,8.989289284,UnevenCondition,LowCongestionCondition,EvenPaceStyle
3.099998474,39.59999847,41.7599987,234.4936096,0.899997711,0.1582,23.13725471,1654.0,20.65999985,-0.8595,9.048144341,UnevenCondition,LowCongestionCondition,EvenPaceStyle
2.699996948,40.5,42.0599987,228.141746,0.900001526,0.1427,0.0,1587.5,19.69000053,-0.8785,9.070865631,UnevenCondition,LowCongestionCondition,EvenPaceStyle
1.0,29.69999886,43.45499862,183.1174193,-2.699998856,0.2065,90.58823395,1369.5,15.68999958,-0.854,9.16566658,UnevenCondition,LowCongestionCondition,EvenPaceStyle
0.700004578,32.39999771,43.58999859,178.9514116,2.699998856,0.0288,80.78431702,1485.5,17.96999931,-0.7922,9.189891815,UnevenCondition,LowCongestionCondition,EvenPaceStyle
-0.199996948,38.70000076,43.96499859,169.4636582,3.600002289,-0.0642,77.64705658,1618.0,20.15999985,-0.6167,9.237229347,UnevenCondition,LowCongestionCondition,EvenPaceStyle
-0.299995422,42.29999924,44.12999862,167.2160223,3.599998474,-0.1688,76.47058868,1761.5,21.57999992,-0.6021,9.260289192,UnevenCondition,LowCongestionCondition,EvenPaceStyle
-0.400001526,45.0,44.33999866,164.8519202,2.700000763,-0.1986,67.05882263,1873.5,23.52000046,-0.5858,9.284629822,UnevenCondition,LowCongestionCondition,EvenPaceStyle
-0.099998474,47.69999695,44.51999865,164.0721232,2.699996948,-0.1006,6.666666985,1829.5,19.36000061,-0.6816,9.302627563,UnevenCondition,LowCongestionCondition,EvenPaceStyle
0.599998474,48.59999847,44.71499866,163.3314534,0.900001526,-0.1077,83.52941132,908.0,14.10999966,-0.693,9.308591843,UnevenCondition,LowCongestionCondition,EvenPaceStyle
0.599998474,50.39999771,44.80499862,163.8696227,2.700000763,0.0675,80.0,1515.5,19.02000046,-0.6626,9.336770058,UnevenCondition,LowCongestionCondition,EvenPaceStyle
0.699996948,52.19999695,44.86499859,164.548741,1.799999237,0.1862,79.21569061,1572.5,19.15999985,-0.5257,9.349609375,UnevenCondition,LowCongestionCondition,EvenPaceStyle
1.199996948,54.0,44.99999863,166.201004,1.800003052,-0.0571,0.0,1559.0,19.65999985,-0.5556,9.378911018,UnevenCondition,LowCongestionCondition,EvenPaceStyle
0.900001526,42.29999924,25.31999935,118.8768798,7.200000763,0.8489,76.47058868,1700.0,24.29999924,0.4328,14.19979095,FullOfHolesCondition,LowCongestionCondition,AggressiveStyle
3.299999237,47.69999695,26.4149993,135.4162085,5.399997711,0.7121,5.490196228,768.5,12.65999985,0.5272,14.18905354,FullOfHolesCondition,LowCongestionCondition,AggressiveStyle
3.700000763,53.09999847,28.10999924,155.3653175,4.5,0.8848,79.21569061,1587.5,22.32999992,0.5875,14.08924294,FullOfHolesCondition,LowCongestionCondition,AggressiveStyle
1.400001526,54.89999771,28.9349992,158.0962063,1.799999237,0.9119,78.4313736,1649.5,22.96999931,0.5822,14.05191517,FullOfHolesCondition,LowCongestionCondition,AggressiveStyle
-0.799999237,59.39999771,30.77999914,161.7473833,1.799999237,0.7629,69.01960754,1776.5,23.62999916,0.8263,14.0145092,FullOfHolesCondition,LowCongestionCondition,EvenPaceStyle
-3.0,63.0,33.46499907,176.4836606,1.800003052,0.8804,23.52941132,1844.5,21.02000046,0.6572,13.89935875,FullOfHolesCondition,LowCongestionCondition,EvenPaceStyle
-2.700000763,61.19999695,35.05499903,189.4143722,-1.800003052,1.0618,47.45098114,1808.5,23.86000061,0.5197,13.86594105,FullOfHolesCondition,LowCongestionCondition,EvenPaceStyle
-0.5,60.29999924,38.09999892,199.0860884,-0.899997711,1.133,16.07843208,1792.5,16.96999931,0.1419,13.69507599,FullOfHolesCondition,LowCongestionCondition,EvenPaceStyle
0.0,58.5,39.56999893,194.6736492,-1.799999237,1.6644,0.0,1728.5,22.52000046,-0.051,13.6776638,FullOfHolesCondition,LowCongestionCondition,EvenPaceStyle
-3.5,55.79999924,42.95999873,177.6197136,-0.899997711,1.3279,61.17647171,1636.5,16.62999916,0.0112,13.59855175,FullOfHolesCondition,LowCongestionCondition,EvenPaceStyle
-3.400001526,54.89999771,43.9499987,181.5543924,-0.900001526,1.397,0.0,1610.0,20.54999924,-0.1638,13.57799053,FullOfHolesCondition,LowCongestionCondition,EvenPaceStyle
-6.400001526,48.59999847,45.2999987,176.0491388,-2.700000763,1.4332,52.94117737,1438.5,14.30000019,-0.3273,13.30021286,SmoothCondition,LowCongestionCondition,EvenPaceStyle
-0.599998474,50.39999771,45.98999869,167.5656477,0.899997711,0.7939,66.27451324,1468.5,16.36000061,-0.2324,13.15692425,SmoothCondition,LowCongestionCondition,EvenPaceStyle
-0.299999237,55.79999924,46.36499869,166.3243345,5.400001526,0.8491,78.8235321,1494.0,15.98999977,-0.3429,13.09333611,SmoothCondition,LowCongestionCondition,EvenPaceStyle
0.100002289,52.19999695,46.85999864,163.9183602,0.899997711,0.4938,73.33333588,1547.5,18.94000053,-0.0586,13.03095818,SmoothCondition,LowCongestionCondition,EvenPaceStyle
1.900001526,54.0,47.11499863,163.5877255,1.800003052,0.2757,77.64705658,1605.5,19.82999992,-0.0334,12.99014759,SmoothCondition,LowCongestionCondition,EvenPaceStyle
1.899997711,56.69999695,47.60999858,164.4629371,1.799999237,0.3132,79.60784149,1681.5,23.21999931,0.0345,12.9196434,SmoothCondition,LowCongestionCondition,EvenPaceStyle
4.400001526,58.5,47.87999859,165.9209377,1.800003052,-0.027,74.11764526,1718.0,23.37999916,0.1276,12.91207409,SmoothCondition,LowCongestionCondition,EvenPaceStyle
3.200000763,59.39999771,48.22499854,166.6208787,0.899997711,-0.2127,76.07843018,1779.0,23.87999916,0.0991,12.91360188,SmoothCondition,LowCongestionCondition,EvenPaceStyle
4.099998474,61.19999695,48.65999851,166.3620899,1.799999237,-0.346,76.47058868,1829.0,25.02000046,0.0807,12.89927197,SmoothCondition,LowCongestionCondition,EvenPaceStyle
3.900001526,63.89999771,49.82999849,158.3472102,0.899997711,-0.2392,74.50980377,1909.0,24.73999977,0.1203,12.86340523,SmoothCondition,LowCongestionCondition,EvenPaceStyle
2.0,66.59999847,51.22499841,141.9913885,1.800003052,-0.3764,72.94117737,2001.0,24.82999992,0.1656,12.82383251,SmoothCondition,LowCongestionCondition,EvenPaceStyle
1.200000763,67.5,53.56499853,105.36841,-0.900001526,-0.3161,98.8235321,1594.5,23.19000053,-0.0068,12.60066605,SmoothCondition,LowCongestionCondition,EvenPaceStyle
0.100002289,69.29999542,54.9899985,85.54972515,0.899993896,-0.0983,24.31372643,1641.5,25.07999992,0.0283,12.61452579,SmoothCondition,LowCongestionCondition,EvenPaceStyle
-1.900001526,78.29999542,59.33999825,58.53599711,3.599998474,0.3435,78.8235321,1852.5,30.21999931,0.0152,12.60207558,SmoothCondition,LowCongestionCondition,EvenPaceStyle
-1.5,83.69999695,61.12499828,72.111736,1.799995422,0.6282,80.39215851,1964.0,28.54999924,-0.0431,12.58846474,SmoothCondition,LowCongestionCondition,EvenPaceStyle
-0.699996948,85.5,61.73999831,79.13837306,1.800003052,0.5118,79.60784149,1997.5,29.21999931,0.1051,12.58280754,SmoothCondition,LowCongestionCondition,EvenPaceStyle
0.100002289,87.29999542,62.8199983,96.5355244,1.799995422,0.4246,76.86274719,2063.0,28.36000061,0.1726,12.56532097,SmoothCondition,LowCongestionCondition,EvenPaceStyle
0.900001526,88.19999695,63.79499823,115.9835294,0.900001526,0.5321,67.45098114,2093.5,24.54999924,0.0569,12.53498077,SmoothCondition,LowCongestionCondition,EvenPaceStyle
0.799999237,90.8999939,66.13499826,168.2738351,0.899993896,0.1605,57.25490189,2139.5,22.29999924,0.3385,12.40439701,SmoothCondition,LowCongestionCondition,EvenPaceStyle
1.5,91.79999542,69.19499785,218.5102916,0.900001526,-0.199,68.23529816,2150.5,24.96999931,0.3083,12.29105091,SmoothCondition,LowCongestionCondition,EvenPaceStyle
2.099998474,96.29999542,94.75499649,15.10421787,0.900001526,0.8236,70.98039246,2274.5,26.21999931,-0.4472,10.50526047,SmoothCondition,LowCongestionCondition,EvenPaceStyle
1.600006104,97.19999695,95.18999621,13.60160161,0.900001526,0.9813,71.76470947,2291.5,30.71999931,-0.403,10.3889389,SmoothCondition,LowCongestionCondition,EvenPaceStyle
2.600006104,99.8999939,96.55499674,9.530320275,0.899993896,0.5347,73.72549438,2343.0,30.46999931,-0.152,10.16383266,SmoothCondition,LowCongestionCondition,EvenPaceStyle
-4.5,101.6999969,98.21999702,5.202305206,-0.900001526,0.4549,74.11764526,2384.0,26.69000053,-0.1007,10.1850605,SmoothCondition,LowCongestionCondition,EvenPaceStyle
1.299995422,104.3999939,99.67499708,4.739874057,0.899993896,0.9878,83.13725281,2458.0,28.69000053,0.1299,9.910136223,SmoothCondition,LowCongestionCondition,EvenPaceStyle
4.199996948,100.7999954,100.004997,6.153024715,-3.599998474,0.8055,69.80392456,2411.5,27.02000046,0.1371,9.82993412,SmoothCondition,LowCongestionCondition,EvenPaceStyle
3.800003052,99.0,100.0049971,6.180482175,-0.899993896,0.7469,63.92156982,2323.0,26.71999931,-0.0591,9.790444374,SmoothCondition,LowCongestionCondition,EvenPaceStyle
3.700004578,99.8999939,100.034997,6.11824499,0.899993896,0.888,71.76470947,2319.0,26.12999916,-0.1911,9.745724678,SmoothCondition,LowCongestionCondition,EvenPaceStyle
3.199996948,100.7999954,100.1099968,6.023287689,1.799995422,0.9402,76.47058868,2370.0,28.44000053,-0.1814,9.731762886,SmoothCondition,LowCongestionCondition,EvenPaceStyle
1.0,101.6999969,100.1999967,5.976609952,0.900001526,0.8012,78.4313736,2385.5,28.48999977,-0.0774,9.705596924,SmoothCondition,LowCongestionCondition,EvenPaceStyle
0.300003052,102.5999985,100.4249968,5.279871853,0.900001526,0.737,72.94117737,2417.0,26.94000053,-0.2197,9.692369461,SmoothCondition,LowCongestionCondition,EvenPaceStyle
-4.199996948,104.3999939,101.5349972,3.363330213,0.899993896,1.2483,81.17647552,2466.5,26.86000061,-0.201,9.585268974,SmoothCondition,LowCongestionCondition,EvenPaceStyle
-3.099998474,105.2999954,101.7749971,3.165634922,0.900001526,1.4009,73.72549438,2468.0,26.02000046,-0.1253,9.560110092,SmoothCondition,LowCongestionCondition,EvenPaceStyle
1.299995422,104.3999939,101.9699969,3.193321503,-0.900001526,1.2701,0.0,2414.5,31.62999916,-0.1891,9.552293777,SmoothCondition,LowCongestionCondition,EvenPaceStyle
-2.0,102.5999985,102.014997,3.125363692,-1.799995422,1.3522,73.33333588,2414.0,27.73999977,-0.2718,9.539468765,SmoothCondition,LowCongestionCondition,EvenPaceStyle
1.100006104,105.2999954,102.5699972,3.40382824,0.900001526,1.3674,85.49019623,2465.0,29.27000046,-0.7633,9.429513931,SmoothCondition,LowCongestionCondition,EvenPaceStyle
1.599998474,106.1999969,102.8249971,3.888683682,0.900001526,1.2619,80.39215851,2481.5,28.23999977,-0.8013,9.387015343,SmoothCondition,LowCongestionCondition,EvenPaceStyle
1.099998474,103.5,103.0199972,4.515861905,-0.899993896,0.6833,76.86274719,2431.5,27.23999977,-0.7642,9.259919167,SmoothCondition,LowCongestionCondition,EvenPaceStyle
0.099998474,102.5999985,103.0949973,4.349971823,-0.900001526,0.5524,78.4313736,2417.5,28.32999992,-0.4553,9.24113369,SmoothCondition,LowCongestionCondition,EvenPaceStyle
1.099998474,103.5,103.1549974,4.176073176,0.900001526,1.0245,76.47058868,2411.0,27.87999916,-0.377,9.233516693,SmoothCondition,LowCongestionCondition,EvenPaceStyle
-0.699996948,100.7999954,103.3199973,3.261963942,-0.900001526,0.9768,73.72549438,2374.0,27.15999985,-0.4754,9.223214149,SmoothCondition,LowCongestionCondition,EvenPaceStyle
-0.599998474,99.8999939,103.3649972,2.960616812,-0.900001526,1.2436,74.11764526,2360.5,29.27000046,-0.4114,9.235214233,SmoothCondition,LowCongestionCondition,EvenPaceStyle
1.399993896,103.5,103.4699972,2.415355107,2.700004578,1.3657,13.72549057,2340.0,31.23999977,-0.3081,9.261434555,SmoothCondition,LowCongestionCondition,EvenPaceStyle
5.300003052,91.79999542,102.689997,10.86498365,0.900001526,1.4346,82.35294342,2164.5,32.58000183,-0.4659,9.29117775,SmoothCondition,LowCongestionCondition,EvenPaceStyle
4.099998474,94.5,102.2099969,15.16667771,0.900001526,1.4475,75.6862793,2214.5,30.46999931,-0.4441,9.300458908,SmoothCondition,LowCongestionCondition,EvenPaceStyle
3.400001526,96.29999542,101.9699969,16.70247377,1.799995422,1.4624,66.66666412,2259.5,30.57999992,-0.3832,9.304695129,SmoothCondition,LowCongestionCondition,EvenPaceStyle
-0.800003052,95.3999939,101.4749967,18.6334326,-0.900001526,1.0729,56.47058868,2261.5,21.77000046,-0.3569,9.286401749,SmoothCondition,LowCongestionCondition,EvenPaceStyle
-1.400001526,96.29999542,101.3399967,18.92379751,0.900001526,0.8911,50.58823776,2265.0,20.27000046,-0.3937,9.268268585,SmoothCondition,LowCongestionCondition,EvenPaceStyle
-6.099998474,98.09999847,100.8749968,19.03614534,0.900001526,1.0765,61.56863022,2303.0,21.94000053,-0.3461,9.208055496,SmoothCondition,LowCongestionCondition,EvenPaceStyle
-7.0,99.0,100.6349968,19.01417805,0.900001526,1.0746,47.05882263,2313.0,21.15999985,-0.1521,9.158755302,SmoothCondition,LowCongestionCondition,EvenPaceStyle
-6.0,99.0,100.3049967,18.65539647,0.900001526,1.2278,52.54901886,2319.0,21.61000061,-0.2384,9.107572556,SmoothCondition,LowCongestionCondition,EvenPaceStyle
-5.699996948,98.09999847,100.1999968,18.44237133,-0.900001526,0.7444,53.33333588,2333.0,21.57999992,-0.1637,9.08987236,SmoothCondition,LowCongestionCondition,EvenPaceStyle
-4.800003052,99.8999939,100.0349969,17.84265176,0.899993896,0.9535,16.47058868,2328.5,21.62999916,-0.1479,9.062439919,SmoothCondition,LowCongestionCondition,EvenPaceStyle
2.199996948,89.09999847,98.18999697,24.92329358,2.700004578,1.0946,83.92156982,2101.0,33.24000168,-0.1473,9.06115818,SmoothCondition,LowCongestionCondition,EvenPaceStyle
0.5,91.79999542,97.42499695,23.79547178,0.900001526,0.951,84.31372833,2172.5,34.27000046,-0.1424,9.075264931,SmoothCondition,LowCongestionCondition,EvenPaceStyle
0.800003052,93.59999847,97.25999692,23.39024213,1.800003052,0.9484,83.92156982,2195.0,33.97000122,-0.1286,9.079135895,SmoothCondition,LowCongestionCondition,EvenPaceStyle
-2.400001526,94.5,97.10999692,22.83651238,0.900001526,0.8628,84.31372833,2221.0,34.47000122,-0.1128,9.083654404,SmoothCondition,LowCongestionCondition,EvenPaceStyle
-1.400001526,96.29999542,96.82499695,21.01309885,0.900001526,0.5412,83.92156982,2264.5,34.49000168,0.0073,9.093112946,SmoothCondition,LowCongestionCondition,EvenPaceStyle
1.5,97.19999695,96.46499685,18.41011518,0.900001526,0.5907,82.35294342,2298.0,32.83000183,0.1525,9.101299286,SmoothCondition,LowCongestionCondition,EvenPaceStyle
5.599998474,99.8999939,96.22499682,16.23546995,0.899993896,-0.022,81.5686264,2325.0,31.87999916,0.2248,9.111042976,SmoothCondition,LowCongestionCondition,EvenPaceStyle
-0.099998474,5.399999619,14.30999944,293.788348,5.399999619,0.0559,89.80392456,762.0,9.489999771,0.3808,16.78022003,FullOfHolesCondition,LowCongestionCondition,EvenPaceStyle
-0.400001526,11.69999981,14.12999943,292.733975,6.300000191,0.2493,68.62744904,1411.0,17.54999924,0.3028,16.90866852,FullOfHolesCondition,LowCongestionCondition,EvenPaceStyle
-0.5,12.59999943,13.90499945,290.2936787,0.899999619,0.3579,1.960784316,795.0,7.519999981,0.232,16.93139267,FullOfHolesCondition,LowCongestionCondition,EvenPaceStyle
-0.699996948,13.5,13.37999946,282.5243146,0.900000572,0.1347,98.8235321,1102.0,15.07999992,0.4179,17.07503891,FullOfHolesCondition,LowCongestionCondition,EvenPaceStyle
-2.200000763,16.19999886,13.28999947,281.5056368,2.699998856,0.1975,87.45098114,1428.5,20.04999924,0.4843,17.1528244,FullOfHolesCondition,LowCongestionCondition,EvenPaceStyle
-2.599998474,26.09999847,13.27499945,281.1008649,9.899999619,0.3041,71.37255096,1691.5,24.04999924,0.5412,17.23200226,FullOfHolesCondition,LowCongestionCondition,EvenPaceStyle
-2.699996948,29.69999886,13.10999948,275.1080106,0.899999619,0.3985,89.01960754,1307.0,15.52000046,0.5923,17.15024567,FullOfHolesCondition,LowCongestionCondition,EvenPaceStyle
-2.599998474,32.39999771,13.04999945,272.5306532,2.699998856,0.3296,24.31372643,1289.5,17.32999992,0.4964,17.15802956,FullOfHolesCondition,LowCongestionCondition,EvenPaceStyle
-1.5,35.09999847,12.8549995,262.7170711,1.799999237,0.1281,79.21569061,1380.5,18.73999977,0.3976,17.17192841,FullOfHolesCondition,LowCongestionCondition,EvenPaceStyle
-0.800003052,38.70000076,12.77999956,258.4256765,3.600002289,-0.0733,75.6862793,1492.0,21.79999924,0.486,17.19265366,FullOfHolesCondition,LowCongestionCondition,EvenPaceStyle
-0.5,40.5,12.71999959,254.8195764,1.799999237,-0.3165,72.15686035,1647.5,24.12999916,0.5082,17.21655655,FullOfHolesCondition,LowCongestionCondition,EvenPaceStyle
-1.599998474,43.19999695,12.70499956,253.8757189,2.699996948,-0.2886,12.54901981,1768.0,25.48999977,0.4768,17.23744965,FullOfHolesCondition,LowCongestionCondition,EvenPaceStyle
-0.200000763,47.69999695,12.85499956,263.7330064,1.799999237,-0.0928,89.41176605,1410.0,19.37999916,0.1888,17.01451874,FullOfHolesCondition,LowCongestionCondition,EvenPaceStyle
-1.100002289,51.29999924,13.27499951,289.3381556,3.600002289,-0.3718,71.76470947,1554.0,19.11000061,0.2808,16.92005157,FullOfHolesCondition,LowCongestionCondition,EvenPaceStyle
-0.899997711,53.09999847,14.17499948,334.8354418,1.799999237,-0.0139,0.0,1552.0,19.62999916,0.1341,16.81019402,FullOfHolesCondition,LowCongestionCondition,EvenPaceStyle
-0.599998474,54.0,15.53999947,384.979704,0.900001526,-0.4524,72.94117737,1603.0,19.27000046,0.0748,16.71437836,FullOfHolesCondition,LowCongestionCondition,EvenPaceStyle
-0.299999237,54.89999771,16.37999943,408.4541426,0.899997711,-0.4718,24.70588303,1590.5,20.94000053,0.0887,16.66896439,FullOfHolesCondition,LowCongestionCondition,EvenPaceStyle
-0.899997711,54.0,17.23499944,428.5263554,-0.899997711,-0.3423,0.0,1583.0,19.98999977,-0.0343,16.61919403,FullOfHolesCondition,LowCongestionCondition,EvenPaceStyle
-1.099998474,43.19999695,23.3849992,468.6602493,-0.900001526,0.9021,76.47058868,1333.0,15.10999966,-0.1698,16.25828362,FullOfHolesCondition,LowCongestionCondition,EvenPaceStyle
-2.900001526,46.79999924,24.16499918,468.0653347,3.600002289,0.8587,73.33333588,1371.5,17.29999924,-0.116,16.21689606,FullOfHolesCondition,LowCongestionCondition,EvenPaceStyle
-3.300003052,47.69999695,24.95999913,466.9132574,0.899997711,0.7544,80.39215851,1417.5,17.36000061,0.1028,16.17323494,FullOfHolesCondition,LowCongestionCondition,EvenPaceStyle
-3.100002289,50.39999771,25.79999909,466.6057316,2.700000763,0.9491,74.11764526,1471.5,19.19000053,0.1958,16.1404438,FullOfHolesCondition,LowCongestionCondition,EvenPaceStyle
-2.5,55.79999924,29.384999,461.6677083,0.900001526,0.6229,60.7843132,1639.5,17.44000053,0.0244,15.97258949,FullOfHolesCondition,LowCongestionCondition,EvenPaceStyle
-0.100002289,54.89999771,31.22999895,451.7960062,-0.900001526,0.6662,20.7843132,1599.5,21.07999992,0.0386,15.86972332,FullOfHolesCondition,LowCongestionCondition,EvenPaceStyle
0.400001526,54.0,32.12999895,443.2292284,-0.899997711,0.9139,0.0,1571.0,20.36000061,-0.1253,15.83923817,FullOfHolesCondition,LowCongestionCondition,EvenPaceStyle
-4.299999237,36.0,37.45499876,317.0008034,-6.299999237,0.8257,10.58823586,1196.0,10.30000019,-0.138,15.58004951,FullOfHolesCondition,LowCongestionCondition,EvenPaceStyle
-4.5,35.09999847,38.03999874,292.9692033,-0.900001526,0.853,72.94117737,1158.5,12.02000046,-0.1747,15.52431011,FullOfHolesCondition,LowCongestionCondition,EvenPaceStyle
-3.399997711,43.19999695,40.07999864,215.6924625,3.599998474,0.8336,86.66667175,1279.0,16.96999931,-0.1466,15.44959068,FullOfHolesCondition,LowCongestionCondition,EvenPaceStyle
-2.0,45.0,40.82999864,188.3034815,1.800003052,0.8516,82.74510193,1333.0,17.96999931,-0.1981,15.43096066,FullOfHolesCondition,LowCongestionCondition,EvenPaceStyle
-1.700000763,47.69999695,41.62499859,160.2049492,2.699996948,0.6879,78.03921509,1393.5,19.94000053,-0.2709,15.42013073,FullOfHolesCondition,LowCongestionCondition,EvenPaceStyle
-0.299999237,49.5,42.35999859,138.4651457,1.800003052,0.9678,29.80392265,1471.0,20.54999924,-0.2536,15.40808582,FullOfHolesCondition,LowCongestionCondition,EvenPaceStyle
0.099998474,50.39999771,43.00499856,123.2048841,0.899997711,0.942,0.0,1477.5,18.12999916,-0.1694,15.37754631,FullOfHolesCondition,LowCongestionCondition,EvenPaceStyle
1.200000763,40.5,45.14999857,61.67440478,-4.5,1.2706,5.09803915,1178.5,9.909999847,-0.5948,15.21634197,FullOfHolesCondition,LowCongestionCondition,EvenPaceStyle
2.599998474,38.70000076,45.35999861,56.18379406,-1.799999237,1.1085,9.8039217,1144.0,8.079999924,-0.4906,15.09776878,FullOfHolesCondition,LowCongestionCondition,EvenPaceStyle
2.799999237,39.59999847,45.5249986,52.56190439,0.899997711,1.0432,57.64706039,1106.0,14.10999966,-0.5555,15.07790756,FullOfHolesCondition,LowCongestionCondition,EvenPaceStyle
2.099998474,37.79999924,45.65999861,49.31023486,-1.799999237,0.9374,100.0,1164.0,14.97000027,-0.6135,15.05914021,FullOfHolesCondition,LowCongestionCondition,EvenPaceStyle
4.0,39.59999847,45.83999859,45.08176068,1.799999237,0.6487,94.11764526,1218.0,16.37999916,-0.5838,15.04529381,FullOfHolesCondition,LowCongestionCondition,EvenPaceStyle
4.900001526,43.19999695,46.06499856,40.73315929,3.599998474,0.25,90.58823395,1282.0,17.44000053,-0.3866,15.03333569,FullOfHolesCondition,LowCongestionCondition,EvenPaceStyle
4.400001526,45.89999771,46.28999856,37.51718432,2.700000763,-0.2017,87.05882263,1406.5,19.69000053,-0.2492,15.02505779,FullOfHolesCondition,LowCongestionCondition,EvenPaceStyle
3.099998474,56.69999695,47.45999851,30.66650752,2.699996948,-0.5032,76.86274719,1708.5,24.77000046,0.0529,15.01988602,FullOfHolesCondition,LowCongestionCondition,EvenPaceStyle
-0.5,63.89999771,48.3899985,39.24701531,1.799999237,-0.655,72.15686035,1864.0,25.27000046,-0.1844,15.00015736,FullOfHolesCondition,LowCongestionCondition,EvenPaceStyle
-1.399997711,62.09999847,49.88999844,62.77819795,-0.900001526,-0.4966,33.72549057,1830.5,17.73999977,0.2741,14.86146069,FullOfHolesCondition,LowCongestionCondition,EvenPaceStyle
2.799999237,15.29999924,17.93999933,34.23599714,1.799999237,0.7785,38.03921509,973.0,6.46999979,-0.0983,17.23724747,UnevenCondition,LowCongestionCondition,EvenPaceStyle
2.899997711,16.19999886,17.78999933,33.37108203,0.899999619,0.9739,23.13725471,970.5,6.159999847,-0.2203,17.3231144,UnevenCondition,LowCongestionCondition,EvenPaceStyle
2.0,15.29999924,17.62499934,32.5178364,-0.899999619,1.1137,32.15686417,762.0,4.690000057,-0.2917,17.35276222,UnevenCondition,LowCongestionCondition,EvenPaceStyle
-0.200000763,9.0,17.24999937,34.29914984,-0.899999619,1.136,32.94117737,748.5,4.440000057,-0.3196,17.37772942,UnevenCondition,LowCongestionCondition,EvenPaceStyle
-0.299999237,6.299999714,16.82999938,37.35060735,-1.799999714,1.0964,34.50980377,755.5,4.46999979,-0.2392,17.35401726,UnevenCondition,LowCongestionCondition,EvenPaceStyle
-0.5,5.399999619,16.60499938,39.44081911,-0.900000095,1.1126,76.47058868,669.0,4.96999979,-0.1461,17.34522247,UnevenCondition,LowCongestionCondition,EvenPaceStyle
-0.400001526,6.299999714,16.30499939,43.11098846,0.900000095,0.9189,55.29411697,1448.5,11.57999992,-0.3223,17.37856674,UnevenCondition,LowCongestionCondition,EvenPaceStyle
-0.5,10.79999924,16.34999939,42.31677663,3.599999428,0.9245,27.84313774,740.5,5.190000057,-0.243,17.34815788,UnevenCondition,LowCongestionCondition,EvenPaceStyle
-1.0,9.899999619,16.45499938,40.25539545,-0.899999619,0.9988,31.37254906,751.0,4.659999847,-0.2589,17.33394051,UnevenCondition,LowCongestionCondition,EvenPaceStyle
-0.099998474,9.0,16.61999938,37.35518366,-0.899999619,0.9834,31.76470566,746.5,4.21999979,-0.2366,17.33304787,UnevenCondition,LowCongestionCondition,EvenPaceStyle
1.200004578,27.89999962,15.62999961,221.280092,-5.399999619,1.7389,42.74509811,849.5,7.050000191,-1.302,20.42053413,SmoothCondition,LowCongestionCondition,EvenPaceStyle
0.400001526,15.29999924,16.22999958,213.0702618,-5.399999619,1.8271,43.13725662,857.0,6.96999979,-1.3967,20.18883514,SmoothCondition,LowCongestionCondition,EvenPaceStyle
-0.299995422,22.5,12.4949996,96.18657928,0.0,0.8111,0.0,1364.0,17.02000046,-0.2862,15.17600918,UnevenCondition,LowCongestionCondition,EvenPaceStyle
-0.900001526,20.69999886,11.77499955,74.08868074,-0.899999619,0.8851,1.176470637,1315.0,15.93999958,-0.308,15.28766823,UnevenCondition,LowCongestionCondition,EvenPaceStyle
0.199996948,21.59999847,11.93999953,75.91667181,1.799999237,1.0843,20.7843132,1385.0,14.93999958,-0.2248,15.33737755,UnevenCondition,LowCongestionCondition,EvenPaceStyle
0.099998474,24.29999924,12.40499952,80.3709853,0.899999619,1.0168,58.03921509,1600.5,15.15999985,-0.1421,15.37929153,UnevenCondition,LowCongestionCondition,EvenPaceStyle
-0.900001526,26.09999847,13.04999949,88.42728093,0.899999619,1.1871,21.17647171,1630.0,19.44000053,-0.1571,15.45389175,UnevenCondition,LowCongestionCondition,EvenPaceStyle
-1.100006104,25.19999886,13.21499948,90.81586543,-0.899999619,1.3009,0.0,1567.0,14.38000011,-0.2658,15.49318314,UnevenCondition,LowCongestionCondition,EvenPaceStyle
-1.900001526,27.89999962,13.5599995,97.77294194,0.899999619,1.1882,45.88235474,1781.5,15.47000027,-0.1273,15.53458118,UnevenCondition,LowCongestionCondition,EvenPaceStyle
-1.699996948,27.89999962,13.9199995,104.4616199,-0.899999619,1.0941,0.0,1670.5,17.44000053,-0.2158,15.62412453,UnevenCondition,LowCongestionCondition,EvenPaceStyle
0.300003052,25.19999886,14.32499952,112.0351204,-1.800001144,1.209,22.74509811,1522.5,19.71999931,-0.1216,15.71496868,UnevenCondition,LowCongestionCondition,EvenPaceStyle
-0.599998474,26.09999847,14.72999951,119.2200941,0.899999619,1.0483,0.0,1626.0,19.90999985,-0.0886,15.84984207,UnevenCondition,LowCongestionCondition,EvenPaceStyle
0.0,18.89999962,15.74999943,120.1408393,-0.899999619,1.5292,30.98039246,756.0,4.769999981,-0.2844,15.99659634,UnevenCondition,LowCongestionCondition,EvenPaceStyle
1.399993896,16.19999886,15.95999941,117.597348,-2.700000763,1.6,31.76470566,751.5,4.329999924,-0.3376,15.95739841,UnevenCondition,LowCongestionCondition,EvenPaceStyle
0.0,5.399999619,16.58999939,102.7015864,1.799999714,1.941,53.33333588,843.5,4.989999771,-0.2897,16.10639191,UnevenCondition,LowCongestionCondition,EvenPaceStyle
-1.0,7.199999809,16.70999938,99.51650189,1.800000191,1.7248,33.72549057,824.5,5.380000114,-0.4013,16.13166618,UnevenCondition,LowCongestionCondition,EvenPaceStyle
-3.599998474,9.0,17.06999937,89.86789238,2.700000286,1.7181,54.11764908,1142.0,9.909999847,-0.2135,16.25634384,UnevenCondition,LowCongestionCondition,EvenPaceStyle
-3.900001526,9.899999619,17.23499937,85.77281641,0.899999619,1.6525,0.0,1648.5,15.63000011,-0.2201,16.33696365,UnevenCondition,LowCongestionCondition,EvenPaceStyle
-6.299995422,11.69999981,17.60999935,76.78158829,0.900000572,1.3185,89.01960754,1017.5,8.550000191,-0.2251,16.42242241,UnevenCondition,LowCongestionCondition,EvenPaceStyle
-3.0,22.5,18.25499936,66.77946199,5.399999619,0.9585,71.76470947,1473.5,14.97000027,-0.0005,16.49833107,UnevenCondition,LowCongestionCondition,EvenPaceStyle
-2.399997711,26.09999847,18.68999933,61.98192828,3.599998474,0.9409,61.96078491,1624.5,15.02000046,-0.106,16.54703712,UnevenCondition,LowCongestionCondition,EvenPaceStyle
-2.400001526,25.19999886,19.10999931,56.6002337,-0.899999619,0.8974,1.176470637,1603.5,19.21999931,-0.1612,16.57549095,UnevenCondition,LowCongestionCondition,EvenPaceStyle
-2.399997711,25.19999886,19.72499929,51.62834417,0.899999619,0.8345,14.90196133,1502.0,18.04999924,-0.1766,16.66092682,UnevenCondition,LowCongestionCondition,EvenPaceStyle
-3.5,23.39999962,19.91999929,50.72704774,-1.799999237,0.8349,0.0,1417.5,16.96999931,-0.0827,16.71855545,UnevenCondition,LowCongestionCondition,EvenPaceStyle
-2.100002289,19.79999924,20.20499926,48.63912416,-1.799999237,0.7391,32.15686417,1255.0,9.18999958,-0.0313,16.77289581,UnevenCondition,LowCongestionCondition,EvenPaceStyle
-1.400001526,20.69999886,20.45999925,46.61938695,0.899999619,0.4677,44.70588303,1317.5,9.659999847,0.0067,16.77151299,UnevenCondition,LowCongestionCondition,EvenPaceStyle
-1.299999237,17.10000038,20.30999925,46.63311556,-2.699998856,0.6526,45.88235474,1251.0,10.35999966,0.0525,16.82676125,UnevenCondition,LowCongestionCondition,EvenPaceStyle
-2.400001526,19.79999924,20.27999926,46.60840373,2.699998856,0.6398,44.31372452,1302.5,9.18999958,-0.0955,16.82034874,UnevenCondition,LowCongestionCondition,EvenPaceStyle
-1.299999237,22.5,20.30999928,46.68803091,0.900001526,0.8845,21.56862831,1410.0,10.82999992,-0.2651,16.84485626,UnevenCondition,LowCongestionCondition,EvenPaceStyle
-2.399997711,21.59999847,20.29499929,46.60725974,-0.900001526,1.0152,34.90196228,1341.0,10.77000046,-0.2265,16.90849686,UnevenCondition,LowCongestionCondition,EvenPaceStyle
-3.899997711,22.5,20.2049993,46.03064967,0.900001526,1.0354,36.86274719,1411.5,10.77000046,-0.316,16.89426041,UnevenCondition,LowCongestionCondition,EvenPaceStyle
-3.099998474,23.39999962,20.11499933,45.2728195,0.899999619,0.9322,21.96078491,1412.0,16.98999977,-0.2306,16.96382523,UnevenCondition,LowCongestionCondition,EvenPaceStyle
-2.200000763,19.79999924,19.88999933,43.67684494,-1.799999237,0.8674,1.568627477,1172.0,11.43999958,-0.3283,17.08490181,UnevenCondition,LowCongestionCondition,EvenPaceStyle
-1.899997711,18.89999962,19.73999933,42.58311604,-0.899999619,0.7661,34.11764908,1177.0,8.220000267,-0.2608,17.0741787,UnevenCondition,LowCongestionCondition,EvenPaceStyle
-2.700000763,19.79999924,19.58999933,41.16904828,0.899999619,0.8872,65.09803772,1265.0,10.47000027,-0.0848,17.0753746,UnevenCondition,LowCongestionCondition,EvenPaceStyle
-1.600002289,20.69999886,19.18499925,37.21858137,-0.899999619,1.03,41.96078491,1299.5,15.05000019,-0.1532,17.16800308,UnevenCondition,LowCongestionCondition,EvenPaceStyle
-0.200000763,12.59999943,18.71999927,36.15620024,-2.699999809,1.017,25.88235283,803.0,5.019999981,-0.1745,17.1952095,UnevenCondition,LowCongestionCondition,EvenPaceStyle
1.099998474,13.5,18.3149993,35.66264944,0.900000572,0.8366,62.35294342,931.0,6.239999771,-0.1057,17.16490746,UnevenCondition,LowCongestionCondition,EvenPaceStyle
1.400001526,96.29999542,96.17999674,15.80095329,0.900001526,0.1727,47.84313965,2261.0,21.27000046,-0.2608,9.154309273,SmoothCondition,LowCongestionCondition,EvenPaceStyle
0.900001526,97.19999695,96.41999677,14.75756276,0.900001526,0.466,61.56863022,2280.0,22.12999916,-0.4135,9.132113457,SmoothCondition,LowCongestionCondition,EvenPaceStyle
-0.699996948,83.69999695,95.54999695,21.55881691,-4.5,0.8896,1.176470637,1974.0,23.02000046,-0.8367,9.176641464,SmoothCondition,LowCongestionCondition,EvenPaceStyle
-1.299995422,81.0,95.00999692,27.38532425,-1.799995422,0.8691,0.0,1919.5,24.87999916,-0.7785,9.193518639,SmoothCondition,LowCongestionCondition,EvenPaceStyle
-2.0,64.79999542,92.15999667,72.74074452,-6.300003052,1.4999,15.29411793,769.0,6.860000134,-1.0976,9.166955948,SmoothCondition,LowCongestionCondition,EvenPaceStyle
-1.0,61.19999695,91.52999662,87.79026882,-3.599998474,1.7621,25.88235283,750.0,4.71999979,-1.1705,9.065175056,SmoothCondition,LowCongestionCondition,EvenPaceStyle
-1.0,43.19999695,89.08499673,167.6972233,-3.600002289,2.052,32.94117737,757.5,3.910000086,-1.2426,8.88741684,SmoothCondition,LowCongestionCondition,AggressiveStyle
0.100006104,35.09999847,87.29999676,248.1071091,-8.099998474,2.1393,30.98039246,754.0,4.159999847,-1.2122,8.763754845,SmoothCondition,LowCongestionCondition,AggressiveStyle
-2.0,37.79999924,82.96499697,455.041272,2.700000763,2.3033,29.01960754,753.5,4.269999981,-1.0372,8.506772041,SmoothCondition,NormalCongestionCondition,AggressiveStyle
-5.400001526,34.20000076,77.45999724,611.6973186,-5.399997711,2.4834,32.15686417,751.5,4.329999924,-1.2791,8.168981552,SmoothCondition,NormalCongestionCondition,EvenPaceStyle
-2.200004578,27.0,71.74499741,745.6143289,-0.899999619,1.7812,29.80392265,757.0,4.329999924,-1.1888,8.04380703,SmoothCondition,NormalCongestionCondition,EvenPaceStyle
-2.200004578,29.69999886,65.74499776,804.7946653,1.799999237,1.394,95.29412079,1282.5,11.97000027,-0.9383,7.980385303,SmoothCondition,NormalCongestionCondition,EvenPaceStyle
-0.100006104,44.09999847,62.38499784,779.5629368,14.39999962,1.4449,78.8235321,1644.5,26.15999985,-0.6128,8.030557632,SmoothCondition,NormalCongestionCondition,EvenPaceStyle
-0.799995422,48.59999847,61.49999787,755.7894377,4.5,1.241,80.78431702,1859.0,28.46999931,-0.7099,8.048818588,SmoothCondition,NormalCongestionCondition,EvenPaceStyle
1.599998474,50.39999771,59.83499791,708.8870078,1.799999237,1.5338,84.70588684,1456.0,15.48999977,-0.749,8.069797516,SmoothCondition,NormalCongestionCondition,AggressiveStyle
2.300003052,62.09999847,56.20499811,588.8953639,11.70000076,1.288,80.78431702,1860.0,25.19000053,-0.1191,8.137210846,SmoothCondition,NormalCongestionCondition,AggressiveStyle
2.0,64.79999542,55.66499809,561.3663477,2.699996948,1.1919,79.60784149,1919.0,25.11000061,0.0252,8.148449898,SmoothCondition,NormalCongestionCondition,AggressiveStyle
3.299995422,66.59999847,55.18499816,536.398218,1.800003052,1.0799,76.86274719,2004.0,25.27000046,0.1271,8.158748627,SmoothCondition,NormalCongestionCondition,AggressiveStyle
1.099998474,69.29999542,54.32999811,489.5960014,0.899993896,1.2642,1.568627477,2017.5,25.96999931,0.2144,8.163333893,SmoothCondition,NormalCongestionCondition,AggressiveStyle
1.900001526,68.40000153,53.89499814,465.4092631,-0.899993896,1.1102,0.0,1970.0,25.19000053,0.164,8.169365883,SmoothCondition,NormalCongestionCondition,AggressiveStyle
2.299995422,65.69999695,52.99499814,417.3858739,-0.900001526,1.0161,38.4313736,1932.0,16.69000053,0.1979,8.162115097,SmoothCondition,NormalCongestionCondition,EvenPaceStyle
0.5,66.59999847,52.19999819,376.1694634,0.900001526,1.1454,56.07843399,1969.0,18.44000053,0.1832,8.162802696,SmoothCondition,NormalCongestionCondition,EvenPaceStyle
0.099998474,108.0,107.3699965,3.605185328,-0.899993896,1.0949,81.5686264,2550.0,26.96999931,-0.5413,9.200892448,SmoothCondition,LowCongestionCondition,EvenPaceStyle
0.200004578,108.8999939,107.4299965,3.568574949,0.899993896,1.1424,85.88235474,2546.0,27.52000046,-0.5541,9.191485405,SmoothCondition,LowCongestionCondition,EvenPaceStyle
-0.5,108.0,107.4899966,3.414812026,-0.899993896,1.1341,82.35294342,2544.0,26.77000046,-0.6121,9.180936813,SmoothCondition,LowCongestionCondition,EvenPaceStyle
-1.400001526,106.1999969,107.5799967,3.115523341,-1.800003052,1.2747,0.0,2526.0,34.40999985,-0.6003,9.173193932,SmoothCondition,LowCongestionCondition,EvenPaceStyle
-3.100006104,60.29999924,104.609997,91.27920387,-17.10000229,2.2742,1.960784316,988.5,18.12999916,-1.7474,9.193332672,SmoothCondition,LowCongestionCondition,EvenPaceStyle
-3.700004578,57.59999847,103.769997,127.8234723,-2.700000763,2.417,16.47058868,761.0,8.079999924,-1.8423,9.138293266,SmoothCondition,LowCongestionCondition,AggressiveStyle
-2.0,54.0,102.0299969,202.2519384,-3.599998474,2.471,29.01960754,750.0,3.99000001,-1.9026,8.90698719,SmoothCondition,LowCongestionCondition,AggressiveStyle
-1.5,51.29999924,100.1399971,281.2173238,-1.799999237,2.6253,28.23529434,747.5,3.970000029,-2.0107,8.67722702,SmoothCondition,LowCongestionCondition,AggressiveStyle
0.400001526,47.69999695,99.11999715,325.468037,-3.600002289,2.7164,27.45098114,750.0,4.079999924,-2.0099,8.587763786,SmoothCondition,LowCongestionCondition,AggressiveStyle
0.100006104,37.79999924,95.80499719,470.6353645,-5.399997711,2.7458,27.84313774,758.5,4.409999847,-2.3896,8.410409927,SmoothCondition,LowCongestionCondition,AggressiveStyle
-2.700004578,33.29999924,89.33999748,758.9800311,2.700000763,2.4596,27.84313774,753.0,4.239999771,-2.1827,8.182370186,SmoothCondition,LowCongestionCondition,AggressiveStyle
-3.200004578,36.89999771,88.13999755,797.6403722,3.599998474,2.2487,27.45098114,758.5,4.269999981,-2.1288,8.132696152,SmoothCondition,LowCongestionCondition,AggressiveStyle
-3.599998474,36.0,85.70999769,866.957152,-0.899997711,2.1609,0.0,1467.5,17.44000053,-1.8511,8.154649734,SmoothCondition,LowCongestionCondition,EvenPaceStyle
-4.300003052,30.59999847,79.49999809,1003.512176,-4.5,2.0384,27.05882454,753.0,5.489999771,-1.8984,8.154214859,SmoothCondition,LowCongestionCondition,EvenPaceStyle
-2.300003052,25.19999886,72.83999812,1111.481046,-2.700000763,1.7724,30.19607925,754.5,4.21999979,-2.0123,8.004085541,SmoothCondition,LowCongestionCondition,EvenPaceStyle
-2.800003052,26.09999847,70.12499812,1139.691696,0.899999619,1.6441,0.0,755.5,4.550000191,-1.8871,7.964081764,SmoothCondition,LowCongestionCondition,EvenPaceStyle
-2.099998474,24.29999924,68.74499814,1150.175016,-1.799999237,1.3214,78.4313736,1468.5,16.96999931,-1.8436,7.986266136,SmoothCondition,LowCongestionCondition,EvenPaceStyle
-2.599998474,27.89999962,67.42499816,1151.745589,3.600000381,1.4251,70.58823395,1650.0,21.48999977,-1.654,8.004459381,SmoothCondition,LowCongestionCondition,EvenPaceStyle
-2.0,32.39999771,64.85999816,1138.966121,4.499998093,1.5487,0.0,1140.5,11.88000011,-1.5289,8.030942917,SmoothCondition,LowCongestionCondition,AggressiveStyle
-2.0,33.29999924,62.38499816,1106.995145,0.900001526,1.6369,28.23529434,747.5,4.550000191,-1.5215,7.970786572,SmoothCondition,LowCongestionCondition,EvenPaceStyle
-2.099998474,32.39999771,61.13999815,1086.76917,-0.900001526,1.6609,28.62745094,758.5,4.050000191,-1.5524,7.928325176,SmoothCondition,LowCongestionCondition,EvenPaceStyle
-2.400001526,31.5,58.58999821,1033.167309,-0.899997711,1.2236,92.15686798,1360.0,17.15999985,-1.3927,7.950515747,SmoothCondition,LowCongestionCondition,EvenPaceStyle
-3.099998474,33.29999924,57.3449982,1001.052635,1.799999237,1.2061,79.60784149,1489.0,17.69000053,-1.3227,7.961804867,SmoothCondition,LowCongestionCondition,EvenPaceStyle
-0.699996948,45.0,53.89499839,872.5509512,4.5,0.7964,74.11764526,1916.0,22.54999924,-0.8452,7.996964931,SmoothCondition,LowCongestionCondition,AggressiveStyle
-0.400001526,45.0,51.79499846,769.5940074,-0.899997711,0.7575,91.37255096,1435.5,12.30000019,-0.7126,7.990677834,SmoothCondition,LowCongestionCondition,AggressiveStyle
0.900001526,45.89999771,50.75999842,715.5512164,0.899997711,0.7114,80.78431702,1509.0,19.44000053,-0.5858,7.997280121,SmoothCondition,LowCongestionCondition,AggressiveStyle
1.0,50.39999771,49.79999838,659.0836879,4.5,0.6388,78.8235321,1573.5,19.02000046,-0.3854,8.002161026,SmoothCondition,LowCongestionCondition,AggressiveStyle
1.5,53.09999847,48.9149984,604.5571907,2.700000763,0.4532,77.2549057,1655.5,19.19000053,-0.226,8.005851746,SmoothCondition,LowCongestionCondition,AggressiveStyle
1.199996948,59.39999771,46.51499847,445.129066,4.5,0.4965,1.568627477,1768.0,17.69000053,-0.1463,8.010458946,SmoothCondition,LowCongestionCondition,EvenPaceStyle
-0.099998474,60.29999924,45.83999853,397.9397077,0.900001526,0.5807,0.0,1750.0,22.40999985,-0.3078,8.016706467,SmoothCondition,LowCongestionCondition,EvenPaceStyle
-0.300003052,53.09999847,41.80499875,150.5343829,-0.900001526,0.6369,0.0,1548.5,18.77000046,-0.5367,8.05412674,SmoothCondition,LowCongestionCondition,EvenPaceStyle
0.199996948,37.79999924,40.40999867,113.0897256,-4.5,1.1125,17.25490189,1088.0,5.96999979,-0.9384,8.021430969,SmoothCondition,LowCongestionCondition,EvenPaceStyle
1.400001526,36.89999771,40.16999865,111.2299289,-0.900001526,1.1267,18.03921509,1063.0,6.159999847,-0.9663,7.999708652,SmoothCondition,LowCongestionCondition,EvenPaceStyle
0.099998474,34.20000076,39.58499873,110.365701,-0.899997711,1.3613,22.35294151,1002.5,5.769999981,-1.1341,7.937856197,SmoothCondition,LowCongestionCondition,EvenPaceStyle
-0.199996948,110.6999969,105.884996,8.91892277,0.0,1.0461,80.0,2591.0,29.79999924,-0.5514,9.987542152,SmoothCondition,LowCongestionCondition,EvenPaceStyle
-0.900001526,109.7999954,107.7749961,5.838180305,-0.900001526,1.0915,82.74510193,2591.5,29.02000046,-0.6851,9.789693832,SmoothCondition,LowCongestionCondition,EvenPaceStyle
-0.099998474,108.8999939,108.0749961,5.47207799,-0.900001526,1.1683,83.13725281,2540.0,28.52000046,-0.6425,9.747403145,SmoothCondition,LowCongestionCondition,EvenPaceStyle
1.099998474,107.0999985,108.2549964,4.83506037,-0.900001526,1.1038,78.8235321,2518.5,28.37999916,-0.6674,9.69526577,SmoothCondition,LowCongestionCondition,EvenPaceStyle
1.800003052,103.5,108.3449965,4.25844899,-0.899993896,0.9452,76.47058868,2438.5,27.04999924,-0.7632,9.619330406,SmoothCondition,LowCongestionCondition,EvenPaceStyle
-1.300003052,105.2999954,108.0749963,5.746652826,0.900001526,0.6404,75.6862793,2471.5,26.62999916,-1.0785,9.579948425,SmoothCondition,LowCongestionCondition,EvenPaceStyle
-1.0,106.1999969,107.909996,6.169729251,0.900001526,0.7526,72.15686035,2492.0,25.90999985,-1.2206,9.540109634,SmoothCondition,LowCongestionCondition,EvenPaceStyle
-2.800003052,108.0,107.8499961,6.155085172,1.800003052,0.8777,70.19608307,2526.0,25.87999916,-1.1227,9.510134697,SmoothCondition,LowCongestionCondition,EvenPaceStyle
-5.300003052,108.0,107.8049964,6.098110915,-0.899993896,1.0148,70.19608307,2562.5,27.32999992,-1.0558,9.441749573,SmoothCondition,LowCongestionCondition,EvenPaceStyle
-5.5,109.7999954,107.8199964,6.145017722,1.799995422,0.9151,67.05882263,2577.5,25.96999931,-1.1189,9.429790497,SmoothCondition,LowCongestionCondition,EvenPaceStyle
-3.300003052,108.8999939,107.8499964,6.23745845,-0.900001526,1.2731,76.86274719,2559.0,26.57999992,-0.9876,9.377026558,SmoothCondition,LowCongestionCondition,EvenPaceStyle
-2.900001526,109.7999954,107.7449963,5.79607652,0.900001526,1.2637,79.21569061,2572.0,34.38000107,-0.761,9.362303734,SmoothCondition,LowCongestionCondition,EvenPaceStyle
2.099998474,108.0,107.534996,4.900956808,-0.899993896,1.3182,81.17647552,2556.0,33.11000061,-0.5861,9.347046852,SmoothCondition,LowCongestionCondition,EvenPaceStyle
5.900001526,107.0999985,107.3399962,4.197354942,-0.900001526,1.2252,83.52941132,2520.0,31.12999916,-0.5008,9.324599266,SmoothCondition,LowCongestionCondition,EvenPaceStyle
1.300003052,108.8999939,107.1449964,3.718448226,0.899993896,1.1306,79.60784149,2541.5,27.77000046,-0.4883,9.250576019,SmoothCondition,LowCongestionCondition,EvenPaceStyle
2.0,108.0,107.1749964,3.714787329,-0.899993896,1.2095,82.35294342,2544.0,28.40999985,-0.4867,9.241956711,SmoothCondition,LowCongestionCondition,EvenPaceStyle
-0.099998474,33.29999924,39.59999876,110.1599972,-0.900001526,1.5059,21.96078491,938.5,5.690000057,-1.0751,7.917448521,SmoothCondition,LowCongestionCondition,EvenPaceStyle
-2.400001526,27.0,39.52499882,111.8703773,-1.799999237,1.4483,56.47058868,1071.5,12.65999985,-1.1012,7.864048481,UnevenCondition,LowCongestionCondition,EvenPaceStyle
-2.099998474,26.09999847,39.34499884,114.7753944,-0.900001526,1.3704,80.0,1106.5,11.98999977,-1.0653,7.877948761,UnevenCondition,LowCongestionCondition,EvenPaceStyle
-1.900001526,27.89999962,39.19499887,116.8713262,1.800001144,1.4349,30.98039246,1199.5,11.57999992,-1.0327,7.890166759,UnevenCondition,LowCongestionCondition,EvenPaceStyle
-2.099998474,29.69999886,39.08999885,118.2151483,1.799999237,1.5697,0.0,1235.5,14.48999977,-1.0881,7.906013012,UnevenCondition,LowCongestionCondition,EvenPaceStyle
-2.700004578,24.29999924,38.80499881,122.7381061,-6.299999237,1.8227,9.8039217,994.0,7.110000134,-1.0585,7.927320004,UnevenCondition,LowCongestionCondition,EvenPaceStyle
-2.800003052,20.69999886,38.33999882,132.6258265,-0.899999619,1.6449,20.7843132,828.0,4.519999981,-0.9608,7.922231674,UnevenCondition,LowCongestionCondition,EvenPaceStyle
-1.199996948,18.89999962,38.14499884,137.9770886,-1.799999237,1.6634,27.84313774,934.0,5.380000114,-1.0026,7.926586628,UnevenCondition,LowCongestionCondition,EvenPaceStyle
-0.800003052,19.79999924,37.78499886,147.6531556,0.899999619,1.5496,81.5686264,1244.0,13.23999977,-0.9044,7.971265316,UnevenCondition,LowCongestionCondition,EvenPaceStyle
-1.5,20.69999886,37.52999884,154.7045033,0.899999619,1.6418,55.68627548,1576.5,14.93999958,-0.8338,8.011110306,UnevenCondition,LowCongestionCondition,EvenPaceStyle
-1.599998474,22.5,37.48499886,155.9545112,1.800001144,1.6085,65.88235474,1751.5,17.71999931,-0.7988,8.032364845,UnevenCondition,LowCongestionCondition,EvenPaceStyle
-2.799995422,28.79999924,37.57499889,154.0269853,0.899999619,1.644,21.56862831,753.5,8.970000267,-0.8225,8.038969994,UnevenCondition,LowCongestionCondition,EvenPaceStyle
-0.5,38.70000076,37.73999891,152.1665023,6.300003052,1.0691,0.0,1624.5,20.32999992,-0.5905,8.14930439,UnevenCondition,LowCongestionCondition,EvenPaceStyle
0.599998474,32.39999771,38.00999886,150.8348077,-4.5,0.8405,41.5686264,1222.0,14.65999985,-0.6376,8.237366676,UnevenCondition,LowCongestionCondition,EvenPaceStyle
-1.100006104,29.69999886,37.52999884,150.4211131,-2.699998856,0.729,81.96078491,1444.5,17.71999931,-0.508,8.272476196,UnevenCondition,LowCongestionCondition,EvenPaceStyle
-1.900001526,36.0,37.37999884,149.4921296,6.300001144,0.5878,78.8235321,1600.0,19.73999977,-0.4859,8.290512085,UnevenCondition,LowCongestionCondition,EvenPaceStyle
-2.800003052,38.70000076,37.25999889,148.2766724,2.700000763,0.4472,76.86274719,1710.0,20.02000046,-0.4252,8.306741714,UnevenCondition,LowCongestionCondition,EvenPaceStyle
-2.400001526,42.29999924,37.12499892,145.7622408,3.599998474,0.3386,72.94117737,1816.0,20.62999916,-0.4455,8.323132515,UnevenCondition,LowCongestionCondition,EvenPaceStyle
-2.800003052,45.0,36.98999894,142.4693854,2.700000763,0.3294,68.23529816,1914.0,21.02000046,-0.4902,8.338679314,UnevenCondition,LowCongestionCondition,EvenPaceStyle
-2.299995422,46.79999924,36.85499897,138.6452253,1.799999237,0.3153,10.58823586,1908.0,24.96999931,-0.5518,8.358541489,UnevenCondition,LowCongestionCondition,EvenPaceStyle
-2.099998474,47.69999695,36.73499896,135.1050219,0.899997711,0.2841,0.0,1860.5,24.19000053,-0.5299,8.379469872,UnevenCondition,LowCongestionCondition,EvenPaceStyle
-0.299995422,43.19999695,36.01499894,112.0131574,-1.800003052,0.8249,46.27450943,1745.5,16.90999985,-0.6483,8.413053513,UnevenCondition,LowCongestionCondition,EvenPaceStyle
-0.699996948,22.5,33.07499901,60.83580219,-4.5,1.6243,20.0,810.5,4.96999979,-1.0811,8.585803032,UnevenCondition,LowCongestionCondition,EvenPaceStyle
-1.5,14.39999962,31.76999912,75.62653821,-3.600000381,2.0677,42.74509811,942.0,10.35999966,-1.2763,8.627919197,UnevenCondition,LowCongestionCondition,EvenPaceStyle
-1.300003052,15.29999924,31.43999914,79.92548738,0.899999619,2.0507,81.96078491,1152.5,10.65999985,-1.2471,8.651302338,UnevenCondition,LowCongestionCondition,EvenPaceStyle
-2.0,18.89999962,30.88499912,86.50502084,3.600000381,1.9241,26.66666794,1156.5,10.48999977,-1.2778,8.705788612,UnevenCondition,LowCongestionCondition,EvenPaceStyle
2.200004578,12.59999943,29.8349991,99.77620712,-8.099999428,2.1757,25.88235283,748.0,5.269999981,-1.5534,8.84683609,UnevenCondition,LowCongestionCondition,EvenPaceStyle
2.400001526,1.799999952,28.54499915,136.0825102,1.799999952,1.6212,83.92156982,695.0,5.190000057,-1.224,8.886034966,UnevenCondition,LowCongestionCondition,EvenPaceStyle
1.5,15.29999924,28.19999918,145.4613485,8.999999523,1.4296,0.0,1763.0,16.46999931,-1.0365,8.958892822,UnevenCondition,LowCongestionCondition,EvenPaceStyle
0.800003052,14.39999962,28.12499918,147.2174925,-0.899999619,1.4299,21.17647171,963.5,8.18999958,-1.0248,8.984136581,UnevenCondition,LowCongestionCondition,EvenPaceStyle
-1.099998474,19.79999924,27.95999918,150.4641278,-0.899999619,1.1314,19.6078434,1232.0,15.07999992,-0.8189,9.127210617,UnevenCondition,LowCongestionCondition,EvenPaceStyle
-1.200004578,18.0,27.79499919,152.1177631,-1.799999237,1.1819,1.960784316,1162.0,13.68999958,-1.0631,9.160079956,UnevenCondition,LowCongestionCondition,EvenPaceStyle
-0.700004578,12.59999943,27.22499919,158.9144404,-5.400000572,1.1114,43.92156982,857.5,5.550000191,-1.2208,9.233588219,UnevenCondition,LowCongestionCondition,EvenPaceStyle
-0.099998474,13.5,26.93999922,161.8315842,0.900000572,1.1256,32.94117737,900.0,5.380000114,-1.266,9.253367424,UnevenCondition,LowCongestionCondition,EvenPaceStyle
-0.400001526,14.39999962,26.63999925,163.9000589,0.899999619,1.0522,59.60784531,953.0,12.23999977,-1.1766,9.289574623,UnevenCondition,LowCongestionCondition,EvenPaceStyle
1.800003052,99.8999939,101.0249963,20.11614664,-1.800003052,1.4278,0.0,2321.0,31.77000046,-0.4956,11.77899933,SmoothCondition,NormalCongestionCondition,EvenPaceStyle
1.5,84.59999847,100.6499964,26.44627257,-6.299995422,1.5573,18.4313736,1970.0,24.21999931,-0.5676,11.66517448,SmoothCondition,LowCongestionCondition,EvenPaceStyle
1.5,85.5,100.2749966,33.91817621,0.900001526,1.5281,69.80392456,2015.5,24.23999977,-0.7299,11.59867001,SmoothCondition,LowCongestionCondition,EvenPaceStyle
0.900001526,86.3999939,100.1099965,36.88566035,0.899993896,1.4571,70.19608307,2039.0,24.73999977,-0.6246,11.56618786,SmoothCondition,LowCongestionCondition,EvenPaceStyle
1.300003052,88.19999695,99.65999654,44.01091515,0.900001526,1.4943,11.37254906,2052.0,27.79999924,-0.7742,11.48251057,SmoothCondition,LowCongestionCondition,EvenPaceStyle
1.100006104,86.3999939,99.49499652,46.77200942,-1.800003052,1.5839,17.25490189,2079.5,25.65999985,-0.6984,11.45288277,SmoothCondition,LowCongestionCondition,EvenPaceStyle
0.699996948,90.0,98.77499657,56.82699242,1.800003052,1.5958,74.50980377,2121.5,27.44000053,-0.8244,11.34100342,SmoothCondition,LowCongestionCondition,EvenPaceStyle
1.699996948,92.69999695,98.57999662,58.63484731,2.699996948,1.3492,74.11764526,2139.5,28.36000061,-0.7801,11.29384327,SmoothCondition,LowCongestionCondition,EvenPaceStyle
1.5,91.79999542,98.48999659,59.37345777,-0.900001526,1.3887,74.90196228,2161.5,28.29999924,-0.6338,11.32944298,SmoothCondition,LowCongestionCondition,EvenPaceStyle
1.599998474,92.69999695,98.39999657,59.93084755,0.900001526,1.4375,74.50980377,2187.0,28.57999992,-0.4667,11.37054443,SmoothCondition,LowCongestionCondition,EvenPaceStyle
1.0,95.3999939,98.17499644,60.66190611,0.899993896,1.3266,74.90196228,2235.5,29.96999931,-0.1643,11.38730717,SmoothCondition,LowCongestionCondition,EvenPaceStyle
-0.099998474,98.09999847,97.90499649,59.96997384,0.900001526,1.4511,76.47058868,2309.5,30.46999931,-0.1415,11.20586872,SmoothCondition,LowCongestionCondition,EvenPaceStyle
1.099998474,99.8999939,97.75499649,58.78929573,0.899993896,1.4573,76.47058868,2348.0,31.04999924,-0.1074,11.13531017,SmoothCondition,LowCongestionCondition,EvenPaceStyle
0.699996948,102.5999985,97.39499639,54.14895515,1.800003052,1.2498,79.21569061,2410.0,31.46999931,-0.1615,10.99405003,SmoothCondition,LowCongestionCondition,EvenPaceStyle
-0.900001526,105.2999954,96.68999634,40.18057266,0.900001526,1.2206,80.78431702,2466.5,28.46999931,-0.1871,10.78737068,SmoothCondition,LowCongestionCondition,EvenPaceStyle
1.200004578,104.3999939,96.97499631,43.67478342,-0.900001526,1.2066,79.60784149,2462.0,27.94000053,-0.3171,10.67040443,SmoothCondition,LowCongestionCondition,EvenPaceStyle
2.599998474,104.3999939,97.36499621,47.40535837,-0.900001526,1.2282,76.07843018,2457.0,26.73999977,-0.2953,10.56264496,SmoothCondition,LowCongestionCondition,EvenPaceStyle
1.599998474,106.1999969,97.76999613,51.59195806,2.699996948,1.2008,77.64705658,2474.5,27.71999931,-0.4843,10.43641376,SmoothCondition,LowCongestionCondition,EvenPaceStyle
1.0,105.2999954,97.85999616,52.46785634,-0.900001526,1.1779,79.60784149,2476.5,28.04999924,-0.5079,10.42410755,SmoothCondition,LowCongestionCondition,EvenPaceStyle
-1.099998474,107.0999985,98.65499624,55.49437411,0.900001526,0.9688,80.0,2506.0,27.86000061,-0.7664,10.35416412,SmoothCondition,LowCongestionCondition,EvenPaceStyle
-0.300003052,108.0,99.41999626,50.89179329,0.900001526,1.1076,85.49019623,2527.5,27.77000046,-0.6699,10.32198906,SmoothCondition,LowCongestionCondition,EvenPaceStyle
2.300003052,109.7999954,101.5649966,38.13383861,1.799995422,1.1701,83.52941132,2551.0,28.77000046,-0.7148,10.22245312,SmoothCondition,LowCongestionCondition,EvenPaceStyle
2.099998474,108.8999939,101.9399966,35.00481113,-0.900001526,1.02,80.0,2547.0,28.52000046,-0.7772,10.20223045,SmoothCondition,LowCongestionCondition,EvenPaceStyle
-0.800003052,110.6999969,105.434996,10.48400668,0.900001526,1.0012,79.60784149,2582.0,30.32999992,-0.5756,10.02743721,SmoothCondition,LowCongestionCondition,EvenPaceStyle
2.099998474,3.599999905,2.834999895,33.13654821,0.900000095,0.9315,39.2156868,1046.5,8.579999924,-0.7549,15.33024406,UnevenCondition,LowCongestionCondition,EvenPaceStyle
1.399997711,6.299999714,2.249999921,19.86559168,2.699999809,0.937,0.0,945.0,8.380000114,-0.7893,15.33890724,UnevenCondition,LowCongestionCondition,EvenPaceStyle
0.899997711,9.899999619,2.084999927,15.609431,3.599999905,0.7989,30.19607925,950.5,10.48999977,-0.6897,15.35043335,UnevenCondition,LowCongestionCondition,EvenPaceStyle
2.599998474,17.10000038,2.039999946,14.87837231,7.200000763,0.5857,73.72549438,1492.5,15.40999985,-0.5573,15.35811806,UnevenCondition,LowCongestionCondition,EvenPaceStyle
3.0,23.39999962,2.219999949,20.68840616,6.299999237,0.6676,27.05882454,1574.0,18.65999985,-0.5522,15.36966991,UnevenCondition,LowCongestionCondition,EvenPaceStyle
3.5,24.29999924,2.684999927,35.07688802,-0.899999619,0.6072,23.13725471,1449.0,17.79999924,-0.5741,15.36753654,UnevenCondition,LowCongestionCondition,EvenPaceStyle
3.200000763,22.5,3.884999919,61.57349765,-0.899999619,0.6986,22.74509811,1368.5,16.27000046,-0.5207,15.36672306,UnevenCondition,LowCongestionCondition,EvenPaceStyle
3.600002289,20.69999886,4.1549999,66.28522587,-1.800001144,0.7145,37.64706039,1309.5,9.68999958,-0.4934,15.35963249,UnevenCondition,LowCongestionCondition,EvenPaceStyle
-0.599998474,18.0,5.414999843,80.95858028,-2.699998856,0.8879,51.37255096,1162.0,13.88000011,-0.6231,15.36579132,UnevenCondition,LowCongestionCondition,EvenPaceStyle
-0.400001526,20.69999886,6.074999817,86.56359671,1.799999237,0.9395,63.52941132,1330.5,11.97000027,-0.61,15.37457466,UnevenCondition,LowCongestionCondition,EvenPaceStyle
-0.200000763,23.39999962,6.824999785,93.91308753,1.800001144,1.0707,9.411765099,1399.5,14.63000011,-0.6387,15.47474289,UnevenCondition,LowCongestionCondition,EvenPaceStyle
-0.5,22.5,7.199999785,97.14507922,-0.899999619,1.1458,55.68627548,1447.0,13.02000046,-0.5813,15.49259853,UnevenCondition,LowCongestionCondition,EvenPaceStyle
1.299999237,25.19999886,7.619999766,101.5785702,2.699998856,1.4118,25.88235283,1524.5,17.65999985,-0.75,15.52980709,UnevenCondition,LowCongestionCondition,EvenPaceStyle
0.299999237,22.5,8.414999747,107.9585784,-2.699998856,1.5277,53.72549057,1638.5,14.35999966,-0.8054,15.57768822,UnevenCondition,LowCongestionCondition,EvenPaceStyle
0.0,26.09999847,8.849999722,111.8669422,3.599998474,1.4054,3.529411793,1629.0,15.65999985,-0.8664,15.62471962,UnevenCondition,LowCongestionCondition,EvenPaceStyle
-2.199996948,19.79999924,11.20499961,120.7703051,-1.799999237,1.748,74.90196228,1279.0,14.65999985,-0.812,15.8751688,UnevenCondition,LowCongestionCondition,EvenPaceStyle
-0.900001526,22.5,12.23999959,117.9634496,2.700000763,1.4732,41.96078491,1585.5,15.18999958,-0.6003,15.95784092,UnevenCondition,LowCongestionCondition,EvenPaceStyle
-0.599998474,26.09999847,12.67499956,118.4876612,3.599998474,1.4276,1.960784316,1683.5,17.23999977,-0.586,15.99368477,UnevenCondition,LowCongestionCondition,EvenPaceStyle
-0.099998474,23.39999962,13.93499951,116.7633219,-2.699998856,1.5538,22.74509811,1316.0,13.43999958,-0.7968,16.02785492,UnevenCondition,LowCongestionCondition,EvenPaceStyle
-0.200000763,22.5,14.6999995,112.3474497,-0.899999619,1.726,26.27450943,759.0,4.769999981,-1.0274,15.93953037,UnevenCondition,LowCongestionCondition,EvenPaceStyle
1.199996948,13.5,14.9249995,108.6578313,-9.0,1.6708,29.41176605,750.0,4.239999771,-1.1306,15.95927238,UnevenCondition,LowCongestionCondition,EvenPaceStyle
1.200000763,10.79999924,15.10499949,105.1377638,-2.700000763,1.5061,30.19607925,749.5,4.050000191,-1.0437,16.02557564,UnevenCondition,LowCongestionCondition,EvenPaceStyle
0.299999237,1.799999952,15.13499949,104.2701028,-8.999999285,1.5667,29.80392265,751.0,3.859999895,-1.0972,16.09171486,UnevenCondition,LowCongestionCondition,EvenPaceStyle
-0.899997711,1.799999952,15.19499948,102.5018317,0.899999976,1.463,58.03921509,815.5,6.21999979,-0.9784,16.21170807,UnevenCondition,LowCongestionCondition,EvenPaceStyle
0.299999237,3.599999905,15.25499948,100.8635267,1.799999952,1.4396,46.66666794,711.5,4.380000114,-0.9227,16.28531647,UnevenCondition,LowCongestionCondition,EvenPaceStyle
-0.899997711,7.199999809,15.53999947,93.70921366,0.900000095,1.0704,65.09803772,1305.0,8.079999924,-0.8036,16.39151192,UnevenCondition,LowCongestionCondition,EvenPaceStyle
-0.699996948,8.099999428,15.79499946,87.57403617,0.899999619,1.2131,27.45098114,799.5,14.73999977,-0.9044,16.47507095,UnevenCondition,LowCongestionCondition,EvenPaceStyle
-0.899997711,9.899999619,15.95999945,83.90684152,1.800000191,0.9992,89.80392456,852.0,5.800000191,-0.9227,16.4726429,UnevenCondition,LowCongestionCondition,EvenPaceStyle
-0.800003052,12.59999943,16.34999943,75.7601642,1.800000191,1.0755,24.70588303,944.5,6.690000057,-0.9238,16.47127342,UnevenCondition,LowCongestionCondition,EvenPaceStyle
-1.299999237,11.69999981,16.97999941,64.20874117,-0.899999619,1.0705,29.80392265,751.5,4.21999979,-0.9346,16.48388863,UnevenCondition,LowCongestionCondition,EvenPaceStyle
0.599998474,34.20000076,42.29999886,39.45660465,-5.399997711,1.5213,33.33333206,1377.5,5.159999847,-1.46,12.90490055,UnevenCondition,LowCongestionCondition,EvenPaceStyle
1.600002289,33.29999924,42.04499887,41.82047697,-0.900001526,1.4491,67.05882263,1448.5,14.13000011,-1.399,13.00689697,UnevenCondition,LowCongestionCondition,EvenPaceStyle
1.5,35.09999847,41.89499887,42.54352794,1.799999237,1.4668,56.47058868,1547.0,14.22000027,-1.3092,13.12297726,UnevenCondition,LowCongestionCondition,EvenPaceStyle
1.200000763,38.70000076,41.66999887,42.84212953,1.800003052,1.6623,17.64705849,1572.5,18.65999985,-1.2459,13.25218201,UnevenCondition,LowCongestionCondition,EvenPaceStyle
-1.600002289,33.29999924,41.144999,45.03301853,-1.799999237,1.6882,16.07843208,754.5,6.380000114,-1.2613,13.22491837,UnevenCondition,LowCongestionCondition,EvenPaceStyle
-1.599998474,29.69999886,40.99499896,47.12895092,-3.600000381,1.6755,27.05882454,752.5,4.659999847,-1.4267,13.14878368,UnevenCondition,LowCongestionCondition,EvenPaceStyle
-2.200000763,27.0,40.829999,50.1367045,-2.699998856,1.7507,27.45098114,754.5,4.159999847,-1.5317,13.07690239,UnevenCondition,LowCongestionCondition,EvenPaceStyle
-1.700000763,23.39999962,40.619999,54.84568735,-3.600000381,1.7085,29.41176605,746.0,4.130000114,-1.5518,13.03346634,UnevenCondition,LowCongestionCondition,EvenPaceStyle
-2.399997711,18.89999962,40.03499899,69.34400045,-0.899999619,1.4585,24.70588303,1091.0,10.73999977,-1.2791,13.06603527,UnevenCondition,LowCongestionCondition,EvenPaceStyle
-0.599998474,20.69999886,39.37499898,83.43342358,2.699998856,1.5689,58.03921509,1477.0,13.77000046,-1.0532,13.11601067,UnevenCondition,LowCongestionCondition,EvenPaceStyle
-0.900001526,22.5,39.08999901,88.17649929,1.800001144,1.4103,54.11764908,1608.5,14.55000019,-0.9275,13.14008522,UnevenCondition,LowCongestionCondition,EvenPaceStyle
-0.799999237,25.19999886,38.879999,91.37348242,2.699998856,1.5259,50.98039246,1756.5,15.47000027,-0.9029,13.16250706,UnevenCondition,LowCongestionCondition,EvenPaceStyle
-0.5,28.79999924,38.59499903,95.1981006,1.799999237,1.5273,15.68627453,1898.0,16.36000061,-1.0314,13.18593121,UnevenCondition,LowCongestionCondition,EvenPaceStyle
-0.899997711,26.09999847,38.219999,99.65653325,-0.900001526,1.4049,37.64706039,1551.5,16.48999977,-1.1918,13.54246902,UnevenCondition,LowCongestionCondition,AggressiveStyle
-0.5,25.19999886,38.054999,102.3370841,-0.899999619,1.4234,56.86274719,1583.0,13.22000027,-1.0763,13.65214348,UnevenCondition,LowCongestionCondition,AggressiveStyle
-1.5,28.79999924,37.63499899,105.835186,2.700000763,1.0434,57.64706039,1907.5,18.65999985,-0.8311,13.89865112,UnevenCondition,LowCongestionCondition,AggressiveStyle
-2.400001526,29.69999886,37.394999,106.1353896,0.899999619,1.0714,11.76470566,2001.0,26.32999992,-0.7259,14.03675079,UnevenCondition,LowCongestionCondition,EvenPaceStyle
-3.0,31.5,37.19999905,106.1145678,1.800001144,1.0833,0.0,1967.0,25.82999992,-0.6876,14.17448902,UnevenCondition,LowCongestionCondition,EvenPaceStyle
-0.35897824593764377,37.47805300018729,38.811063580731144,171.92088758076872,-0.00018182406055956946,-0.0477,36.86274719,805.0,10.55000019,0.0236,16.344780882093918,UnevenCondition,NormalCongestionCondition,EvenPaceStyle
0.099998474,27.89999962,9.045762385,52.270798,3.600000381,-1.4038,0.0,947.5,23.12999916,0.2022,28.72807312,UnevenCondition,NormalCongestionCondition,EvenPaceStyle
-0.200000763,30.59999847,9.404999653,59.12793716,2.699998856,-1.3209,28.23529434,797.0,10.13000011,0.1834,27.79902077,UnevenCondition,NormalCongestionCondition,EvenPaceStyle
-0.899997711,29.69999886,9.899999634,64.36067403,-0.899999619,-1.4974,0.0,1112.0,6.050000191,0.2099,26.15026093,UnevenCondition,NormalCongestionCondition,EvenPaceStyle
-1.200000763,28.79999924,11.3249996,74.91241126,0.899999619,-1.5972,65.88235474,1218.5,14.57999992,0.1779,25.15500259,UnevenCondition,NormalCongestionCondition,EvenPaceStyle
-0.200000763,30.59999847,11.83499958,78.77112257,1.799999237,-1.6831,61.96078491,1288.0,14.55000019,0.2392,24.85887527,UnevenCondition,NormalCongestionCondition,EvenPaceStyle
-0.5,33.29999924,12.92999953,87.781113,0.900001526,-1.7848,40.7843132,1368.5,14.85999966,0.3247,24.28318214,UnevenCondition,NormalCongestionCondition,EvenPaceStyle
2.0,30.59999847,14.5349995,97.38739338,-2.700000763,-1.818,1.176470637,1213.5,15.48999977,0.1405,23.77840042,UnevenCondition,NormalCongestionCondition,EvenPaceStyle
1.600002289,29.69999886,14.98499949,98.70535928,-0.899999619,-1.7693,4.705882549,1118.0,11.10999966,0.1973,23.47639656,UnevenCondition,NormalCongestionCondition,EvenPaceStyle
2.899997711,26.09999847,15.79499946,97.84318978,-1.800001144,-1.3203,53.33333588,1050.5,9.239999771,0.0258,22.89801598,UnevenCondition,NormalCongestionCondition,EvenPaceStyle
2.5,23.39999962,16.79999942,95.57084208,-2.699998856,-0.6664,37.25490189,793.5,6.380000114,-0.1473,21.57760811,UnevenCondition,NormalCongestionCondition,EvenPaceStyle
2.200000763,20.69999886,17.0549994,93.55979972,-2.700000763,-0.5864,38.03921509,801.5,6.46999979,-0.2255,21.30664635,UnevenCondition,NormalCongestionCondition,EvenPaceStyle
1.899997711,16.19999886,17.47499938,88.47647807,-2.700000763,-0.4591,38.82352829,799.0,6.360000134,-0.3641,21.01474953,UnevenCondition,NormalCongestionCondition,EvenPaceStyle
2.299999237,15.29999924,17.63999938,86.05769005,-0.899999619,-0.3935,39.2156868,802.5,6.380000114,-0.3554,20.95396996,UnevenCondition,NormalCongestionCondition,EvenPaceStyle
-0.399997711,10.79999924,17.86499938,82.01112239,-2.700000763,-0.2869,39.60784531,800.0,6.440000057,-0.5138,20.9895153,UnevenCondition,NormalCongestionCondition,EvenPaceStyle
0.099998474,0.899999976,13.5599995,148.7342956,0.899999976,-0.5123,83.52941132,782.5,7.159999847,0.0797,21.6427021,UnevenCondition,NormalCongestionCondition,EvenPaceStyle
-0.100002289,7.199999809,13.22999952,150.8604311,3.599999905,-0.5356,36.86274719,906.5,7.050000191,0.0528,21.90742683,UnevenCondition,NormalCongestionCondition,EvenPaceStyle
-0.099998474,8.099999428,12.95999954,152.8346343,0.899999619,-0.8906,73.72549438,877.5,8.18999958,0.131,22.37186241,UnevenCondition,NormalCongestionCondition,EvenPaceStyle
0.700000763,9.0,12.83999956,153.6492105,0.900000572,-1.0712,55.68627548,779.0,10.55000019,-0.0496,22.57136154,UnevenCondition,NormalCongestionCondition,EvenPaceStyle
0.900001526,17.10000038,12.94499957,153.9025072,4.500000954,-1.155,77.64705658,1317.5,17.15999985,0.0354,22.66715622,UnevenCondition,NormalCongestionCondition,EvenPaceStyle
0.399997711,20.69999886,12.98999955,154.486668,3.599998474,-1.1058,60.7843132,1461.5,18.32999992,0.0119,22.70561218,UnevenCondition,NormalCongestionCondition,EvenPaceStyle
-0.5,23.39999962,12.97499955,154.1551173,2.700000763,-1.028,0.0,1425.5,16.98999977,-0.0356,22.73582077,UnevenCondition,NormalCongestionCondition,EvenPaceStyle
-0.799999237,21.59999847,12.86999953,151.629244,-1.800001144,-1.0375,60.39215851,1376.5,18.79999924,0.0071,22.78838921,UnevenCondition,NormalCongestionCondition,EvenPaceStyle
-4.599998474,25.19999886,12.64499953,145.3174224,3.600000381,-1.025,68.23529816,1859.5,19.86000061,0.0095,22.84132576,UnevenCondition,NormalCongestionCondition,EvenPaceStyle
-7.400001526,31.5,12.68999955,146.8626009,2.700000763,-0.9272,77.64705658,1449.5,17.79999924,-0.0115,22.29746628,UnevenCondition,NormalCongestionCondition,EvenPaceStyle
-5.700000763,39.59999847,12.86999953,155.2536507,2.700000763,-1.0775,69.01960754,1639.5,23.27000046,0.1419,22.1869545,UnevenCondition,NormalCongestionCondition,EvenPaceStyle
-5.699996948,41.39999771,13.00499951,161.9567424,1.799999237,-0.9212,25.49019623,1746.5,22.94000053,0.1806,22.13340378,UnevenCondition,NormalCongestionCondition,EvenPaceStyle
4.5,27.0,14.65499954,221.4482665,-6.299999237,-0.254,41.96078491,865.5,7.110000134,0.0633,20.96957016,UnevenCondition,NormalCongestionCondition,EvenPaceStyle
3.599998474,26.09999847,14.81999953,223.6002576,-0.900001526,-0.2141,31.37254906,763.0,5.769999981,0.0199,20.6879158,UnevenCondition,NormalCongestionCondition,EvenPaceStyle
-3.199996948,7.199999809,12.64499961,36.53031188,-0.899999619,-0.1387,37.25490189,785.0,5.550000191,-0.1963,20.42724991,FullOfHolesCondition,HighCongestionCondition,EvenPaceStyle
-3.0,4.5,12.71999961,34.93891363,-2.699999809,-0.0984,35.29411697,787.0,5.630000114,-0.236,20.43152046,FullOfHolesCondition,HighCongestionCondition,EvenPaceStyle
0.599998474,6.299999714,0.959999967,5.542779259,-0.900000095,-0.3311,31.37254906,857.5,5.880000114,0.1167,20.32861328,FullOfHolesCondition,HighCongestionCondition,EvenPaceStyle
0.200000763,3.599999905,1.019999965,5.641626713,-2.699999809,-0.3095,35.29411697,782.5,5.21999979,0.0982,20.38175583,FullOfHolesCondition,HighCongestionCondition,EvenPaceStyle
0.100002289,2.699999809,1.064999962,5.669770773,-0.900000095,-0.3009,38.03921509,773.5,5.050000191,0.0833,20.43710709,FullOfHolesCondition,HighCongestionCondition,EvenPaceStyle
0.5,1.799999952,1.364999942,5.724685998,1.799999952,-0.3924,35.29411697,922.5,8.739999771,-0.0058,20.99721527,FullOfHolesCondition,HighCongestionCondition,EvenPaceStyle
0.700000763,2.699999809,1.409999939,5.721253792,0.899999857,-0.4379,36.86274719,798.0,5.739999771,0.0472,21.08067322,FullOfHolesCondition,HighCongestionCondition,EvenPaceStyle
0.699996948,1.799999952,1.634999927,5.532482613,1.799999952,-0.5417,66.66666412,842.0,6.360000134,0.0494,21.72796631,FullOfHolesCondition,HighCongestionCondition,EvenPaceStyle
1.200000763,13.5,2.219999913,16.70704958,0.900000572,-0.6596,44.31372452,894.0,6.829999924,0.1389,22.04554939,FullOfHolesCondition,HighCongestionCondition,EvenPaceStyle
0.799999237,12.59999943,2.879999904,22.15281222,-0.900000572,-0.4675,27.84313774,785.0,5.360000134,0.0937,22.11873817,FullOfHolesCondition,HighCongestionCondition,EvenPaceStyle
-0.400001526,11.69999981,3.284999891,24.62468494,-0.899999619,-0.3992,35.29411697,780.0,5.440000057,0.0118,22.32085419,FullOfHolesCondition,HighCongestionCondition,EvenPaceStyle
-0.799999237,4.5,3.359999891,24.46108327,-7.199999809,-0.3642,34.90196228,780.5,5.300000191,-0.0497,22.43935394,FullOfHolesCondition,HighCongestionCondition,EvenPaceStyle
-0.700000763,3.599999905,3.41999989,24.26704938,-0.900000095,-0.3747,34.50980377,789.5,5.360000134,-0.0582,22.57344627,FullOfHolesCondition,HighCongestionCondition,EvenPaceStyle
-0.799999237,1.799999952,3.179999904,25.3012866,1.799999952,-0.2413,32.54901886,784.0,5.380000114,-0.2107,23.98595619,FullOfHolesCondition,HighCongestionCondition,EvenPaceStyle
-0.100002289,1.799999952,0.479999991,2.923321941,1.799999952,-0.8031,33.72549057,706.0,5.079999924,0.2773,24.81427574,FullOfHolesCondition,HighCongestionCondition,EvenPaceStyle
-0.400001526,3.599999905,0.299999992,0.6772881,1.799999952,-1.0512,50.19607925,999.5,12.63000011,0.3831,24.77765656,FullOfHolesCondition,HighCongestionCondition,EvenPaceStyle
-0.5,8.099999428,0.374999984,1.518177792,4.499999523,-1.0726,54.90196228,1403.0,13.82999992,0.368,24.72293091,FullOfHolesCondition,HighCongestionCondition,EvenPaceStyle
0.0,11.69999981,0.569999981,3.650948913,3.600000381,-1.1323,45.49019623,1661.0,15.90999985,0.4041,24.70776939,FullOfHolesCondition,HighCongestionCondition,EvenPaceStyle
0.200000763,14.39999962,1.034999975,9.495533504,0.899999619,-0.946,26.27450943,755.5,5.579999924,0.3318,24.58420372,FullOfHolesCondition,HighCongestionCondition,EvenPaceStyle
1.500003815,15.29999924,2.249999936,23.46254108,0.899999619,-0.8969,32.94117737,958.0,12.47000027,0.0671,24.27778625,FullOfHolesCondition,HighCongestionCondition,EvenPaceStyle
0.099998474,16.19999886,3.284999879,33.98773469,0.899999619,-1.1204,66.66666412,1337.0,15.35999966,0.2316,24.20934868,FullOfHolesCondition,HighCongestionCondition,EvenPaceStyle
0.600002289,22.5,3.659999879,39.91972631,6.300001144,-1.0752,9.019607544,1519.5,15.85999966,0.2276,24.18637085,FullOfHolesCondition,HighCongestionCondition,EvenPaceStyle
-0.399993896,24.29999924,4.064999866,46.74637843,1.799999237,-0.9206,0.0,1489.0,17.61000061,0.1752,24.18537521,FullOfHolesCondition,HighCongestionCondition,EvenPaceStyle
-0.300003052,22.5,4.409999867,52.29853953,-1.799999237,-0.7886,45.49019623,1262.0,15.47000027,0.0429,24.18022728,FullOfHolesCondition,HighCongestionCondition,EvenPaceStyle
0.099998474,22.5,5.354999844,64.61946275,2.700000763,-0.8934,61.17647171,1552.0,16.40999985,0.1705,24.38297653,FullOfHolesCondition,HighCongestionCondition,EvenPaceStyle
0.199996948,25.19999886,5.774999825,70.62902145,2.699998856,-0.7018,60.7843132,1679.5,17.65999985,0.1378,24.40891647,FullOfHolesCondition,HighCongestionCondition,EvenPaceStyle
0.599998474,27.0,6.224999825,77.49342839,1.800001144,-0.6739,50.19607925,1799.5,17.48999977,0.0376,24.42673683,FullOfHolesCondition,HighCongestionCondition,EvenPaceStyle
0.399993896,27.0,7.6349998,98.09213967,-1.799999237,-0.6549,68.62744904,1105.0,10.93999958,0.3033,24.06108475,FullOfHolesCondition,HighCongestionCondition,EvenPaceStyle
0.0,27.89999962,9.959999768,122.5122665,-0.899999619,-0.5896,36.86274719,1109.5,8.520000458,0.6881,23.69190216,FullOfHolesCondition,HighCongestionCondition,EvenPaceStyle
0.5,26.09999847,11.75999974,132.2048088,-0.900001526,-0.3853,30.98039246,813.0,6.050000191,0.5453,23.28647232,FullOfHolesCondition,HighCongestionCondition,EvenPaceStyle
-0.100006104,25.19999886,12.17999972,132.742978,-0.899999619,-0.2623,30.58823586,795.5,6.239999771,0.4833,23.3441925,FullOfHolesCondition,HighCongestionCondition,EvenPaceStyle
-0.299995422,19.79999924,12.91499969,130.6385797,-4.5,-0.0409,33.72549057,777.0,5.360000134,0.4132,23.3932476,FullOfHolesCondition,HighCongestionCondition,EvenPaceStyle
0.199996948,2.699999809,13.49999966,121.5274529,2.699999809,-0.2809,81.17647552,901.5,10.88000011,0.1329,23.95082855,FullOfHolesCondition,HighCongestionCondition,EvenPaceStyle
0.300003052,11.69999981,13.79999965,116.191521,5.400000095,-0.3821,14.11764717,1463.5,16.36000061,0.2046,23.9101963,FullOfHolesCondition,HighCongestionCondition,EvenPaceStyle
-0.400001526,14.39999962,14.03999965,112.91125,2.699999809,-0.4243,19.2156868,898.5,13.80000019,0.4297,23.8368969,FullOfHolesCondition,HighCongestionCondition,EvenPaceStyle
0.799995422,15.29999924,14.53499963,106.0090893,0.899999619,-0.4494,75.29412079,1237.0,11.98999977,0.399,23.64677429,FullOfHolesCondition,HighCongestionCondition,EvenPaceStyle
0.900001526,18.89999962,15.3599996,94.91735261,3.600000381,-0.4687,57.64706039,1159.0,14.13000011,0.4732,23.56860733,FullOfHolesCondition,HighCongestionCondition,EvenPaceStyle
0.5,18.0,15.6599996,90.94514947,-0.899999619,-0.6953,75.29412079,1137.5,13.93999958,0.6305,23.56319046,FullOfHolesCondition,HighCongestionCondition,EvenPaceStyle
-0.299995422,19.79999924,15.98999958,86.96836998,1.799999237,-0.9651,43.92156982,1351.5,15.30000019,0.8231,23.56310272,UnevenCondition,HighCongestionCondition,EvenPaceStyle
-0.5,22.5,16.33499959,84.1528194,2.700000763,-1.0229,45.49019623,1502.0,13.93999958,0.8579,23.53814125,UnevenCondition,HighCongestionCondition,EvenPaceStyle
0.200004578,23.39999962,16.69499958,81.28624332,0.899999619,-1.042,56.86274719,1548.0,14.10999966,0.9681,23.50178909,UnevenCondition,HighCongestionCondition,EvenPaceStyle
0.0,26.09999847,17.33999955,79.18413285,1.799999237,-1.2733,61.96078491,1727.0,18.04999924,1.0142,23.70275307,UnevenCondition,HighCongestionCondition,EvenPaceStyle
0.599998474,27.0,17.59499956,80.1604805,0.900001526,-1.3029,54.50980377,1835.0,18.62999916,1.0542,23.73019409,UnevenCondition,HighCongestionCondition,EvenPaceStyle
0.300003052,29.69999886,17.86499954,82.28570062,2.699998856,-1.3331,0.0,1101.0,9.18999958,1.0029,23.61812019,UnevenCondition,HighCongestionCondition,EvenPaceStyle
-1.0,28.79999924,18.35999952,86.03023417,-0.899999619,-1.2094,85.09803772,1224.0,15.43999958,1.1729,23.59495163,UnevenCondition,HighCongestionCondition,EvenPaceStyle
-0.400001526,29.69999886,18.6149995,87.87790343,0.899999619,-1.0057,56.47058868,1294.0,11.72000027,0.9444,23.53833389,UnevenCondition,HighCongestionCondition,EvenPaceStyle
-0.600006104,26.09999847,18.80999949,88.48769133,-3.600000381,-0.7502,54.90196228,1318.0,11.40999985,0.9552,23.49318314,UnevenCondition,HighCongestionCondition,EvenPaceStyle
-1.400001526,28.79999924,19.04999948,89.7910133,2.700000763,-0.8199,55.29411697,1331.5,11.90999985,0.8479,23.45829201,UnevenCondition,HighCongestionCondition,EvenPaceStyle
-1.700000763,31.5,19.87499948,96.65885183,-0.899997711,-1.1387,20.0,1191.0,15.30000019,0.431,23.50721169,UnevenCondition,HighCongestionCondition,EvenPaceStyle
-0.399993896,29.69999886,20.36999949,99.75263984,-1.800001144,-1.3078,4.705882549,1122.0,14.40999985,0.6586,23.47788429,UnevenCondition,HighCongestionCondition,EvenPaceStyle
0.599998474,28.79999924,20.47499948,100.8690211,-0.899999619,-1.344,36.07843018,1099.5,11.65999985,0.672,23.44371796,UnevenCondition,HighCongestionCondition,EvenPaceStyle
1.400001526,28.79999924,20.74499949,103.0875975,1.799999237,-0.9699,83.13725281,1233.5,11.68999958,0.5254,23.58944321,UnevenCondition,HighCongestionCondition,EvenPaceStyle
0.799999237,33.29999924,21.10499947,107.2062411,2.700000763,-0.9751,23.52941132,1393.0,14.98999977,0.4743,23.88221741,UnevenCondition,HighCongestionCondition,EvenPaceStyle
-0.300003052,31.5,21.65999942,117.9268416,-0.899997711,-0.351,1.568627477,1174.0,13.65999985,0.2612,23.69203568,UnevenCondition,HighCongestionCondition,EvenPaceStyle
-0.399993896,29.69999886,21.7049994,118.5370871,-1.800001144,-0.0513,29.41176605,770.0,5.829999924,0.0078,23.44691467,UnevenCondition,HighCongestionCondition,EvenPaceStyle
-0.200004578,25.19999886,21.67499938,118.2680022,-4.5,0.0521,32.94117737,766.5,5.360000134,-0.0286,23.32076454,UnevenCondition,HighCongestionCondition,EvenPaceStyle
0.299995422,17.10000038,21.4799994,117.7236546,-8.099998474,-0.0025,32.15686417,775.5,5.269999981,-0.1863,23.28562927,UnevenCondition,HighCongestionCondition,EvenPaceStyle
-0.599998474,8.099999428,21.13499941,119.7287479,-9.000000954,0.1656,32.94117737,784.5,5.190000057,-0.1609,23.25131989,UnevenCondition,HighCongestionCondition,EvenPaceStyle
-0.5,3.599999905,20.33999942,127.4363319,-0.900000095,0.4888,33.33333206,778.0,5.159999847,-0.1311,23.22538185,UnevenCondition,HighCongestionCondition,EvenPaceStyle
0.099998474,5.399999619,1.04999997,7.747626992,3.599999666,-0.7941,0.0,1722.5,18.32999992,0.1616,23.59405136,UnevenCondition,HighCongestionCondition,EvenPaceStyle
0.299995422,8.099999428,0.899999954,4.201016465,2.699999809,-0.7841,71.37255096,903.5,7.019999981,0.2212,23.5364933,UnevenCondition,HighCongestionCondition,EvenPaceStyle
0.0,15.29999924,1.36499994,12.45180408,0.899999619,-0.6555,20.0,968.5,6.610000134,0.178,23.37333488,UnevenCondition,HighCongestionCondition,EvenPaceStyle
0.299995422,14.39999962,2.579999886,26.83891293,-0.899999619,-0.6141,42.35294342,852.0,6.159999847,0.2492,23.1948452,UnevenCondition,HighCongestionCondition,EvenPaceStyle
0.0,12.59999943,2.789999876,28.38294669,-1.800000191,-0.6629,42.74509811,843.5,6.079999924,0.3633,23.18432045,UnevenCondition,HighCongestionCondition,EvenPaceStyle
0.599998474,13.5,3.014999876,30.14366709,0.900000572,-0.6888,44.31372452,811.0,5.940000057,0.3729,23.18068886,UnevenCondition,HighCongestionCondition,EvenPaceStyle
1.200004578,12.59999943,3.209999867,31.58633644,-0.900000572,-0.8671,46.27450943,841.0,9.579999924,0.457,23.16726494,UnevenCondition,HighCongestionCondition,EvenPaceStyle
0.400001526,13.5,3.494999866,34.70895501,0.900000572,-0.8846,25.88235283,1080.5,10.40999985,0.4557,23.22018242,UnevenCondition,HighCongestionCondition,EvenPaceStyle
1.400001526,16.19999886,3.824999853,38.95207329,2.699998856,-0.6569,24.31372643,1004.0,9.380000114,0.4291,23.33749771,UnevenCondition,HighCongestionCondition,EvenPaceStyle
1.199996948,13.5,4.829999808,45.5787421,-1.799999237,-0.0329,27.45098114,786.5,4.989999771,0.0351,23.24675179,UnevenCondition,HighCongestionCondition,EvenPaceStyle
1.099998474,11.69999981,5.024999805,45.94461501,-1.800000191,-0.0011,33.33333206,772.5,4.909999847,-0.0323,23.32509422,UnevenCondition,HighCongestionCondition,EvenPaceStyle
0.0,0.899999976,0.015,0.013499999,0.899999976,-0.3433,33.72549057,873.0,6.829999924,0.0926,23.37888908,UnevenCondition,HighCongestionCondition,EvenPaceStyle
2.599998474,1.799999952,0.059999998,0.07871186,0.899999976,-0.2738,35.29411697,770.0,5.519999981,0.0557,23.68410873,UnevenCondition,HighCongestionCondition,EvenPaceStyle
1.700004578,2.699999809,0.104999995,0.194720318,2.699999809,-0.4809,0.0,1298.0,18.79999924,0.235,23.8941803,UnevenCondition,HighCongestionCondition,EvenPaceStyle
1.5,4.5,0.179999995,0.51620337,1.800000191,-0.6161,49.80392075,1418.5,12.48999977,0.3183,23.94155693,UnevenCondition,HighCongestionCondition,EvenPaceStyle
0.5,6.299999714,0.28499999,1.139262634,1.799999714,-0.8352,86.27451324,1048.5,12.38000011,0.375,24.00359154,UnevenCondition,HighCongestionCondition,EvenPaceStyle
-2.800003052,22.5,1.154999987,16.09268636,5.399999619,-1.0949,49.01960754,1644.0,15.90999985,0.3589,24.05815697,UnevenCondition,HighCongestionCondition,EvenPaceStyle
-4.099998474,25.19999886,1.574999968,25.69004139,2.699998856,-1.1234,48.23529434,1721.0,16.69000053,0.3028,24.05571556,UnevenCondition,HighCongestionCondition,EvenPaceStyle
-5.799995422,27.0,2.024999968,36.398516,1.800001144,-1.1919,27.84313774,1700.5,18.73999977,0.3057,24.05508995,UnevenCondition,HighCongestionCondition,EvenPaceStyle
-7.0,26.09999847,2.459999943,45.96040463,-0.900001526,-1.179,52.94117737,1820.5,17.71999931,0.25,24.02593231,UnevenCondition,HighCongestionCondition,EvenPaceStyle
-7.600002289,28.79999924,2.93999993,57.3827769,2.700000763,-1.1308,7.058823586,1767.5,22.44000053,0.242,24.0339241,UnevenCondition,HighCongestionCondition,AggressiveStyle
-9.199996948,27.89999962,3.404999924,67.57573428,-0.899999619,-1.1487,0.0,1614.0,20.27000046,0.2226,24.03104401,UnevenCondition,HighCongestionCondition,AggressiveStyle
-6.799999237,20.69999886,4.574999873,86.17003756,-2.700000763,-1.1102,3.529411793,1120.5,11.60999966,0.0106,24.08395767,UnevenCondition,HighCongestionCondition,AggressiveStyle
0.100006104,0.0,0.0,0.0,0.0,-0.3658,32.54901886,771.5,9.359999657,-0.0377,23.32509422,UnevenCondition,HighCongestionCondition,EvenPaceStyle
-7.099998474,45.0,44.1299988,274.3007648,-0.899997711,0.0753,72.94117737,1388.0,15.35999966,-0.5106,18.89408875,UnevenCondition,HighCongestionCondition,EvenPaceStyle
-4.099998474,46.79999924,44.8049988,249.7021643,1.799999237,0.3255,72.15686035,1433.5,16.27000046,-0.4342,18.85644531,UnevenCondition,HighCongestionCondition,EvenPaceStyle
0.799999237,45.89999771,46.7099987,201.2287015,-2.700000763,0.895,7.450980663,1291.0,15.82999992,-0.2788,18.70102501,UnevenCondition,HighCongestionCondition,EvenPaceStyle
0.800003052,41.39999771,47.72999856,176.0573822,-1.799999237,1.0714,5.882352829,1186.5,10.80000019,-0.3102,18.44778633,UnevenCondition,HighCongestionCondition,EvenPaceStyle
0.400001526,38.70000076,48.20999858,160.3626027,-0.899997711,0.6426,20.0,852.0,5.519999981,-0.2473,17.9691906,UnevenCondition,HighCongestionCondition,EvenPaceStyle
0.299999237,37.79999924,48.49499858,149.2896282,-0.900001526,0.5607,27.45098114,911.0,16.37999916,-0.2212,17.8774147,UnevenCondition,HighCongestionCondition,EvenPaceStyle
-0.400001526,35.09999847,49.07999852,123.654504,-1.799999237,0.5163,59.60784531,1479.0,15.97000027,-0.1753,17.67804527,UnevenCondition,HighCongestionCondition,EvenPaceStyle
0.400001526,36.0,49.28999853,115.3320975,0.900001526,0.2979,6.666666985,1490.5,17.98999977,-0.1564,17.59067726,UnevenCondition,HighCongestionCondition,EvenPaceStyle
0.200000763,36.89999771,49.45499849,109.4852261,0.899997711,0.3494,0.0,1440.0,17.57999992,-0.0097,17.50613594,UnevenCondition,HighCongestionCondition,EvenPaceStyle
0.099998474,36.0,49.55999851,105.9278613,-0.899997711,0.2558,21.17647171,1436.5,15.35999966,0.0075,17.41214561,UnevenCondition,HighCongestionCondition,EvenPaceStyle
0.200000763,36.0,49.70999851,100.9443022,0.900001526,0.338,0.392156869,1415.5,17.12999916,-0.0786,17.25904465,UnevenCondition,HighCongestionCondition,EvenPaceStyle
0.099998474,34.20000076,49.73999856,99.94209711,-0.899997711,0.2319,5.490196228,1392.0,12.60999966,-0.1554,17.15454483,UnevenCondition,HighCongestionCondition,EvenPaceStyle
-2.399997711,31.5,49.5749986,104.7863074,-2.700000763,0.0731,51.76470566,1228.0,15.23999977,-0.1051,17.00555992,UnevenCondition,HighCongestionCondition,EvenPaceStyle
-2.600002289,29.69999886,49.40999861,109.7673496,-1.800001144,-0.1555,75.6862793,1347.5,15.55000019,-0.0473,16.92982483,UnevenCondition,HighCongestionCondition,EvenPaceStyle
-2.400001526,34.20000076,49.06499866,117.669424,2.700000763,-0.166,64.31372833,1461.5,16.86000061,0.0639,16.77927399,UnevenCondition,HighCongestionCondition,EvenPaceStyle
-2.399997711,36.89999771,48.89999863,120.0630431,2.699996948,-0.3078,1.176470637,1553.0,15.40999985,0.0176,16.70967102,UnevenCondition,HighCongestionCondition,EvenPaceStyle
-2.299999237,37.79999924,48.71999865,122.1168734,0.900001526,-0.2933,0.0,1512.0,18.79999924,0.0892,16.65327835,UnevenCondition,HighCongestionCondition,EvenPaceStyle
-2.800003052,36.89999771,48.49499865,124.3855603,-0.900001526,-0.1525,21.17647171,1467.0,17.96999931,0.1498,16.6079216,UnevenCondition,HighCongestionCondition,EvenPaceStyle
-2.599998474,35.09999847,48.22499863,127.2191874,-1.799999237,-0.3098,30.98039246,1451.5,12.63000011,0.3852,16.52909088,UnevenCondition,HighCongestionCondition,EvenPaceStyle
-1.400001526,32.39999771,46.94999863,137.2652476,-0.900001526,0.0804,22.74509811,1353.0,14.02000046,0.3413,16.47860336,UnevenCondition,HighCongestionCondition,EvenPaceStyle
-1.700000763,33.29999924,46.06499859,137.9331537,0.900001526,0.0071,50.58823776,1399.0,12.22000027,0.402,16.38284683,UnevenCondition,HighCongestionCondition,EvenPaceStyle
-2.199996948,35.09999847,45.16499866,133.2928149,0.899997711,-0.0608,0.0,1372.0,16.77000046,0.5912,16.34534264,UnevenCondition,HighCongestionCondition,EvenPaceStyle
-0.5,32.39999771,44.17499863,126.313084,-1.800003052,0.1954,14.90196133,829.5,6.380000114,0.499,16.23040581,UnevenCondition,HighCongestionCondition,EvenPaceStyle
-0.799999237,26.09999847,43.55999861,125.4593799,-6.299999237,0.082,31.76470566,760.0,5.329999924,0.5206,16.14133644,UnevenCondition,HighCongestionCondition,EvenPaceStyle
0.0,25.19999886,42.91499863,123.7375583,-0.899999619,-0.1196,0.0,1203.5,12.88000011,0.6424,16.13772011,UnevenCondition,HighCongestionCondition,EvenPaceStyle
0.099998474,23.39999962,40.8599987,117.6614153,1.800001144,0.1974,66.27451324,1744.0,17.44000053,0.619,16.13044357,UnevenCondition,HighCongestionCondition,EvenPaceStyle
0.299999237,27.0,40.24499874,111.5353901,3.600000381,0.5809,0.0,1088.5,19.29999924,0.6517,16.12748337,UnevenCondition,HighCongestionCondition,EvenPaceStyle
-5.199996948,18.0,4.874999873,88.77851221,-2.699998856,-1.3443,86.66667175,1300.0,16.61000061,0.1115,24.11254883,UnevenCondition,HighCongestionCondition,AggressiveStyle
-0.099998474,23.39999962,5.57999986,96.61789335,4.5,-1.7362,66.27451324,1742.5,18.02000046,0.2357,24.13474083,UnevenCondition,HighCongestionCondition,EvenPaceStyle
1.0,27.0,6.02999986,103.6607748,3.600000381,-1.7761,62.35294342,1948.5,20.32999992,0.2642,24.14044571,UnevenCondition,HighCongestionCondition,EvenPaceStyle
3.599998474,31.5,7.049999841,121.86152,1.800001144,-1.6876,95.29412079,1072.0,10.63000011,0.1558,24.00135612,UnevenCondition,HighCongestionCondition,EvenPaceStyle
2.799999237,30.59999847,7.559999816,130.1546376,-0.900001526,-1.903,73.33333588,1284.5,16.44000053,0.16,23.91624832,UnevenCondition,HighCongestionCondition,EvenPaceStyle
3.100002289,32.39999771,8.099999777,139.3474495,1.799999237,-1.9291,71.37255096,1377.5,16.27000046,0.1525,23.79734039,UnevenCondition,HighCongestionCondition,EvenPaceStyle
2.399997711,35.09999847,8.684999752,150.2433213,2.700000763,-1.7627,64.70588684,1477.5,16.82999992,0.1612,23.65933228,UnevenCondition,HighCongestionCondition,EvenPaceStyle
2.699996948,36.89999771,9.299999714,162.0732093,1.799999237,-2.3177,69.41176605,1550.5,16.96999931,0.4146,23.49991226,UnevenCondition,HighCongestionCondition,EvenPaceStyle
2.099998474,38.70000076,9.944999727,174.8343714,1.800003052,-2.3949,70.19608307,1620.5,18.73999977,0.4433,23.3367424,UnevenCondition,HighCongestionCondition,EvenPaceStyle
0.700004578,42.29999924,11.30999969,202.2354801,2.700000763,-2.7252,69.01960754,1808.5,20.94000053,0.9063,23.15933418,UnevenCondition,HighCongestionCondition,EvenPaceStyle
-0.300003052,44.09999847,12.04499966,217.7414874,1.799999237,-2.7547,70.58823395,1889.0,22.44000053,0.9211,23.07444572,UnevenCondition,HighCongestionCondition,EvenPaceStyle
-0.599998474,46.79999924,12.82499965,235.1368091,2.700000763,-2.8393,69.80392456,1970.5,24.37999916,1.0181,23.00618744,UnevenCondition,HighCongestionCondition,EvenPaceStyle
-0.599998474,51.29999924,15.32999957,291.1048309,0.900001526,-2.9541,74.11764526,1507.0,20.82999992,1.2021,22.66292381,UnevenCondition,HighCongestionCondition,EvenPaceStyle
-1.399993896,49.5,16.15499957,306.2191113,-1.799999237,-2.9727,82.35294342,1572.0,23.07999992,1.3331,22.5669136,UnevenCondition,HighCongestionCondition,EvenPaceStyle
-2.199996948,51.29999924,17.00999956,321.9873399,1.799999237,-3.065,79.60784149,1636.5,22.77000046,1.3444,22.42960358,UnevenCondition,HighCongestionCondition,EvenPaceStyle
-3.0,54.89999771,17.92499952,340.5649396,3.599998474,-2.8991,77.2549057,1702.0,24.12999916,1.2625,22.28901863,UnevenCondition,HighCongestionCondition,EvenPaceStyle
-2.400001526,56.69999695,18.86999947,359.6939789,1.799999237,-2.7341,76.07843018,1754.5,23.19000053,1.0567,22.12718582,UnevenCondition,HighCongestionCondition,EvenPaceStyle
-2.300003052,60.29999924,20.84999946,399.3482851,1.799999237,-2.7228,73.33333588,1837.0,23.62999916,0.983,21.96899605,UnevenCondition,HighCongestionCondition,EvenPaceStyle
-2.400001526,62.09999847,22.90499938,436.7526628,0.900001526,-2.8772,71.37255096,1859.5,22.44000053,0.5761,21.61193085,UnevenCondition,HighCongestionCondition,EvenPaceStyle
1.199996948,63.89999771,27.08999935,494.9703855,0.899997711,-1.716,65.49019623,1887.0,20.94000053,-0.0987,20.90201759,UnevenCondition,HighCongestionCondition,EvenPaceStyle
2.199996948,62.09999847,33.41999913,516.7927873,-1.799999237,-1.3087,0.0,1770.5,22.73999977,-0.6133,20.11931992,UnevenCondition,HighCongestionCondition,EvenPaceStyle
-8.099998474,45.89999771,43.4549988,300.4438564,-0.900001526,0.1721,73.72549438,1342.5,16.62999916,-0.5439,18.93434906,UnevenCondition,HighCongestionCondition,EvenPaceStyle
-0.700000763,35.09999847,35.62499917,51.82054888,-1.799999237,-0.2418,14.50980377,1361.5,16.48999977,0.292,15.19247437,UnevenCondition,HighCongestionCondition,EvenPaceStyle
1.0,38.70000076,35.71499914,52.04570176,1.800003052,-0.7398,77.2549057,1739.5,20.52000046,0.3905,15.22046661,UnevenCondition,HighCongestionCondition,EvenPaceStyle
1.600002289,45.89999771,36.14999917,52.00931967,7.199996948,-0.9182,70.19608307,1924.5,21.61000061,0.3882,15.22052956,UnevenCondition,HighCongestionCondition,EvenPaceStyle
1.899997711,47.69999695,36.52499914,52.09512379,1.799999237,-0.8152,58.8235321,2000.5,20.02000046,0.4099,15.20297909,UnevenCondition,HighCongestionCondition,EvenPaceStyle
2.0,48.59999847,36.94499912,51.46725934,0.900001526,-0.7967,0.0,918.0,16.87999916,0.3614,15.17098522,UnevenCondition,HighCongestionCondition,EvenPaceStyle
1.299999237,49.5,37.82999913,48.54416611,0.900001526,-0.6211,79.60784149,1506.0,18.27000046,0.2606,15.1251564,UnevenCondition,HighCongestionCondition,EvenPaceStyle
1.5,50.39999771,38.21999909,49.07958959,0.899997711,-0.7309,76.07843018,1540.5,16.79999924,0.2242,15.13681221,UnevenCondition,HighCongestionCondition,EvenPaceStyle
1.099998474,52.19999695,38.60999905,50.73345305,1.799999237,-0.7604,24.70588303,1543.0,19.02000046,0.3454,15.11313248,UnevenCondition,HighCongestionCondition,EvenPaceStyle
1.099998474,52.19999695,39.74999898,52.91541931,0.899997711,-0.9432,70.19608307,1556.0,16.61000061,0.4747,14.95260525,UnevenCondition,HighCongestionCondition,EvenPaceStyle
2.700000763,53.09999847,40.34999892,57.25372357,0.900001526,-1.0887,0.0,1479.0,18.94000053,0.4529,14.78167057,UnevenCondition,HighCongestionCondition,EvenPaceStyle
2.799999237,48.59999847,40.69499887,60.27200336,-2.700000763,-1.2185,48.23529434,1423.5,17.29999924,0.482,14.62916756,UnevenCondition,HighCongestionCondition,EvenPaceStyle
2.700000763,46.79999924,40.79999886,60.89185938,-1.799999237,-1.1793,81.17647552,1375.0,12.15999985,0.3605,14.54258728,UnevenCondition,HighCongestionCondition,EvenPaceStyle
-0.300003052,51.29999924,41.86499888,61.51857978,1.799999237,-0.7007,10.58823586,1507.0,18.37999916,0.0391,14.1869154,UnevenCondition,HighCongestionCondition,EvenPaceStyle
-0.800003052,50.39999771,42.14999886,61.42728295,-0.900001526,-0.3644,0.0,1464.5,17.73999977,-0.1041,14.13065434,UnevenCondition,HighCongestionCondition,EvenPaceStyle
0.200000763,41.39999771,42.38999882,61.33209667,-7.200000763,0.3594,24.31372643,756.5,5.440000057,-0.6227,13.93043041,UnevenCondition,HighCongestionCondition,EvenPaceStyle
-0.800003052,26.09999847,42.16499882,65.64637649,-15.29999924,0.4216,29.01960754,751.5,4.489999771,-0.7302,13.94089985,UnevenCondition,HighCongestionCondition,EvenPaceStyle
-0.700000763,9.0,41.56499882,83.78671403,-17.09999847,0.434,31.37254906,750.5,4.159999847,-0.7088,13.98344994,UnevenCondition,HighCongestionCondition,EvenPaceStyle
1.0,0.899999976,38.39999897,183.9294808,0.899999976,-0.0724,79.60784149,696.5,5.659999847,-0.5488,14.0197382,UnevenCondition,HighCongestionCondition,EvenPaceStyle
0.099998474,9.899999619,36.95999898,210.1570039,5.399999619,-0.1074,0.0,1122.5,17.71999931,-0.5517,14.06741714,UnevenCondition,HighCongestionCondition,EvenPaceStyle
-0.099998474,14.39999962,36.41999898,216.8456813,4.5,-0.2739,76.86274719,799.5,9.800000191,-0.4703,14.09098816,UnevenCondition,HighCongestionCondition,EvenPaceStyle
-0.099998474,19.79999924,35.33999903,233.2763249,1.799999237,-0.3704,71.37255096,1553.0,19.90999985,-0.2397,14.1774931,UnevenCondition,HighCongestionCondition,EvenPaceStyle
-1.0,30.59999847,35.45999904,231.3909008,2.699998856,-0.0492,86.27451324,1285.0,12.63000011,-0.3303,14.14863682,UnevenCondition,HighCongestionCondition,EvenPaceStyle
-1.199996948,31.5,35.56499906,229.861282,0.900001526,-0.1919,80.39215851,1363.5,16.96999931,-0.3149,14.13334274,UnevenCondition,HighCongestionCondition,EvenPaceStyle
-0.799999237,34.20000076,35.66999908,228.8858498,2.700000763,-0.3023,78.03921509,1479.0,17.69000053,-0.3096,14.11563492,UnevenCondition,HighCongestionCondition,EvenPaceStyle
-1.900001526,15.29999924,15.67499967,202.7276613,-1.800001144,-0.9235,25.49019623,880.5,5.739999771,0.5991,13.02237606,UnevenCondition,HighCongestionCondition,EvenPaceStyle
-1.599998474,13.5,15.88499967,199.0629835,-1.799999237,-0.8057,36.86274719,804.5,4.489999771,0.5594,13.01726437,UnevenCondition,HighCongestionCondition,EvenPaceStyle
-2.100002289,10.79999924,15.98999966,197.2931108,-2.700000763,-0.7285,12.94117641,741.0,4.300000191,0.5178,13.06057644,UnevenCondition,HighCongestionCondition,EvenPaceStyle
2.099998474,4.5,13.61999971,208.1416192,4.5,-0.662,47.45098114,967.5,5.21999979,0.522,13.20271206,UnevenCondition,HighCongestionCondition,EvenPaceStyle
2.799999237,7.199999809,13.21499971,203.2548478,2.699999809,-0.64,59.60784531,1694.0,11.98999977,0.5624,13.24750137,UnevenCondition,HighCongestionCondition,EvenPaceStyle
-0.300003052,15.29999924,11.62499971,155.3907143,-0.899999619,-0.6754,54.11764908,905.5,10.55000019,0.2862,13.39554691,UnevenCondition,HighCongestionCondition,EvenPaceStyle
-1.099998474,16.19999886,9.65999972,76.74040347,0.899999619,-0.9513,2.352941275,1142.0,13.55000019,0.2395,13.53904152,UnevenCondition,HighCongestionCondition,EvenPaceStyle
-0.900001526,17.10000038,8.969999695,51.86653772,0.900001526,-1.0805,64.31372833,1126.0,9.18999958,0.3067,13.60173321,UnevenCondition,HighCongestionCondition,EvenPaceStyle
-1.0,18.0,8.654999733,39.92590413,0.899999619,-1.1275,55.29411697,1229.5,9.68999958,0.3768,13.63165379,UnevenCondition,HighCongestionCondition,EvenPaceStyle
-0.699996948,21.59999847,8.639999708,38.85803089,0.899999619,-1.1769,15.29411793,1310.5,15.77000046,0.4133,13.68722057,UnevenCondition,HighCongestionCondition,EvenPaceStyle
1.799999237,19.79999924,8.804999701,40.91437818,-1.799999237,-1.2786,0.0,1189.5,14.38000011,0.3714,13.72632122,UnevenCondition,HighCongestionCondition,EvenPaceStyle
0.5,16.19999886,9.074999682,43.19885264,-1.800001144,-1.1548,12.15686321,968.0,6.409999847,0.2452,13.7551899,UnevenCondition,HighCongestionCondition,EvenPaceStyle
-0.299999237,15.29999924,9.164999676,43.8358695,-0.899999619,-1.0849,26.27450943,727.0,4.630000114,0.1384,13.74947929,UnevenCondition,HighCongestionCondition,EvenPaceStyle
0.300003052,12.59999943,9.299999666,44.3349119,-0.900000572,-0.6459,30.98039246,751.0,4.360000134,-0.1945,13.75878811,UnevenCondition,HighCongestionCondition,EvenPaceStyle
0.100002289,9.0,9.284999673,44.33010681,-3.599999428,-0.5183,31.76470566,753.5,4.190000057,-0.3074,13.78673267,UnevenCondition,HighCongestionCondition,EvenPaceStyle
1.199996948,0.0,9.119999679,45.75721688,-9.0,-0.423,30.98039246,750.0,4.110000134,-0.3756,13.90174484,UnevenCondition,HighCongestionCondition,EvenPaceStyle
-0.200000763,2.699999809,8.609999696,52.06972492,2.699999809,-0.6515,80.78431702,920.5,11.07999992,-0.0056,14.03154564,UnevenCondition,HighCongestionCondition,EvenPaceStyle
0.0,0.0,7.304999789,88.22386751,0.0,-0.3057,31.37254906,754.0,4.239999771,-0.0562,14.88957882,UnevenCondition,HighCongestionCondition,EvenPaceStyle
-0.100002289,1.799999952,4.334999867,61.98536039,1.799999952,-0.5351,67.05882263,978.5,8.579999924,0.226,14.99712181,UnevenCondition,HighCongestionCondition,EvenPaceStyle
1.200000763,6.299999714,3.614999894,44.00061589,1.799999714,-0.603,27.05882454,1534.5,13.35999966,0.3147,15.03356552,UnevenCondition,HighCongestionCondition,EvenPaceStyle
0.899997711,11.69999981,3.104999912,30.43471851,5.400000095,-0.5497,14.11764717,799.5,6.190000057,0.2967,15.09378529,UnevenCondition,HighCongestionCondition,EvenPaceStyle
1.700000763,12.59999943,2.759999931,22.04481242,0.899999619,-0.8183,24.70588303,894.5,6.380000114,0.4115,15.07598305,UnevenCondition,HighCongestionCondition,EvenPaceStyle
-2.600002289,9.899999619,4.619999818,34.0328108,-2.699999809,-0.7158,30.58823586,753.0,4.190000057,0.3004,15.04611969,UnevenCondition,HighCongestionCondition,EvenPaceStyle
-0.200000763,7.199999809,8.729999693,50.83230127,4.5,-0.7124,70.98039246,1648.5,17.07999992,0.0665,14.09459209,UnevenCondition,HighCongestionCondition,EvenPaceStyle
-1.5,14.39999962,9.299999682,49.52440317,2.699999809,-1.1133,66.66666412,1313.5,11.85999966,0.3499,14.23643017,UnevenCondition,HighCongestionCondition,EvenPaceStyle
-1.899997711,22.5,9.674999682,54.1910557,2.700000763,-1.2553,49.80392075,1529.0,12.57999992,0.5254,14.26612091,UnevenCondition,HighCongestionCondition,EvenPaceStyle
-2.5,28.79999924,10.61999965,72.70230031,0.899999619,-1.2027,0.0,1682.0,21.15999985,0.4536,14.44734383,UnevenCondition,HighCongestionCondition,AggressiveStyle
-0.899997711,14.39999962,11.53499961,83.26501957,-1.799999237,-0.8604,34.11764908,823.5,5.079999924,0.5487,14.76350689,UnevenCondition,HighCongestionCondition,EvenPaceStyle
-0.900001526,13.5,11.75999961,81.02379094,-0.899999619,-0.8148,41.5686264,811.0,5.050000191,0.6446,14.75815105,UnevenCondition,HighCongestionCondition,EvenPaceStyle
-0.100002289,12.59999943,11.9699996,78.64687584,-0.900000572,-0.5663,52.54901886,847.5,4.989999771,0.4888,14.75400162,UnevenCondition,HighCongestionCondition,EvenPaceStyle
0.099998474,11.69999981,12.37499959,73.63105413,-0.899999619,-0.5019,29.41176605,739.0,4.329999924,0.5485,14.76374722,UnevenCondition,HighCongestionCondition,EvenPaceStyle
0.299999237,10.79999924,12.55499957,71.04454586,-0.900000572,-0.4034,32.94117737,799.5,5.079999924,0.3859,14.77021027,UnevenCondition,HighCongestionCondition,EvenPaceStyle
0.5,9.0,12.62999957,70.15331711,-1.799999237,-0.1549,35.29411697,740.5,4.380000114,0.297,14.78996658,UnevenCondition,HighCongestionCondition,EvenPaceStyle
0.5,31.5,11.78999967,115.6432833,2.700000763,-1.2829,23.13725471,1314.5,13.15999985,-0.1567,16.15189934,UnevenCondition,HighCongestionCondition,EvenPaceStyle
0.400001526,33.29999924,12.13499966,123.3531559,1.799999237,-1.0161,0.0,1300.5,16.02000046,-0.1023,16.16004372,UnevenCondition,HighCongestionCondition,EvenPaceStyle
0.0,32.39999771,13.42499963,148.2791876,0.899997711,-0.9441,16.86274529,1288.0,15.60999966,-0.1941,16.13773918,UnevenCondition,HighCongestionCondition,EvenPaceStyle
0.399997711,31.5,13.73999964,153.7041285,-0.899997711,-0.9921,0.0,1225.5,14.93999958,-0.1817,16.15189934,UnevenCondition,HighCongestionCondition,EvenPaceStyle
0.799999237,29.69999886,14.02499963,157.9168145,-1.800001144,-0.9238,2.352941275,1140.5,11.80000019,-0.0967,16.16406441,UnevenCondition,HighCongestionCondition,EvenPaceStyle
0.400001526,27.89999962,14.27999963,161.0792467,-1.799999237,-0.7064,23.13725471,824.0,5.159999847,-0.1667,16.08859253,UnevenCondition,HighCongestionCondition,EvenPaceStyle
-0.200000763,23.39999962,14.45999963,162.4081959,-4.5,-0.7062,28.62745094,752.0,4.739999771,-0.1934,16.01840782,UnevenCondition,HighCongestionCondition,EvenPaceStyle
-0.100002289,13.5,14.69999964,161.9359246,-0.899999619,-0.7092,29.41176605,752.5,4.110000134,-0.1037,15.87988281,UnevenCondition,HighCongestionCondition,EvenPaceStyle
-0.200000763,12.59999943,14.86499964,159.5423061,-0.900000572,-0.733,30.58823586,860.0,4.409999847,0.0385,15.86047745,UnevenCondition,HighCongestionCondition,EvenPaceStyle
0.0,13.5,15.29999963,151.977959,0.900000572,-0.614,53.33333588,923.0,5.739999771,0.0347,15.84716225,UnevenCondition,HighCongestionCondition,EvenPaceStyle
0.299999237,14.39999962,15.53999962,147.9654846,0.899999619,-0.645,37.64706039,971.0,6.21999979,0.0927,15.83608532,UnevenCondition,HighCongestionCondition,EvenPaceStyle
0.400001526,11.69999981,17.12999955,117.4353507,-0.899999619,-0.0357,30.19607925,746.5,4.21999979,-0.2959,15.75737667,UnevenCondition,HighCongestionCondition,EvenPaceStyle
0.400001526,3.599999905,17.45999953,108.5180293,-1.799999714,0.1127,30.19607925,755.5,4.380000114,-0.3472,15.99588394,UnevenCondition,HighCongestionCondition,EvenPaceStyle
-2.799999237,2.699999809,4.829999808,33.799421,-7.199999809,-0.3891,31.76470566,753.5,4.329999924,0.0537,15.15686798,UnevenCondition,HighCongestionCondition,EvenPaceStyle
0.399997711,1.799999952,4.889999807,33.28870917,0.899999976,-0.5304,85.09803772,1172.5,5.690000057,0.1879,15.32128716,UnevenCondition,HighCongestionCondition,EvenPaceStyle
0.100002289,2.699999809,4.934999804,32.96264988,0.899999857,-0.4366,14.50980377,1305.0,11.10999966,0.1421,15.35828209,UnevenCondition,HighCongestionCondition,EvenPaceStyle
0.400001526,10.79999924,5.279999785,33.01687863,0.899999619,-0.5118,48.23529434,1454.5,12.23999977,0.19,15.43356895,UnevenCondition,HighCongestionCondition,EvenPaceStyle
0.200000763,11.69999981,5.474999781,33.20427698,0.900000572,-0.6376,5.490196228,1705.5,17.36000061,0.1291,15.49302006,UnevenCondition,HighCongestionCondition,EvenPaceStyle
-0.299999237,12.59999943,5.684999772,33.51180236,0.899999619,-0.6244,30.98039246,784.0,6.190000057,0.0734,15.47920227,UnevenCondition,HighCongestionCondition,EvenPaceStyle
-0.599998474,14.39999962,5.924999766,34.19275152,1.800000191,-0.7364,81.17647552,920.0,6.909999847,0.1095,15.47252274,UnevenCondition,HighCongestionCondition,EvenPaceStyle
-1.0,13.5,6.389999759,34.97277706,-0.899999619,-1.0356,73.33333588,1213.0,11.23999977,0.1452,15.49171448,UnevenCondition,HighCongestionCondition,EvenPaceStyle
-0.199996948,15.29999924,6.644999746,35.56014137,1.799999237,-1.1298,84.31372833,1413.0,16.12999916,0.2042,15.51570797,UnevenCondition,HighCongestionCondition,EvenPaceStyle
0.0,22.5,7.019999746,38.92942122,7.200000763,-1.2265,65.49019623,1621.0,16.04999924,0.2369,15.56532574,UnevenCondition,HighCongestionCondition,EvenPaceStyle
0.300003052,26.09999847,7.454999721,44.07200523,3.599998474,-1.218,61.17647171,1779.0,16.79999924,0.257,15.60061646,UnevenCondition,HighCongestionCondition,EvenPaceStyle
0.399997711,28.79999924,7.934999708,50.61790326,2.700000763,-1.178,0.0,1096.5,9.739999771,0.2079,15.58295059,UnevenCondition,HighCongestionCondition,EvenPaceStyle
1.5,27.89999962,8.77499969,63.19715722,-0.899999619,-1.3615,75.6862793,1131.5,13.10999966,0.1387,15.6067934,UnevenCondition,HighCongestionCondition,EvenPaceStyle
2.100002289,27.0,9.479999693,74.31314889,-0.899999619,-1.2812,6.274509907,1044.0,8.880000114,-0.0021,15.76777077,UnevenCondition,HighCongestionCondition,EvenPaceStyle
2.599998474,26.09999847,9.719999671,78.85280922,-0.900001526,-1.3746,7.843137264,1011.5,6.989999771,-0.0328,15.93166828,UnevenCondition,HighCongestionCondition,EvenPaceStyle
2.399997711,23.39999962,10.33499965,88.64671555,-0.899999619,-1.2312,37.64706039,930.0,5.880000114,-0.3648,16.13995171,UnevenCondition,HighCongestionCondition,EvenPaceStyle
2.0,24.29999924,10.69499966,94.15471553,1.799999237,-1.3072,83.92156982,1125.0,10.52000046,-0.3834,16.24888229,UnevenCondition,HighCongestionCondition,EvenPaceStyle
-0.099998474,28.79999924,11.20499966,103.8289528,1.799999237,-1.3687,59.2156868,1195.0,11.13000011,-0.2505,16.20547485,UnevenCondition,HighCongestionCondition,EvenPaceStyle
0.099998474,0.0,14.39999963,150.605078,0.0,-0.3846,30.58823586,750.0,4.269999981,0.2162,15.99588394,UnevenCondition,HighCongestionCondition,EvenPaceStyle
0.299999237,0.899999976,0.044999999,0.039127117,0.899999976,-0.7691,73.33333588,728.5,9.43999958,0.4151,16.47031784,UnevenCondition,NormalCongestionCondition,EvenPaceStyle
0.200000763,10.79999924,0.269999983,2.067559032,8.099999428,-0.7183,41.5686264,1528.5,12.82999992,0.4591,16.66339493,UnevenCondition,NormalCongestionCondition,EvenPaceStyle
-1.0,42.29999924,36.16499897,748.2612635,2.700000763,-1.6099,74.90196228,1835.5,22.82999992,0.9317,13.79174519,UnevenCondition,NormalCongestionCondition,AggressiveStyle
-1.0,47.69999695,35.38499904,712.9782186,2.699996948,-1.6789,0.0,905.5,22.44000053,0.7575,13.81108665,UnevenCondition,NormalCongestionCondition,AggressiveStyle
-0.799999237,48.59999847,35.02499907,695.2625598,0.900001526,-1.7424,76.47058868,1458.5,16.52000046,0.8697,13.79513264,UnevenCondition,NormalCongestionCondition,AggressiveStyle
-1.199996948,51.29999924,34.33499911,658.7036466,1.799999237,-1.8911,78.03921509,1588.0,18.21999931,0.8205,13.71939182,UnevenCondition,NormalCongestionCondition,AggressiveStyle
-5.299999237,56.69999695,33.449999,606.1865812,3.599998474,-1.5747,75.6862793,1696.5,19.32999992,1.0473,13.51476002,UnevenCondition,NormalCongestionCondition,EvenPaceStyle
-5.300003052,58.5,33.224999,591.5825554,1.800003052,-1.38,73.33333588,1730.5,19.90999985,0.9313,13.45694828,UnevenCondition,NormalCongestionCondition,EvenPaceStyle
-5.0,59.39999771,33.01499897,577.6670275,0.899997711,-1.2646,71.37255096,1790.0,19.23999977,0.7813,13.41342735,UnevenCondition,NormalCongestionCondition,EvenPaceStyle
0.800003052,58.5,32.14499895,518.5946879,-3.599998474,-0.8246,69.41176605,1750.0,17.15999985,0.5268,13.23296165,UnevenCondition,NormalCongestionCondition,EvenPaceStyle
1.699996948,59.39999771,31.96499897,506.6066893,0.899997711,-0.7096,67.84313965,1757.0,17.48999977,0.429,13.18831635,UnevenCondition,NormalCongestionCondition,EvenPaceStyle
4.0,60.29999924,31.69499902,488.9404562,0.900001526,-0.7892,56.86274719,1771.5,16.65999985,0.3831,13.07725143,UnevenCondition,NormalCongestionCondition,EvenPaceStyle
3.199996948,61.19999695,32.27999906,511.3836365,-0.900001526,-0.1736,0.0,1763.5,23.21999931,0.3304,12.87574291,UnevenCondition,NormalCongestionCondition,EvenPaceStyle
0.400001526,46.79999924,36.29999907,551.2576017,-2.700000763,0.5075,21.96078491,1447.0,17.69000053,-0.0117,12.79358673,UnevenCondition,NormalCongestionCondition,EvenPaceStyle
0.600002289,48.59999847,36.77999906,548.973127,1.799999237,0.2622,84.31372833,1417.5,15.32999992,0.1202,12.75157356,UnevenCondition,NormalCongestionCondition,EvenPaceStyle
0.0,54.89999771,39.46499891,510.5422889,2.700000763,-0.1386,75.29412079,1634.5,18.23999977,0.0575,12.53555489,UnevenCondition,NormalCongestionCondition,EvenPaceStyle
1.400001526,59.39999771,42.31499881,440.6260209,1.799999237,-0.1621,72.94117737,1781.5,20.21999931,0.4772,12.41785049,UnevenCondition,NormalCongestionCondition,EvenPaceStyle
0.5,62.09999847,44.33999875,387.3410661,2.700000763,-0.1288,66.66666412,1856.0,19.44000053,0.6122,12.3746891,UnevenCondition,NormalCongestionCondition,EvenPaceStyle
-0.299999237,63.0,45.38999875,358.7988654,0.900001526,-0.2206,63.13725662,1886.5,19.15999985,0.7321,12.34615993,UnevenCondition,NormalCongestionCondition,EvenPaceStyle
-1.299999237,62.09999847,46.42499872,327.5225706,-0.900001526,-0.3835,60.0,1909.0,19.21999931,0.7927,12.31993389,UnevenCondition,NormalCongestionCondition,EvenPaceStyle
-1.400001526,63.89999771,47.48999868,295.0148009,1.799999237,-0.3367,59.60784531,1939.5,19.98999977,0.9488,12.30378723,UnevenCondition,NormalCongestionCondition,EvenPaceStyle
-2.200000763,71.09999847,39.83999909,757.0305444,-0.900001526,-0.6386,43.13725662,1667.5,13.85999966,0.4393,16.18596268,UnevenCondition,NormalCongestionCondition,EvenPaceStyle
-2.800003052,70.19999695,42.19499902,729.7712986,-0.900001526,-0.7177,31.37254906,1649.5,14.02000046,0.3527,15.83832073,UnevenCondition,NormalCongestionCondition,EvenPaceStyle
-2.200000763,69.29999542,44.51999889,689.6660002,-0.900001526,-0.4821,0.0,1569.5,19.23999977,0.1161,15.66731358,UnevenCondition,NormalCongestionCondition,EvenPaceStyle
-1.800003052,62.09999847,46.66499884,631.3009269,-4.5,0.1588,1.960784316,1255.0,13.63000011,-0.2232,15.47764301,UnevenCondition,NormalCongestionCondition,EvenPaceStyle
0.0,61.19999695,48.64499876,559.1038451,3.599998474,0.6898,36.07843018,1065.0,6.860000134,-0.6141,15.27345371,UnevenCondition,NormalCongestionCondition,EvenPaceStyle
0.299999237,52.19999695,49.51499871,518.4409317,-9.0,0.677,29.80392265,752.0,5.989999771,-0.5724,15.07934093,UnevenCondition,NormalCongestionCondition,EvenPaceStyle
0.099998474,36.0,50.09999871,481.1308231,-16.19999695,0.8349,28.62745094,753.0,4.489999771,-0.5441,14.88162804,UnevenCondition,NormalCongestionCondition,EvenPaceStyle
-0.300003052,28.79999924,50.89499868,429.2292749,-3.599998474,0.9825,30.98039246,746.5,4.130000114,-0.7673,14.54577446,UnevenCondition,NormalCongestionCondition,EvenPaceStyle
-0.299999237,25.19999886,51.10499867,415.5187673,-3.600000381,1.0453,30.19607925,751.0,4.159999847,-0.8059,14.41122341,UnevenCondition,NormalCongestionCondition,EvenPaceStyle
-0.200000763,22.5,51.26999868,404.23025,-2.699998856,1.1192,29.01960754,755.0,4.190000057,-0.7885,14.2993803,UnevenCondition,NormalCongestionCondition,AggressiveStyle
-0.299999237,21.59999847,51.40499865,394.9530062,-0.900001526,1.0839,28.23529434,748.5,4.269999981,-0.804,14.21747589,UnevenCondition,NormalCongestionCondition,AggressiveStyle
-1.199996948,18.0,51.32999862,398.8760164,-1.799999237,1.0567,31.37254906,747.5,4.300000191,-0.932,13.74233055,UnevenCondition,NormalCongestionCondition,EvenPaceStyle
-0.399997711,14.39999962,51.19499861,407.8855504,-3.600000381,1.2454,32.15686417,750.5,4.159999847,-1.0098,13.69955921,UnevenCondition,NormalCongestionCondition,EvenPaceStyle
1.299999237,3.599999905,43.91999879,823.0093834,3.599999905,-0.6324,90.98039246,699.0,10.35999966,0.0522,13.76634789,UnevenCondition,NormalCongestionCondition,EvenPaceStyle
1.100002289,9.899999619,43.1549988,839.6384077,6.299999714,-0.4961,0.0,1559.5,19.32999992,0.1253,13.78098106,UnevenCondition,NormalCongestionCondition,EvenPaceStyle
0.800003052,15.29999924,42.4799988,849.6158224,5.399999619,-0.5529,94.90196228,909.5,9.329999924,0.2807,13.7775631,UnevenCondition,NormalCongestionCondition,EvenPaceStyle
0.699996948,14.39999962,41.75999882,858.5779913,-0.899999619,-0.7337,83.52941132,1070.0,13.88000011,0.3003,13.79709816,UnevenCondition,NormalCongestionCondition,EvenPaceStyle
-0.899997711,26.09999847,40.40999882,859.909686,10.79999924,-0.9916,74.90196228,1660.5,19.65999985,0.4597,13.81635857,UnevenCondition,NormalCongestionCondition,EvenPaceStyle
-1.600002289,29.69999886,39.86999883,853.583449,3.600000381,-1.137,69.41176605,1941.0,22.11000061,0.5393,13.8257494,UnevenCondition,NormalCongestionCondition,EvenPaceStyle
-2.600002289,35.09999847,37.64999881,800.99843,1.799999237,-1.4009,78.8235321,1518.5,17.82999992,0.7923,13.81008244,UnevenCondition,NormalCongestionCondition,AggressiveStyle
-2.299999237,39.59999847,36.6149989,766.0263442,2.700000763,-1.5084,76.86274719,1738.5,20.62999916,0.8458,13.7810955,UnevenCondition,NormalCongestionCondition,AggressiveStyle
1.099998474,31.5,26.27999937,73.9653508,1.800001144,-0.9111,79.21569061,1345.0,14.98999977,-0.08,10.39731407,FullOfHolesCondition,LowCongestionCondition,EvenPaceStyle
1.0,32.39999771,26.03999934,67.40480817,0.899997711,-0.8717,74.11764526,1418.5,14.27000046,0.023,10.38845158,FullOfHolesCondition,LowCongestionCondition,EvenPaceStyle
0.799999237,35.09999847,25.90499937,63.78658049,2.700000763,-0.9966,68.23529816,1490.0,15.10999966,0.1514,10.38122845,FullOfHolesCondition,LowCongestionCondition,EvenPaceStyle
0.400001526,36.89999771,25.84499933,62.2214948,1.799999237,-1.0427,58.03921509,1547.5,14.57999992,0.3467,10.37092495,FullOfHolesCondition,LowCongestionCondition,EvenPaceStyle
0.100002289,39.59999847,26.1299993,66.94077427,0.899997711,-1.1314,56.47058868,1633.5,14.68999958,0.6778,10.34455872,FullOfHolesCondition,LowCongestionCondition,EvenPaceStyle
0.399997711,40.5,26.41499931,70.23180006,0.900001526,-1.3606,55.29411697,1669.5,14.93999958,0.8186,10.35303307,FullOfHolesCondition,LowCongestionCondition,EvenPaceStyle
0.0,41.39999771,27.02999927,76.49602862,0.899997711,-1.3461,53.72549057,1715.0,14.82999992,1.1072,10.34855461,FullOfHolesCondition,LowCongestionCondition,EvenPaceStyle
0.5,40.5,28.10999929,83.72836785,-1.799999237,-0.7096,35.68627548,1630.5,20.32999992,0.9068,10.38059044,FullOfHolesCondition,LowCongestionCondition,EvenPaceStyle
0.599998474,39.59999847,28.52999927,82.60077448,-0.900001526,-0.6528,56.86274719,1583.0,12.80000019,0.9541,10.38399601,FullOfHolesCondition,LowCongestionCondition,EvenPaceStyle
0.5,42.29999924,31.64999917,62.52559058,0.900001526,-0.7816,58.4313736,1749.0,16.12999916,1.2263,10.49512768,FullOfHolesCondition,LowCongestionCondition,EvenPaceStyle
0.599998474,43.19999695,31.94999914,63.98999644,0.899997711,-0.7991,65.09803772,1791.0,17.37999916,1.3128,10.52441311,FullOfHolesCondition,LowCongestionCondition,EvenPaceStyle
0.600002289,44.09999847,32.24999914,65.82050451,0.900001526,-0.938,60.39215851,1833.0,17.54999924,1.2331,10.55358315,FullOfHolesCondition,LowCongestionCondition,EvenPaceStyle
-0.100002289,44.09999847,33.14999911,71.86118206,-1.799999237,-0.9339,79.60784149,1313.0,13.85999966,0.8425,10.63283443,FullOfHolesCondition,LowCongestionCondition,EvenPaceStyle
1.700000763,45.89999771,33.6299991,76.60585978,0.899997711,-0.869,71.37255096,1365.5,14.22000027,0.7991,10.65926647,FullOfHolesCondition,LowCongestionCondition,EvenPaceStyle
1.599998474,43.19999695,35.15999899,84.78548549,-0.900001526,-0.6334,12.94117641,1252.0,15.18999958,0.5019,10.82424355,FullOfHolesCondition,LowCongestionCondition,EvenPaceStyle
2.400001526,41.39999771,35.35499897,84.90149367,-1.799999237,-0.5603,26.27450943,842.0,6.159999847,0.3085,10.80487061,FullOfHolesCondition,LowCongestionCondition,EvenPaceStyle
0.799999237,32.39999771,35.39999898,84.99965471,-1.800003052,-0.3556,0.0,1248.5,14.82999992,0.1782,10.72614288,FullOfHolesCondition,LowCongestionCondition,EvenPaceStyle
-0.299999237,30.59999847,35.30999896,85.37582426,-1.799999237,-0.0971,22.35294151,1238.0,8.880000114,0.2514,10.7297678,FullOfHolesCondition,LowCongestionCondition,EvenPaceStyle
-0.899997711,29.69999886,35.18999898,85.85175655,-0.899999619,-0.0281,44.31372452,1215.5,8.909999847,0.2066,10.7407999,FullOfHolesCondition,LowCongestionCondition,EvenPaceStyle
-0.900001526,32.39999771,34.97999897,86.28467199,2.699998856,0.2026,78.4313736,1320.0,14.15999985,0.079,10.8901329,FullOfHolesCondition,LowCongestionCondition,EvenPaceStyle
-0.799999237,31.5,34.919999,86.48602781,-0.899997711,0.2703,77.2549057,1396.0,14.68999958,0.0604,10.98516369,FullOfHolesCondition,LowCongestionCondition,EvenPaceStyle
-1.099998474,36.89999771,34.97999897,86.58670552,1.799999237,0.0547,68.23529816,1661.0,16.07999992,0.095,11.14872932,FullOfHolesCondition,LowCongestionCondition,EvenPaceStyle
-0.700000763,39.59999847,35.15999896,86.26819703,2.700000763,0.0801,67.05882263,1733.5,16.69000053,0.1398,11.20785999,FullOfHolesCondition,LowCongestionCondition,EvenPaceStyle
0.900001526,36.0,37.94999892,37.3744041,-1.799999237,-0.3863,80.78431702,1415.5,16.96999931,-0.0524,11.54310131,FullOfHolesCondition,LowCongestionCondition,EvenPaceStyle
0.700000763,36.0,38.33999891,30.62074359,0.900001526,-0.7517,74.90196228,1525.5,17.27000046,0.0076,11.51518631,FullOfHolesCondition,LowCongestionCondition,EvenPaceStyle
0.299999237,37.79999924,38.50499891,28.75065062,1.799999237,-0.9294,77.2549057,1609.0,18.79999924,0.0044,11.47701645,FullOfHolesCondition,LowCongestionCondition,EvenPaceStyle
0.100002289,40.5,38.71499891,26.86705773,2.700000763,-1.1942,76.86274719,1729.5,21.73999977,0.1217,11.45015812,FullOfHolesCondition,LowCongestionCondition,EvenPaceStyle
-0.700000763,42.29999924,38.98499893,24.31349825,1.799999237,-1.4794,77.2549057,1834.5,22.96999931,0.155,11.42575073,FullOfHolesCondition,LowCongestionCondition,EvenPaceStyle
0.599998474,48.59999847,40.07999884,21.51213344,2.700000763,-1.8415,86.66667175,1508.0,23.02000046,0.413,11.32150173,FullOfHolesCondition,LowCongestionCondition,EvenPaceStyle
0.5,50.39999771,40.33499883,22.83078553,1.799999237,-1.8843,81.96078491,1581.5,23.65999985,0.3732,11.30442333,FullOfHolesCondition,LowCongestionCondition,EvenPaceStyle
0.099998474,53.09999847,40.60499884,25.31844626,2.700000763,-1.8054,81.5686264,1662.0,21.65999985,0.4006,11.28540039,FullOfHolesCondition,LowCongestionCondition,EvenPaceStyle
0.799999237,56.69999695,41.17499879,33.21342865,0.899997711,-1.6768,0.0,1613.5,20.73999977,0.2269,11.27477837,FullOfHolesCondition,LowCongestionCondition,EvenPaceStyle
2.099998474,50.39999771,41.93999869,41.68616448,-1.799999237,-1.8053,11.37254906,1470.5,17.86000061,0.0672,11.22114277,FullOfHolesCondition,LowCongestionCondition,EvenPaceStyle
1.0,49.5,42.0599987,42.63802922,-0.899997711,-1.8313,25.09803963,1446.0,12.05000019,0.0871,11.18299294,FullOfHolesCondition,LowCongestionCondition,EvenPaceStyle
1.100002289,48.59999847,42.19499868,43.30319026,-0.900001526,-1.8151,0.0,1418.0,17.36000061,0.1257,11.17117786,FullOfHolesCondition,LowCongestionCondition,EvenPaceStyle
0.399997711,45.89999771,42.41999868,43.6155207,-0.900001526,-1.916,74.50980377,1361.0,11.72000027,0.1941,11.1511488,FullOfHolesCondition,LowCongestionCondition,EvenPaceStyle
0.700000763,47.69999695,42.79499861,44.05369876,2.699996948,-1.8517,82.35294342,1421.0,17.11000061,0.1103,11.13902187,FullOfHolesCondition,LowCongestionCondition,EvenPaceStyle
0.200000763,49.5,42.92999865,44.76416512,1.800003052,-1.7842,80.78431702,1477.0,17.87999916,0.1445,11.14121056,FullOfHolesCondition,LowCongestionCondition,EvenPaceStyle
0.299999237,50.39999771,43.06499863,45.68468185,0.899997711,-1.8854,78.8235321,1521.5,18.12999916,0.0702,11.14694118,FullOfHolesCondition,LowCongestionCondition,EvenPaceStyle
0.200000763,53.09999847,43.34999866,48.43982603,1.799999237,-1.8558,78.03921509,1618.5,18.69000053,0.0365,11.16312027,FullOfHolesCondition,LowCongestionCondition,EvenPaceStyle
1.099998474,55.79999924,43.67999865,53.06094456,0.900001526,-1.7912,0.0,1590.5,19.79999924,0.0245,11.1625309,FullOfHolesCondition,LowCongestionCondition,EvenPaceStyle
1.299999237,54.0,43.84499868,54.83539417,-1.799999237,-1.9133,19.6078434,1584.0,12.73999977,0.0825,11.15043259,FullOfHolesCondition,LowCongestionCondition,EvenPaceStyle
2.400001526,52.19999695,43.96499863,55.98129195,-1.800003052,-2.0161,41.96078491,1521.5,12.93999958,0.0369,11.13977432,FullOfHolesCondition,LowCongestionCondition,EvenPaceStyle
2.299999237,50.39999771,44.12999865,57.44043608,-0.900001526,-2.0669,0.0,1175.0,17.65999985,0.0872,11.1519289,FullOfHolesCondition,LowCongestionCondition,EvenPaceStyle
2.200000763,48.59999847,44.17499866,57.72393611,-1.799999237,-2.019,28.62745094,734.0,11.98999977,0.1199,11.14438248,FullOfHolesCondition,LowCongestionCondition,EvenPaceStyle
2.600002289,47.69999695,44.21999861,57.92094435,-0.900001526,-1.8875,26.27450943,745.5,5.300000191,0.0809,11.04218102,FullOfHolesCondition,LowCongestionCondition,EvenPaceStyle
3.5,45.89999771,44.2499986,57.96762226,-1.799999237,-1.7682,28.62745094,746.5,4.610000134,0.0503,10.93014336,FullOfHolesCondition,LowCongestionCondition,EvenPaceStyle
3.200000763,39.59999847,44.1749986,58.32800364,-3.599998474,-1.4833,30.19607925,761.0,3.970000029,0.0375,10.69216824,FullOfHolesCondition,LowCongestionCondition,EvenPaceStyle
-1.100002289,66.59999847,50.69999857,191.8098229,0.900001526,-0.7523,58.8235321,1989.0,19.71999931,1.1487,12.26777935,UnevenCondition,NormalCongestionCondition,EvenPaceStyle
-1.0,66.59999847,53.39999857,126.4606755,-0.900001526,-0.9596,98.4313736,996.0,9.329999924,1.2442,12.10544014,UnevenCondition,NormalCongestionCondition,EvenPaceStyle
1.299999237,66.59999847,55.5149985,83.23756523,0.900001526,-0.9807,77.2549057,1572.5,17.90999985,1.3033,12.03310776,UnevenCondition,NormalCongestionCondition,EvenPaceStyle
1.099998474,67.5,56.6399985,69.73871101,0.900001526,-0.8937,74.90196228,1577.0,17.37999916,1.5015,11.9685688,UnevenCondition,NormalCongestionCondition,EvenPaceStyle
1.700000763,64.79999542,58.18499845,48.1009561,-1.800003052,-0.6301,0.0,1508.0,18.52000046,1.0499,11.86882114,UnevenCondition,NormalCongestionCondition,EvenPaceStyle
2.399997711,62.09999847,58.90499846,38.09539745,-0.900001526,-0.6426,74.11764526,1458.5,14.93999958,0.3516,11.7371521,UnevenCondition,NormalCongestionCondition,EvenPaceStyle
4.5,61.19999695,59.63999844,30.77633821,-0.900001526,-0.4915,0.0,1392.0,16.90999985,0.1945,11.52094841,UnevenCondition,NormalCongestionCondition,EvenPaceStyle
3.599998474,54.0,59.93999844,27.40820297,-0.899997711,-0.0926,0.0,1558.0,18.62999916,-0.3167,11.28020191,UnevenCondition,NormalCongestionCondition,EvenPaceStyle
4.100002289,53.09999847,59.84999841,28.15779625,-0.900001526,-0.2671,40.7843132,1564.5,19.29999924,-0.3085,11.24384403,UnevenCondition,NormalCongestionCondition,EvenPaceStyle
1.0,54.0,59.50499846,30.06861795,0.900001526,-0.1651,0.0,1607.5,19.73999977,-0.7764,11.16611004,UnevenCondition,NormalCongestionCondition,EvenPaceStyle
-0.899997711,43.19999695,57.47999846,45.72976199,-3.600002289,-0.0449,3.921568632,1194.5,9.989999771,-1.1053,11.0782032,UnevenCondition,NormalCongestionCondition,EvenPaceStyle
-0.799999237,40.5,57.14999847,50.37101527,-2.699996948,0.1025,24.31372643,795.5,5.380000114,-1.0957,11.0369463,UnevenCondition,NormalCongestionCondition,EvenPaceStyle
-0.899997711,34.20000076,56.74499849,59.10047953,-6.299999237,0.2222,32.94117737,758.0,4.610000134,-1.119,10.97488022,UnevenCondition,NormalCongestionCondition,EvenPaceStyle
0.299999237,27.0,56.24999854,73.84728314,-7.200000763,0.2042,32.15686417,756.0,4.21999979,-1.1122,10.91895103,UnevenCondition,NormalCongestionCondition,EvenPaceStyle
0.099998474,21.59999847,54.22499857,145.7896943,-0.900001526,0.4201,29.41176605,748.5,4.300000191,-0.9451,10.79048252,UnevenCondition,NormalCongestionCondition,EvenPaceStyle
-0.400001526,14.39999962,52.70999861,209.6215809,-3.600000381,0.4296,56.47058868,759.5,4.409999847,-1.0252,10.74122906,FullOfHolesCondition,LowCongestionCondition,EvenPaceStyle
-0.100002289,9.0,52.01999865,241.4294093,-5.399999619,0.3481,69.41176605,600.5,4.550000191,-1.086,10.75877476,FullOfHolesCondition,LowCongestionCondition,EvenPaceStyle
-0.600002289,9.899999619,51.31499869,270.9928063,0.899999619,0.4284,29.01960754,753.0,5.860000134,-1.1896,10.77784824,FullOfHolesCondition,LowCongestionCondition,EvenPaceStyle
-2.299999237,11.69999981,50.59499873,296.8469067,1.800000191,0.4663,14.11764717,937.0,7.380000114,-1.2184,10.77941704,FullOfHolesCondition,LowCongestionCondition,EvenPaceStyle
-0.899997711,17.10000038,48.46499883,355.4341568,3.600000381,0.2827,83.13725281,1295.0,14.57999992,-1.1533,10.84690285,FullOfHolesCondition,LowCongestionCondition,EvenPaceStyle
-1.400001526,22.5,47.84999887,364.4496393,5.399999619,0.2158,64.31372833,1603.5,16.07999992,-1.1018,10.88711834,FullOfHolesCondition,LowCongestionCondition,EvenPaceStyle
-2.400001526,25.19999886,47.23499888,369.3185632,2.699998856,0.3636,0.0,1001.0,9.720000267,-0.8714,10.90029049,FullOfHolesCondition,LowCongestionCondition,EvenPaceStyle
-3.0,27.0,45.40499889,375.3299532,0.900001526,0.1384,52.54901886,1145.5,9.609999657,-0.601,10.89845753,FullOfHolesCondition,LowCongestionCondition,EvenPaceStyle
-2.100002289,27.89999962,44.80499892,374.359784,0.899999619,0.1332,76.86274719,1228.5,11.55000019,-0.5025,10.89246082,FullOfHolesCondition,LowCongestionCondition,EvenPaceStyle
-2.600002289,30.59999847,44.21999895,370.0317772,2.699998856,0.2199,34.11764908,1273.5,15.27000046,-0.4769,10.8964386,FullOfHolesCondition,LowCongestionCondition,EvenPaceStyle
-3.399997711,31.5,43.63499897,363.9368703,0.900001526,0.156,0.0,1265.5,15.32999992,-0.5939,10.90250492,FullOfHolesCondition,LowCongestionCondition,EvenPaceStyle
-2.0,29.69999886,41.80499895,340.9530044,-0.899999619,0.3949,1.568627477,1164.0,14.63000011,-0.5363,10.94087982,FullOfHolesCondition,LowCongestionCondition,EvenPaceStyle
-1.299999237,29.69999886,39.29999906,306.2806609,1.799999237,0.3863,74.11764526,1264.0,14.23999977,-0.1541,10.94773769,FullOfHolesCondition,LowCongestionCondition,EvenPaceStyle
-0.399997711,32.39999771,38.71499902,293.2609399,2.699998856,0.3624,55.68627548,1339.0,13.30000019,0.0023,10.92419529,FullOfHolesCondition,LowCongestionCondition,EvenPaceStyle
-0.400001526,34.20000076,38.17499906,280.1307029,1.800003052,0.238,54.11764908,1402.5,12.30000019,0.1359,10.88720798,FullOfHolesCondition,LowCongestionCondition,EvenPaceStyle
-0.200000763,35.09999847,37.64999906,266.3160849,0.899997711,0.1553,43.52941132,1444.0,12.47000027,0.1053,10.84507179,FullOfHolesCondition,LowCongestionCondition,EvenPaceStyle
-0.300003052,36.0,37.16999914,253.6343256,0.900001526,0.2881,45.09804153,1482.5,11.90999985,0.0836,10.79510593,FullOfHolesCondition,LowCongestionCondition,EvenPaceStyle
-0.200000763,36.89999771,36.7349991,242.1348417,0.899997711,0.3938,27.05882454,1497.0,12.35999966,0.1428,10.74764156,FullOfHolesCondition,LowCongestionCondition,EvenPaceStyle
-0.800003052,37.79999924,35.9099991,219.6527665,0.900001526,0.1019,0.0,1442.5,17.29999924,0.1389,10.73412704,FullOfHolesCondition,LowCongestionCondition,EvenPaceStyle
-0.700000763,35.09999847,35.4599991,207.8322586,-2.700000763,0.0501,38.4313736,1404.0,11.27000046,0.2099,10.6928339,FullOfHolesCondition,LowCongestionCondition,EvenPaceStyle
-0.099998474,34.20000076,35.00999916,196.4236164,-0.899997711,0.1039,0.784313738,1373.5,16.69000053,0.2532,10.67203617,FullOfHolesCondition,LowCongestionCondition,EvenPaceStyle
-0.200000763,33.29999924,34.57499919,186.1981685,-0.900001526,0.2047,0.0,1316.5,15.98999977,0.2052,10.65506363,FullOfHolesCondition,LowCongestionCondition,EvenPaceStyle
-0.099998474,28.79999924,33.70499918,169.4526776,-3.599998474,0.2212,30.19607925,751.0,4.909999847,0.0146,10.55911064,FullOfHolesCondition,LowCongestionCondition,EvenPaceStyle
0.0,24.29999924,33.1949992,163.0733566,-4.5,0.3247,29.80392265,747.5,4.300000191,0.0803,10.51485443,FullOfHolesCondition,LowCongestionCondition,EvenPaceStyle
-0.199996948,18.89999962,32.6099992,158.8524321,-5.399999619,0.2547,31.76470566,752.5,3.99000001,0.0518,10.48790455,FullOfHolesCondition,LowCongestionCondition,EvenPaceStyle
0.199996948,14.39999962,31.96499921,156.9338307,-4.5,-0.033,28.62745094,792.5,4.159999847,-0.0938,10.46608925,FullOfHolesCondition,LowCongestionCondition,EvenPaceStyle
-0.299999237,11.69999981,30.59999925,153.2135516,-0.899999619,-0.4808,94.11764526,927.5,5.909999847,0.0192,10.46318626,FullOfHolesCondition,LowCongestionCondition,EvenPaceStyle
0.299999237,25.19999886,28.36499931,122.3372216,2.699998856,-0.8799,52.94117737,1663.5,15.97000027,0.1567,10.47375298,FullOfHolesCondition,LowCongestionCondition,EvenPaceStyle
0.600002289,27.89999962,27.97499932,113.2707132,2.700000763,-0.9482,3.529411793,1773.5,16.19000053,-0.1253,10.46975136,FullOfHolesCondition,LowCongestionCondition,EvenPaceStyle
1.0,27.0,26.86499931,89.17756025,0.900001526,-0.944,81.5686264,1159.0,12.47000027,-0.1613,10.40546894,FullOfHolesCondition,LowCongestionCondition,EvenPaceStyle
1.399997711,29.69999886,26.54999932,81.20592524,2.699998856,-0.912,80.0,1248.0,12.43999958,-0.0549,10.40173149,FullOfHolesCondition,LowCongestionCondition,EvenPaceStyle
-2.900001526,1.799999952,38.811063580731144,171.92088758076872,-1.799999952,-0.2662,65.49019623,810.0,7.630000114,0.038,41.18535614,UnevenCondition,NormalCongestionCondition,EvenPaceStyle
-2.5,29.69999886,10.42499963,77.13647749,-0.899999619,-0.4854,91.37255096,1269.5,16.62999916,-0.2392,24.0486393,UnevenCondition,NormalCongestionCondition,EvenPaceStyle
-2.0,30.59999847,10.93499961,81.92874804,0.899999619,-0.402,68.23529816,1339.0,15.35999966,-0.3087,23.75242615,UnevenCondition,NormalCongestionCondition,EvenPaceStyle
-5.800003052,32.39999771,11.47499957,87.41478074,1.799999237,-0.2828,1.960784316,1310.0,16.57999992,-0.3485,23.57717323,UnevenCondition,NormalCongestionCondition,EvenPaceStyle
-3.599998474,29.69999886,12.50999951,94.91277096,-2.699998856,-0.2932,59.60784531,1241.0,13.55000019,-0.2785,22.9947834,UnevenCondition,NormalCongestionCondition,EvenPaceStyle
1.899997711,31.5,43.97999865,61.32568916,-4.5,-0.9029,30.19607925,751.0,4.190000057,-0.0909,10.52296829,FullOfHolesCondition,LowCongestionCondition,EvenPaceStyle
1.799999237,28.79999924,43.88999863,63.60192685,-2.700000763,-0.7122,29.01960754,755.5,4.269999981,-0.1867,10.45772076,FullOfHolesCondition,LowCongestionCondition,EvenPaceStyle
0.900001526,27.0,43.72499866,68.5422393,0.900001526,-0.5044,0.0,1115.0,11.88000011,-0.1845,10.40332603,FullOfHolesCondition,LowCongestionCondition,AggressiveStyle
-0.799999237,25.19999886,43.60499868,72.41742505,-1.800001144,-0.5785,36.07843018,1016.5,12.52000046,-0.3791,10.42741966,FullOfHolesCondition,LowCongestionCondition,EvenPaceStyle
-0.799999237,27.89999962,43.4249987,77.69478055,2.700000763,-0.7704,87.84313965,1204.0,15.38000011,-0.2407,10.44906521,FullOfHolesCondition,LowCongestionCondition,EvenPaceStyle
-1.100002289,29.69999886,43.39499868,78.47640812,1.799999237,-0.9471,81.96078491,1333.0,15.82999992,-0.2292,10.45904541,FullOfHolesCondition,LowCongestionCondition,EvenPaceStyle
-1.599998474,35.09999847,43.31999868,79.80467098,2.700000763,-0.6764,77.2549057,1531.5,17.37999916,0.1689,10.48134422,FullOfHolesCondition,LowCongestionCondition,EvenPaceStyle
-0.899997711,43.19999695,43.24499868,80.18793347,2.699996948,-0.9973,70.58823395,1844.5,19.79999924,0.26,10.51910114,FullOfHolesCondition,LowCongestionCondition,EvenPaceStyle
-0.300003052,45.0,43.30499872,80.17878094,1.800003052,-0.9484,6.666666985,1808.0,23.40999985,0.2027,10.53731728,FullOfHolesCondition,LowCongestionCondition,EvenPaceStyle
0.399997711,43.19999695,43.45499865,79.71200182,-1.800003052,-1.0755,43.52941132,1720.5,18.65999985,0.4116,10.5531311,FullOfHolesCondition,LowCongestionCondition,AggressiveStyle
0.800003052,42.29999924,43.52999865,79.18687479,-0.899997711,-1.3737,47.84313965,1720.0,14.60999966,0.487,10.55842686,FullOfHolesCondition,LowCongestionCondition,AggressiveStyle
1.0,40.5,43.60499865,78.37573093,-1.799999237,-1.5096,45.88235474,1730.0,14.55000019,0.5993,10.56519413,FullOfHolesCondition,LowCongestionCondition,AggressiveStyle
1.200000763,43.19999695,43.84499861,76.1425109,0.899997711,-1.6493,8.235294342,1741.5,16.40999985,0.5493,10.58520317,FullOfHolesCondition,LowCongestionCondition,EvenPaceStyle
1.299999237,42.29999924,43.91999861,75.55789235,-0.899997711,-1.5086,0.0,1693.0,21.32999992,0.5792,10.60891724,FullOfHolesCondition,LowCongestionCondition,EvenPaceStyle
0.299999237,25.19999886,42.67499876,84.82461157,-6.300001144,-0.2491,29.80392265,747.5,4.21999979,0.1076,10.68889523,FullOfHolesCondition,LowCongestionCondition,EvenPaceStyle
0.400001526,19.79999924,42.11999877,91.53822996,-5.399999619,-0.1081,29.41176605,750.0,4.019999981,-0.3093,10.68070889,FullOfHolesCondition,LowCongestionCondition,EvenPaceStyle
0.5,17.10000038,41.47499879,98.55342332,-2.699998856,-0.215,0.0,958.5,8.93999958,-0.4466,10.71836472,SmoothCondition,LowCongestionCondition,AggressiveStyle
0.400001526,15.29999924,40.78499883,105.7528138,-1.800001144,-0.0058,82.74510193,1022.5,13.22000027,-0.3727,10.76761246,SmoothCondition,LowCongestionCondition,AggressiveStyle
0.599998474,17.10000038,40.15499887,111.4804741,1.800001144,0.02,84.31372833,1311.0,15.15999985,-0.3991,10.80346203,SmoothCondition,LowCongestionCondition,AggressiveStyle
0.5,21.59999847,39.62999887,114.1953474,4.499998093,-0.094,71.37255096,1556.0,16.27000046,-0.3027,10.83754158,SmoothCondition,LowCongestionCondition,AggressiveStyle
-0.099998474,26.09999847,38.77499892,115.4398659,0.899999619,0.0563,0.0,1549.0,19.04999924,-0.2201,10.94151783,SmoothCondition,LowCongestionCondition,EvenPaceStyle
0.900001526,25.19999886,38.3699989,116.446874,-0.899999619,0.0342,56.86274719,1515.5,13.77000046,-0.2873,10.98757744,SmoothCondition,LowCongestionCondition,EvenPaceStyle
1.399997711,25.19999886,37.60499891,119.1686112,0.899999619,0.3864,67.84313965,1789.0,16.71999931,-0.2583,11.02221966,SmoothCondition,LowCongestionCondition,EvenPaceStyle
1.400001526,27.89999962,37.30499894,119.5072554,2.700000763,0.4556,0.0,949.0,17.98999977,-0.2971,11.05780602,SmoothCondition,LowCongestionCondition,EvenPaceStyle
1.399997711,28.79999924,36.43499896,120.0033224,1.799999237,-0.0091,83.52941132,1211.5,15.23999977,-0.0206,11.15880013,SmoothCondition,LowCongestionCondition,EvenPaceStyle
1.400001526,31.5,36.16499901,118.1911196,2.700000763,-0.075,72.15686035,1331.0,15.48999977,0.0768,11.17347431,SmoothCondition,LowCongestionCondition,EvenPaceStyle
0.900001526,35.09999847,35.65499903,111.5628485,0.899997711,0.0232,0.0,1447.5,17.46999931,0.1495,11.21189404,SmoothCondition,LowCongestionCondition,EvenPaceStyle
-0.400001526,36.0,34.39499912,87.56488343,1.799999237,-0.7293,55.29411697,1487.0,12.90999985,0.6955,11.2379446,SmoothCondition,LowCongestionCondition,EvenPaceStyle
-0.700000763,36.89999771,34.10999908,81.07412847,0.899997711,-0.7907,54.50980377,1530.5,13.27000046,0.7204,11.23642349,SmoothCondition,LowCongestionCondition,EvenPaceStyle
-0.5,37.79999924,33.86999912,75.69975693,0.900001526,-0.8719,53.33333588,1550.0,14.93999958,0.6347,11.23940468,SmoothCondition,LowCongestionCondition,EvenPaceStyle
0.099998474,29.69999886,32.53499918,53.75722623,-3.600000381,-0.5884,26.27450943,759.0,6.360000134,0.0917,11.26171207,SmoothCondition,LowCongestionCondition,EvenPaceStyle
0.599998474,25.19999886,32.35499916,54.43268384,-4.5,-0.7211,29.80392265,753.0,4.96999979,0.0603,11.25362206,SmoothCondition,LowCongestionCondition,EvenPaceStyle
1.5,19.79999924,31.90499916,61.37946327,0.899999619,-0.7521,86.27451324,1039.0,12.10999966,-0.0654,11.43850327,SmoothCondition,LowCongestionCondition,EvenPaceStyle
1.700000763,20.69999886,31.66499914,65.49993802,1.799999237,-1.0612,57.64706039,1462.5,16.69000053,0.0551,11.59258938,SmoothCondition,LowCongestionCondition,EvenPaceStyle
1.900001526,18.0,31.54499915,67.94183587,-2.699998856,-1.1996,62.35294342,1631.5,15.23999977,0.0916,11.6574688,SmoothCondition,LowCongestionCondition,EvenPaceStyle
1.800003052,27.0,31.57499917,67.60868313,9.0,-1.1318,9.8039217,1676.5,17.69000053,0.0971,11.71662807,SmoothCondition,LowCongestionCondition,EvenPaceStyle
1.400001526,27.0,31.52999919,67.90179316,-0.899999619,-0.9898,25.88235283,883.0,8.880000114,-0.0089,11.67080116,SmoothCondition,LowCongestionCondition,EvenPaceStyle
1.300003052,26.09999847,31.42499921,68.37749672,-0.900001526,-0.9292,0.0,1006.0,11.80000019,-0.0618,11.66965103,SmoothCondition,LowCongestionCondition,EvenPaceStyle
0.899997711,23.39999962,31.00499922,69.23234416,-0.899999619,-0.99,32.15686417,909.5,10.77000046,-0.0299,11.66660976,SmoothCondition,LowCongestionCondition,EvenPaceStyle
1.5,27.89999962,30.10499926,63.19166631,3.600000381,-1.433,91.76470947,1268.0,17.02000046,-0.0852,11.65335941,SmoothCondition,LowCongestionCondition,EvenPaceStyle
1.399997711,30.59999847,29.86499923,59.37688625,2.699998856,-1.4478,76.86274719,1357.0,14.07999992,-0.0229,11.63719273,SmoothCondition,LowCongestionCondition,EvenPaceStyle
1.200000763,33.29999924,29.69999927,56.5352517,2.700000763,-1.4995,1.960784316,1325.5,15.85999966,-0.0362,11.65276814,SmoothCondition,LowCongestionCondition,EvenPaceStyle
0.899997711,32.39999771,29.53499924,53.94027699,-0.900001526,-1.6222,42.35294342,1273.5,11.88000011,0.1555,11.65445042,SmoothCondition,LowCongestionCondition,EvenPaceStyle
-2.200000763,30.59999847,28.99499928,45.82929484,-0.900001526,-1.7173,3.137254953,1136.5,14.65999985,0.3501,11.69864559,SmoothCondition,LowCongestionCondition,EvenPaceStyle
-3.0,28.79999924,28.76999928,42.77806604,-1.799999237,-1.6204,7.058823586,1066.0,12.22000027,0.2844,11.70667171,SmoothCondition,LowCongestionCondition,EvenPaceStyle
-2.5,25.19999886,28.30499929,38.50726098,-1.800001144,-1.2729,20.0,992.5,6.190000057,0.2185,11.6477766,SmoothCondition,LowCongestionCondition,EvenPaceStyle
-2.899997711,23.39999962,28.06499929,37.32841349,-1.799999237,-1.1619,28.62745094,935.0,5.489999771,0.1649,11.60277462,SmoothCondition,LowCongestionCondition,EvenPaceStyle
-2.400001526,22.5,27.83999929,36.73464198,-0.899999619,-0.9767,99.60784149,897.5,7.440000057,0.197,11.58298206,SmoothCondition,LowCongestionCondition,EvenPaceStyle
-1.400001526,24.29999924,27.52499927,36.4168194,1.799999237,-1.1403,86.66667175,1057.5,13.38000011,0.3785,11.59907341,SmoothCondition,LowCongestionCondition,EvenPaceStyle
2.0,29.69999886,27.71999928,35.35992948,2.699998856,-1.4425,43.92156982,1223.5,13.52000046,0.4186,11.60603619,SmoothCondition,LowCongestionCondition,EvenPaceStyle
2.099998474,26.09999847,28.31999922,28.73348964,-3.600000381,-1.1443,27.05882454,751.0,4.659999847,0.4747,11.53716087,SmoothCondition,LowCongestionCondition,EvenPaceStyle
0.099998474,3.599999905,13.96499976,203.941293,0.900000095,-0.524,50.58823776,1091.0,16.69000053,0.3673,22.18851662,UnevenCondition,NormalCongestionCondition,EvenPaceStyle
0.400001526,11.69999981,14.15999975,200.684132,8.099999905,-0.4923,31.37254906,1682.0,15.38000011,0.3701,22.27361679,UnevenCondition,NormalCongestionCondition,EvenPaceStyle
0.799999237,12.59999943,14.36999974,197.2821322,0.899999619,-0.5236,95.29412079,822.0,7.019999981,0.3922,22.22047234,UnevenCondition,NormalCongestionCondition,EvenPaceStyle
0.5,24.29999924,15.17999971,190.7060305,9.0,-0.7986,72.54901886,1742.5,25.71999931,0.5719,22.43314934,UnevenCondition,NormalCongestionCondition,EvenPaceStyle
1.899997711,27.0,15.43499972,192.8026493,2.700000763,-0.7484,0.0,804.5,7.329999924,0.5829,22.10781288,UnevenCondition,NormalCongestionCondition,EvenPaceStyle
1.100002289,25.19999886,15.82499971,196.4673271,-1.800001144,-0.618,39.2156868,781.5,6.159999847,0.4429,21.39984512,UnevenCondition,NormalCongestionCondition,EvenPaceStyle
0.799999237,21.59999847,15.9299997,197.0167082,-3.600000381,-0.5027,40.39215851,790.5,6.300000191,0.3404,21.19878578,UnevenCondition,HighCongestionCondition,EvenPaceStyle
-1.599998474,7.199999809,15.59999971,197.850505,-5.399999619,-0.0705,40.7843132,796.0,6.630000114,-0.0671,21.2871666,UnevenCondition,HighCongestionCondition,EvenPaceStyle
-1.699996948,9.0,14.81999975,196.9114547,1.800000191,-0.3271,100.0,754.5,9.659999847,0.2654,21.50691986,UnevenCondition,HighCongestionCondition,EvenPaceStyle
-3.5,11.69999981,14.54999976,194.1025395,2.699999809,-0.394,81.5686264,923.5,9.579999924,0.2968,21.55367851,UnevenCondition,HighCongestionCondition,EvenPaceStyle
-3.0,15.29999924,14.33999975,191.0465057,3.599999428,-0.4603,98.4313736,1248.5,12.48999977,0.2267,21.5935421,UnevenCondition,HighCongestionCondition,EvenPaceStyle
-1.899997711,21.59999847,13.99499974,184.7191245,6.299999237,-0.3665,53.33333588,1480.0,19.36000061,0.007,21.6779213,UnevenCondition,HighCongestionCondition,EvenPaceStyle
-0.900001526,25.19999886,13.90499974,182.1655656,3.600000381,-0.4151,49.80392075,1625.5,17.79999924,0.0272,21.69226646,UnevenCondition,HighCongestionCondition,EvenPaceStyle
0.899997711,27.89999962,13.76999974,177.1923026,2.700000763,-0.4295,58.4313736,1703.5,20.37999916,0.0246,21.71569443,UnevenCondition,HighCongestionCondition,EvenPaceStyle
1.099998474,30.59999847,13.67999971,173.6090814,2.699998856,-0.3146,27.84313774,1829.0,17.86000061,-0.0621,21.70414734,UnevenCondition,HighCongestionCondition,EvenPaceStyle
1.0,29.69999886,13.52999968,167.3258596,-0.899999619,-0.1651,10.98039246,777.0,6.269999981,-0.125,21.3717289,UnevenCondition,HighCongestionCondition,AggressiveStyle
2.399997711,29.69999886,12.92999962,141.7353488,-0.899999619,-0.3074,14.50980377,1220.5,15.47000027,-0.1333,21.18285179,UnevenCondition,HighCongestionCondition,EvenPaceStyle
1.0,27.89999962,12.68999959,132.5571782,-0.899999619,-0.7693,4.705882549,1072.0,11.38000011,0.083,21.01808739,UnevenCondition,HighCongestionCondition,EvenPaceStyle
-0.599998474,30.59999847,12.79499958,135.3686101,2.699998856,-0.8599,65.49019623,1311.0,14.32999992,0.3233,20.88125801,UnevenCondition,HighCongestionCondition,EvenPaceStyle
-0.600002289,31.5,13.07999959,141.1724663,0.900001526,-0.7153,21.17647171,1289.5,16.52000046,0.2267,20.84694672,UnevenCondition,HighCongestionCondition,EvenPaceStyle
-0.200000763,30.59999847,13.94999957,149.0537203,-0.900001526,-0.2627,37.64706039,780.5,7.079999924,-0.2107,20.62084389,UnevenCondition,HighCongestionCondition,EvenPaceStyle
-0.900001526,24.29999924,14.35499955,147.4042034,-6.299999237,0.0001,39.2156868,797.0,6.360000134,-0.4196,20.41943932,UnevenCondition,HighCongestionCondition,EvenPaceStyle
-1.200000763,18.89999962,15.07499954,141.9181699,-5.399999619,0.2776,40.39215851,796.0,6.079999924,-0.5382,20.26931381,UnevenCondition,HighCongestionCondition,EvenPaceStyle
-1.200000763,13.5,15.55499952,134.0231873,-1.799999237,0.3455,40.7843132,797.0,6.360000134,-0.5509,20.32976723,UnevenCondition,HighCongestionCondition,EvenPaceStyle
0.0,9.0,15.70499952,130.6275942,-4.5,0.2484,82.74510193,696.5,5.690000057,-0.4825,20.34930229,UnevenCondition,HighCongestionCondition,EvenPaceStyle
1.200000763,9.899999619,16.01999952,123.4989082,0.899999619,0.1717,63.92156982,806.5,9.130000114,-0.5275,20.39442635,UnevenCondition,HighCongestionCondition,EvenPaceStyle
1.100002289,12.59999943,16.22999951,119.3024678,2.699999809,0.2279,60.0,986.5,10.43999958,-0.5319,20.41055679,UnevenCondition,HighCongestionCondition,EvenPaceStyle
1.799999237,18.0,17.57999952,95.92229969,0.899999619,0.0926,68.62744904,1447.5,16.86000061,-0.2407,20.41851616,UnevenCondition,HighCongestionCondition,EvenPaceStyle
1.599998474,21.59999847,17.89499949,92.34251158,3.599998474,-0.0071,66.66666412,1622.0,21.02000046,-0.3102,20.45059586,UnevenCondition,HighCongestionCondition,EvenPaceStyle
1.400001526,27.0,18.2849995,90.12942719,5.400001526,0.2184,9.411765099,1423.0,12.13000011,-0.3312,20.4002037,UnevenCondition,HighCongestionCondition,EvenPaceStyle
1.300003052,26.09999847,19.48499948,79.89688551,-0.900001526,-0.092,84.70588684,1048.5,13.72000027,-0.1528,20.07966995,UnevenCondition,HighCongestionCondition,EvenPaceStyle
0.400001526,27.89999962,19.93499947,75.03688587,1.800001144,-0.1864,82.35294342,1156.0,14.93999958,0.072,20.05681992,UnevenCondition,HighCongestionCondition,EvenPaceStyle
0.699996948,30.59999847,20.41499945,71.15620787,2.699998856,-0.3405,72.54901886,1246.0,12.40999985,0.1742,19.9975853,UnevenCondition,HighCongestionCondition,EvenPaceStyle
0.599998474,29.69999886,21.31499941,63.44061468,-0.899999619,-0.3329,1.568627477,1149.0,15.47000027,0.2981,19.98079681,UnevenCondition,HighCongestionCondition,EvenPaceStyle
0.0,27.89999962,21.5849994,62.53451317,-1.799999237,-0.2963,4.313725471,1078.5,14.52000046,0.2692,19.96017838,FullOfHolesCondition,HighCongestionCondition,EvenPaceStyle
1.0,27.89999962,22.46999939,58.75840296,2.700000763,-0.0987,79.21569061,1100.5,14.22000027,0.3366,19.75375366,FullOfHolesCondition,HighCongestionCondition,EvenPaceStyle
-0.700000763,32.39999771,22.63499935,60.64908875,4.499998093,-0.1982,54.50980377,1287.5,16.07999992,0.2205,19.68528557,FullOfHolesCondition,HighCongestionCondition,EvenPaceStyle
-3.199996948,34.20000076,22.78499939,62.78163171,1.800003052,-0.2155,65.88235474,1297.0,15.32999992,0.1751,19.66140556,FullOfHolesCondition,HighCongestionCondition,EvenPaceStyle
-3.099998474,29.69999886,25.72499924,51.43613962,-0.899999619,0.1251,1.960784316,1207.5,14.55000019,-0.0651,19.4423542,FullOfHolesCondition,HighCongestionCondition,EvenPaceStyle
-2.299999237,31.5,26.23499924,48.32061429,1.800001144,0.2501,41.96078491,1305.5,16.40999985,-0.0496,19.40265274,FullOfHolesCondition,HighCongestionCondition,EvenPaceStyle
-3.400001526,28.79999924,26.35499926,48.05335993,-2.700000763,0.4561,1.960784316,951.0,7.329999924,-0.46,19.29430389,FullOfHolesCondition,HighCongestionCondition,EvenPaceStyle
-4.299999237,21.59999847,26.27999926,48.37484309,-5.400001526,0.5557,39.60784531,784.0,6.21999979,-0.5869,19.32130432,FullOfHolesCondition,HighCongestionCondition,EvenPaceStyle
-3.900001526,16.19999886,26.03999926,49.72209758,-5.399999619,0.625,61.56863022,636.0,5.880000114,-0.5671,19.36479568,FullOfHolesCondition,HighCongestionCondition,EvenPaceStyle
-4.199996948,13.5,25.76999928,52.08619902,-2.699998856,0.5378,94.11764526,727.0,6.489999771,-0.6456,19.41403198,FullOfHolesCondition,HighCongestionCondition,EvenPaceStyle
-2.0,14.39999962,25.52999929,54.06314805,0.899999619,0.5207,94.50980377,854.5,9.18999958,-0.6842,19.45952797,FullOfHolesCondition,HighCongestionCondition,EvenPaceStyle
-0.399997711,17.10000038,25.07999932,55.80670743,0.900001526,0.4955,69.01960754,1089.5,14.32999992,-0.5341,19.51075935,FullOfHolesCondition,HighCongestionCondition,EvenPaceStyle
0.100002289,21.59999847,24.94499931,55.63166523,4.499998093,0.4772,60.39215851,1276.5,15.47000027,-0.5097,19.53587341,FullOfHolesCondition,HighCongestionCondition,EvenPaceStyle
1.099998474,24.29999924,24.86999931,55.38111439,2.700000763,0.4914,56.47058868,1478.5,16.65999985,-0.4941,19.55533028,FullOfHolesCondition,HighCongestionCondition,EvenPaceStyle
1.100002289,25.19999886,24.80999931,55.11752117,0.899999619,0.5558,29.01960754,1617.5,17.37999916,-0.5453,19.56747246,FullOfHolesCondition,HighCongestionCondition,EvenPaceStyle
2.200000763,18.0,13.42499953,168.2957922,-0.899999619,-0.7613,80.0,1087.0,11.15999985,-0.0072,21.84768486,UnevenCondition,NormalCongestionCondition,EvenPaceStyle
1.0,24.29999924,13.6799995,170.6436479,4.5,-1.0379,65.09803772,1402.0,18.54999924,-0.0454,21.98151398,UnevenCondition,NormalCongestionCondition,EvenPaceStyle
-0.200000763,27.89999962,13.70999952,171.4554789,1.800001144,-1.2259,67.45098114,1783.0,25.04999924,0.0537,22.10258102,UnevenCondition,NormalCongestionCondition,EvenPaceStyle
-0.5,36.0,13.6799996,171.1104308,5.400001526,-1.6072,77.64705658,1515.0,22.04999924,0.2982,21.68979073,UnevenCondition,NormalCongestionCondition,EvenPaceStyle
1.200000763,38.70000076,13.88999967,179.8300608,2.700000763,-1.4664,39.2156868,1652.5,21.11000061,0.2521,21.60431099,UnevenCondition,NormalCongestionCondition,EvenPaceStyle
0.0,39.59999847,14.03999967,186.2780265,0.899997711,-1.2986,0.392156869,1591.0,17.73999977,0.0355,21.50112152,UnevenCondition,NormalCongestionCondition,EvenPaceStyle
0.200000763,38.70000076,14.1749997,191.9185112,-0.899997711,-1.1842,56.47058868,1586.5,18.04999924,0.0636,21.39826775,UnevenCondition,NormalCongestionCondition,EvenPaceStyle
0.300003052,37.79999924,14.3999997,201.346774,-0.900001526,-0.9138,0.0,1443.5,18.19000053,-0.1087,21.28296089,UnevenCondition,NormalCongestionCondition,EvenPaceStyle
0.0,22.5,14.59499975,208.9275974,-5.399999619,-0.1532,43.13725662,797.0,6.630000114,-0.5072,20.63587379,UnevenCondition,NormalCongestionCondition,EvenPaceStyle
0.899997711,3.599999905,13.96499976,209.7623094,-2.699999809,0.2996,43.92156982,806.5,6.519999981,-0.6134,21.0732975,UnevenCondition,NormalCongestionCondition,EvenPaceStyle
0.0,2.699999809,13.61999977,212.5897586,1.799999833,0.101,69.01960754,801.5,7.440000057,-0.3218,21.23946571,UnevenCondition,NormalCongestionCondition,EvenPaceStyle
-0.700000763,2.699999809,13.78499976,208.5541741,-0.900000095,-0.2031,43.13725662,796.5,6.800000191,-0.0323,21.53166771,UnevenCondition,NormalCongestionCondition,EvenPaceStyle
-0.399997711,2.699999809,13.90499976,205.4221742,0.899999857,-0.4718,89.01960754,725.5,8.109999657,0.2885,22.05655479,UnevenCondition,NormalCongestionCondition,EvenPaceStyle
0.299999237,0.0,12.07499961,134.1385076,0.0,0.4765,40.7843132,785.0,5.739999771,-0.8011,18.66183662,FullOfHolesCondition,HighCongestionCondition,EvenPaceStyle
-0.200000763,2.699999809,11.95499961,135.533355,2.699999809,-0.2804,78.8235321,700.0,6.489999771,-0.0789,18.69639397,FullOfHolesCondition,HighCongestionCondition,EvenPaceStyle
1.400001526,7.199999809,11.89499962,135.8903041,4.5,-0.1031,97.2549057,1053.5,9.359999657,-0.2072,18.70901108,FullOfHolesCondition,HighCongestionCondition,EvenPaceStyle
1.0,6.299999714,11.80499962,136.411999,-0.900000095,-0.0818,39.2156868,894.0,6.550000191,-0.1976,18.75735474,FullOfHolesCondition,HighCongestionCondition,EvenPaceStyle
1.500003815,5.399999619,11.59499962,137.5652194,-0.900000095,-0.2878,83.13725281,677.5,6.96999979,0.0221,18.96394539,FullOfHolesCondition,HighCongestionCondition,EvenPaceStyle
0.600002289,6.299999714,11.09999965,138.2674484,0.900000095,-0.3658,11.76470566,813.5,7.110000134,0.0915,19.10903549,FullOfHolesCondition,HighCongestionCondition,EvenPaceStyle
0.799999237,8.099999428,10.90499965,137.0984401,1.799999714,-0.4194,97.2549057,990.0,13.47000027,0.2076,19.14692116,FullOfHolesCondition,HighCongestionCondition,EvenPaceStyle
-1.700004578,18.0,10.67999965,133.4568721,4.5,-0.4497,64.31372833,1558.0,17.29999924,0.5042,19.20755959,FullOfHolesCondition,HighCongestionCondition,EvenPaceStyle
-1.800003052,21.59999847,10.64999963,132.7347361,3.599998474,-0.3767,72.94117737,1721.0,17.37999916,0.6599,19.25434494,UnevenCondition,HighCongestionCondition,EvenPaceStyle
-2.400001526,27.89999962,10.69499964,134.1879314,6.300001144,-0.4218,55.29411697,1857.0,20.98999977,0.7363,19.31146431,UnevenCondition,HighCongestionCondition,EvenPaceStyle
-3.900001526,28.79999924,10.69499964,134.1330162,0.899999619,-0.4469,30.19607925,1644.0,17.79999924,0.61,19.39080811,UnevenCondition,HighCongestionCondition,AggressiveStyle
-2.400001526,28.79999924,10.69499964,134.1330162,-0.899999619,-0.4205,73.33333588,1141.5,12.98999977,0.6009,19.2138958,UnevenCondition,HighCongestionCondition,AggressiveStyle
-3.0,30.59999847,10.67999962,133.5117863,1.799999237,-0.8253,70.98039246,1242.5,14.18999958,0.428,19.20144463,UnevenCondition,HighCongestionCondition,AggressiveStyle
-2.399997711,31.5,10.66499966,132.8626439,0.900001526,-0.9856,65.09803772,1292.0,13.30000019,0.3632,19.18910027,UnevenCondition,HighCongestionCondition,AggressiveStyle
-0.800003052,34.20000076,11.05499971,148.7404761,-0.899997711,-0.6549,0.0,1253.0,15.77000046,0.3519,19.29161644,UnevenCondition,HighCongestionCondition,EvenPaceStyle
0.700000763,30.59999847,11.14499971,151.8157299,-3.600002289,-0.6355,1.960784316,1183.5,14.18999958,0.2031,19.27459335,UnevenCondition,HighCongestionCondition,EvenPaceStyle
0.0,28.79999924,11.21999971,154.1599248,-1.799999237,-0.3771,54.90196228,1209.0,15.07999992,0.0131,19.22679138,UnevenCondition,HighCongestionCondition,EvenPaceStyle
0.900001526,29.69999886,11.3099997,157.0402295,0.899999619,-0.3921,0.784313738,1158.5,14.30000019,-0.2829,19.13828278,UnevenCondition,HighCongestionCondition,EvenPaceStyle
0.300003052,26.09999847,11.35499968,158.2682713,-3.600000381,-0.3153,7.843137264,1026.0,7.71999979,-0.4169,18.98117638,UnevenCondition,HighCongestionCondition,EvenPaceStyle
1.5,18.0,11.54999966,162.9381264,-8.099998474,0.1027,37.64706039,766.0,5.519999981,-0.7847,18.63374138,UnevenCondition,HighCongestionCondition,EvenPaceStyle
2.0,20.69999886,11.75999962,164.6597193,5.399999619,-0.3513,71.37255096,1476.0,16.02000046,-1.0031,18.67351151,UnevenCondition,HighCongestionCondition,EvenPaceStyle
1.399997711,22.5,12.22499961,167.1151175,1.800001144,-0.3985,47.45098114,1715.0,15.77000046,-0.9736,18.65201187,UnevenCondition,HighCongestionCondition,EvenPaceStyle
1.399997711,27.89999962,13.06499959,172.3650159,-0.899999619,-0.5235,1.568627477,1796.5,17.79999924,-1.0309,18.62407112,UnevenCondition,HighCongestionCondition,EvenPaceStyle
0.799999237,28.79999924,14.47499956,173.3205418,0.899999619,0.1287,36.47058868,850.5,5.96999979,-0.8456,18.12017822,UnevenCondition,HighCongestionCondition,EvenPaceStyle
0.399997711,27.89999962,14.93999956,172.6041268,-0.899999619,0.128,36.86274719,856.5,5.880000114,-0.9459,17.962286,UnevenCondition,HighCongestionCondition,EvenPaceStyle
-0.700000763,26.09999847,16.21499949,165.2809488,0.899999619,0.228,28.62745094,779.0,5.130000114,-0.9447,17.62002563,UnevenCondition,HighCongestionCondition,EvenPaceStyle
-0.800003052,25.19999886,16.63499947,162.0134912,-0.899999619,0.1164,36.07843018,772.5,5.519999981,-0.9304,17.47823524,UnevenCondition,HighCongestionCondition,EvenPaceStyle
-0.100002289,26.09999847,17.48999943,154.6514151,0.899999619,0.1592,0.0,1181.5,11.65999985,-0.7575,17.34848404,UnevenCondition,HighCongestionCondition,EvenPaceStyle
-0.5,27.0,17.93999943,150.793619,0.900001526,0.0416,67.45098114,1145.0,12.07999992,-0.5662,17.34045219,UnevenCondition,HighCongestionCondition,EvenPaceStyle
-0.600002289,29.69999886,18.43499941,147.4334921,2.699998856,0.057,45.49019623,1186.5,14.57999992,-0.4324,17.3482914,UnevenCondition,HighCongestionCondition,EvenPaceStyle
0.0,26.09999847,20.26499937,126.565697,-0.900001526,1.0136,13.33333397,970.0,6.630000114,-0.3633,17.23535728,UnevenCondition,HighCongestionCondition,EvenPaceStyle
0.900001526,23.39999962,21.07499934,112.5568165,-1.799999237,0.9033,90.19608307,977.0,7.190000057,-0.2851,17.20885468,UnevenCondition,HighCongestionCondition,EvenPaceStyle
0.799999237,24.29999924,21.47999933,105.0382323,0.899999619,1.0283,81.5686264,1068.0,12.48999977,-0.2547,17.28145981,UnevenCondition,HighCongestionCondition,EvenPaceStyle
1.400001526,27.89999962,22.76999929,80.95331856,3.600000381,0.6254,91.76470947,1095.5,14.05000019,-0.4403,17.109272,UnevenCondition,HighCongestionCondition,EvenPaceStyle
1.399997711,29.69999886,23.26499927,72.73044614,1.799999237,0.5478,78.03921509,1236.0,16.21999931,-0.3954,17.03421021,UnevenCondition,HighCongestionCondition,EvenPaceStyle
1.599998474,32.39999771,23.75999924,66.72752234,2.699998856,0.3663,74.50980377,1363.0,17.86000061,-0.2004,17.03838348,UnevenCondition,HighCongestionCondition,EvenPaceStyle
0.700000763,35.09999847,24.22499921,64.03919189,2.700000763,0.398,21.96078491,1480.5,17.40999985,-0.1769,16.9656868,UnevenCondition,HighCongestionCondition,EvenPaceStyle
1.200004578,31.5,26.51999911,36.94331967,-0.899997711,0.4252,44.31372452,1261.5,11.47000027,-0.2806,16.60674667,UnevenCondition,HighCongestionCondition,EvenPaceStyle
0.599998474,32.39999771,27.34499909,24.57709137,0.899997711,0.2335,78.03921509,1390.0,17.23999977,-0.4126,16.49637794,UnevenCondition,NormalCongestionCondition,EvenPaceStyle
-0.099998474,36.0,27.95999905,21.16616843,3.600002289,0.1169,68.62744904,1536.5,17.37999916,-0.355,16.44230652,UnevenCondition,NormalCongestionCondition,EvenPaceStyle
0.099998474,39.59999847,28.25999905,22.68549011,3.599998474,-0.2882,67.05882263,1623.5,18.15999985,-0.5432,16.40173149,UnevenCondition,NormalCongestionCondition,EvenPaceStyle
-0.200000763,43.19999695,28.70999899,28.43786178,3.599998474,-0.1458,61.56863022,1735.5,18.73999977,-0.4447,16.30939484,UnevenCondition,NormalCongestionCondition,EvenPaceStyle
0.200000763,16.19999886,24.20999924,54.57752128,-5.399999619,0.5447,4.313725471,1082.0,10.15999985,-0.8767,19.68229675,FullOfHolesCondition,HighCongestionCondition,EvenPaceStyle
0.099998474,15.29999924,23.69999924,55.15321628,-0.899999619,0.754,16.86274529,881.5,5.409999847,-0.7616,19.60855865,FullOfHolesCondition,HighCongestionCondition,EvenPaceStyle
0.100002289,13.5,23.51999925,56.877555,-1.799999237,0.6426,39.2156868,769.5,5.829999924,-0.8247,19.59670639,FullOfHolesCondition,HighCongestionCondition,EvenPaceStyle
0.399997711,7.199999809,23.11499928,63.11112206,-6.300000191,0.2368,41.17647171,782.5,5.860000134,-0.4716,19.69706917,FullOfHolesCondition,HighCongestionCondition,EvenPaceStyle
3.100002289,5.399999619,22.97999927,66.84467293,-1.800000191,0.2713,39.60784531,793.0,5.880000114,-0.495,19.7561512,FullOfHolesCondition,HighCongestionCondition,EvenPaceStyle
0.5,9.899999619,4.679999781,69.43484064,9.899999619,-0.287,72.94117737,1332.0,18.29999924,-0.0546,19.82479858,FullOfHolesCondition,HighCongestionCondition,EvenPaceStyle
-0.099998474,10.79999924,4.499999793,65.18440061,0.899999619,-0.2171,0.0,1219.0,9.909999847,-0.0716,19.79528618,FullOfHolesCondition,HighCongestionCondition,EvenPaceStyle
-0.099998474,12.59999943,3.839999835,45.7956568,0.899999619,-0.2847,68.23529816,1059.5,9.020000458,0.0042,19.67733955,FullOfHolesCondition,HighCongestionCondition,EvenPaceStyle
0.0,15.29999924,3.689999835,40.90362309,2.699999809,-0.3781,66.27451324,1223.0,12.65999985,0.0068,19.65373802,FullOfHolesCondition,HighCongestionCondition,EvenPaceStyle
-1.299999237,16.19999886,3.494999854,34.92861562,0.899999619,-0.4066,40.0,1278.5,16.27000046,0.0133,19.57286644,FullOfHolesCondition,HighCongestionCondition,EvenPaceStyle
-1.699996948,19.79999924,3.55499986,36.69505639,3.600000381,-0.4236,55.29411697,1315.5,12.65999985,-0.0334,19.52200508,FullOfHolesCondition,HighCongestionCondition,EvenPaceStyle
-1.599998474,22.5,3.659999879,40.05701453,2.700000763,-0.4598,30.98039246,1388.0,13.57999992,-0.0425,19.53760147,FullOfHolesCondition,HighCongestionCondition,EvenPaceStyle
-0.399997711,23.39999962,3.944999886,48.6574299,0.899999619,-0.5823,67.45098114,1458.0,16.65999985,0.149,19.53574562,FullOfHolesCondition,HighCongestionCondition,EvenPaceStyle
-1.5,29.69999886,4.739999851,72.64921647,2.699998856,-0.5312,0.0,921.5,7.380000114,0.1258,19.36325645,FullOfHolesCondition,HighCongestionCondition,EvenPaceStyle
-0.200000763,28.79999924,5.129999844,82.29874141,-0.899999619,-0.4803,8.235294342,1162.0,14.72000027,0.1667,19.32420158,FullOfHolesCondition,HighCongestionCondition,EvenPaceStyle
0.900001526,29.69999886,5.534999832,92.36264737,0.899999619,-0.4858,85.49019623,1240.5,15.90999985,0.2795,19.28660774,FullOfHolesCondition,HighCongestionCondition,EvenPaceStyle
-0.200000763,31.5,6.059999832,102.9898933,1.800001144,-0.519,74.11764526,1333.0,15.18999958,0.1903,19.23576736,FullOfHolesCondition,HighCongestionCondition,EvenPaceStyle
-1.400001526,32.39999771,6.599999793,113.8301627,0.899997711,-0.3422,15.29411793,1276.5,16.57999992,0.098,19.24211693,FullOfHolesCondition,HighCongestionCondition,EvenPaceStyle
0.0,30.59999847,7.109999768,122.59006,-1.799999237,-0.2579,0.0,1247.0,15.72000027,0.0228,19.27095413,FullOfHolesCondition,HighCongestionCondition,EvenPaceStyle
0.299999237,29.69999886,7.604999749,130.133356,-0.899999619,-0.0893,2.745098114,1158.5,14.18999958,-0.1171,19.26926041,FullOfHolesCondition,HighCongestionCondition,EvenPaceStyle
-0.5,26.09999847,8.039999723,134.7583637,-3.600000381,-0.0921,5.882352829,1082.0,9.220000267,-0.094,19.19445992,FullOfHolesCondition,HighCongestionCondition,EvenPaceStyle
0.0,25.19999886,8.894999679,142.3428458,-0.899999619,0.0517,78.4313736,1027.5,11.43999958,-0.0186,19.04835892,FullOfHolesCondition,HighCongestionCondition,EvenPaceStyle
1.700000763,23.39999962,10.09499965,148.4658965,-0.899999619,0.3336,41.17647171,768.0,6.489999771,-0.3133,18.89942551,FullOfHolesCondition,HighCongestionCondition,EvenPaceStyle
2.900001526,20.69999886,10.43999963,148.5237862,-2.700000763,0.3081,46.27450943,848.0,5.860000134,-0.3623,18.81134605,FullOfHolesCondition,HighCongestionCondition,EvenPaceStyle
0.5,18.89999962,10.75499962,147.7886083,-1.799999237,0.3722,35.29411697,934.0,6.71999979,-0.3537,18.75005913,FullOfHolesCondition,HighCongestionCondition,EvenPaceStyle
1.399997711,13.5,11.29499962,144.8231849,-5.399999619,0.5562,38.4313736,770.5,5.489999771,-0.472,18.60424423,FullOfHolesCondition,HighCongestionCondition,EvenPaceStyle
1.899997711,6.299999714,11.96999961,136.3078889,-2.700000286,0.7081,40.0,787.0,5.769999981,-0.8097,18.58363342,FullOfHolesCondition,HighCongestionCondition,EvenPaceStyle
1.900001526,4.5,12.04499961,134.8194567,-1.799999714,0.7292,40.7843132,781.0,5.659999847,-0.9086,18.60957146,FullOfHolesCondition,HighCongestionCondition,EvenPaceStyle
1.100002289,18.89999962,23.68499932,136.3955282,-0.899999619,0.8494,5.882352829,1042.0,8.579999924,-0.7289,13.74420071,UnevenCondition,NormalCongestionCondition,EvenPaceStyle
2.0,17.10000038,23.50499934,136.7964093,-1.799999237,0.9486,14.11764717,940.5,6.409999847,-0.7398,13.71862602,UnevenCondition,NormalCongestionCondition,EvenPaceStyle
1.199996948,15.29999924,23.35499934,137.9038669,-1.800001144,1.1367,33.33333206,853.0,5.800000191,-0.766,13.69753647,UnevenCondition,NormalCongestionCondition,EvenPaceStyle
1.200000763,13.5,23.17499935,139.5019006,-1.799999237,1.0697,36.47058868,836.5,9.720000267,-0.7262,13.7119236,UnevenCondition,NormalCongestionCondition,EvenPaceStyle
0.099998474,14.39999962,22.73999934,141.7051459,0.899999619,0.751,72.54901886,1221.0,14.30000019,-0.5717,13.84217167,UnevenCondition,NormalCongestionCondition,EvenPaceStyle
-0.199996948,21.59999847,22.57499932,140.3988491,7.199998856,0.5996,73.72549438,1446.5,17.71999931,-0.4968,13.86583805,UnevenCondition,NormalCongestionCondition,EvenPaceStyle
-1.200000763,29.69999886,22.09499936,132.9065795,0.899999619,0.3583,0.0,948.5,22.77000046,-0.4945,13.92348957,UnevenCondition,NormalCongestionCondition,EvenPaceStyle
-2.399997711,28.79999924,21.38999928,112.2019251,-3.599998474,0.1687,75.29412079,1544.5,20.73999977,-0.4579,13.89190102,UnevenCondition,NormalCongestionCondition,EvenPaceStyle
-2.5,27.89999962,21.10499927,103.3896279,-0.899999619,0.1573,70.19608307,1675.5,20.61000061,-0.3543,13.88996983,UnevenCondition,NormalCongestionCondition,EvenPaceStyle
-1.600002289,26.09999847,20.80499927,94.75878097,-1.800001144,0.2158,61.96078491,1753.0,19.46999931,-0.2972,13.88063622,UnevenCondition,NormalCongestionCondition,EvenPaceStyle
-1.5,28.79999924,20.5949993,88.60827359,2.700000763,0.2408,58.03921509,1827.5,20.12999916,-0.2607,13.90989304,UnevenCondition,NormalCongestionCondition,EvenPaceStyle
-2.600002289,44.09999847,20.74499923,94.87776224,0.900001526,0.0721,0.0,1816.5,23.86000061,-0.1617,13.99689579,UnevenCondition,NormalCongestionCondition,EvenPaceStyle
-2.200000763,43.19999695,21.02999921,105.4912777,-0.900001526,0.0661,56.86274719,1781.5,17.86000061,-0.0391,13.92511272,UnevenCondition,NormalCongestionCondition,EvenPaceStyle
-2.0,45.89999771,21.50999913,120.915139,2.700000763,0.0456,27.45098114,1769.0,22.54999924,-0.094,13.88277435,UnevenCondition,NormalCongestionCondition,EvenPaceStyle
-1.799999237,44.09999847,22.16999911,138.7424595,-1.799999237,0.2601,36.86274719,1745.5,22.36000061,-0.1754,13.85494614,UnevenCondition,NormalCongestionCondition,EvenPaceStyle
-1.0,43.19999695,22.49999906,146.1020173,-0.900001526,0.3004,0.392156869,1674.5,21.73999977,-0.2997,13.92104626,UnevenCondition,NormalCongestionCondition,EvenPaceStyle
-0.799999237,42.29999924,22.99499906,150.8363989,-0.899997711,0.3997,0.0,1598.0,20.77000046,-0.3637,14.00025368,UnevenCondition,NormalCongestionCondition,EvenPaceStyle
-0.199996948,41.39999771,23.96999904,156.4526277,0.899997711,0.4649,58.03921509,1600.5,17.61000061,-0.3352,14.0756464,UnevenCondition,NormalCongestionCondition,EvenPaceStyle
0.100002289,42.29999924,24.41999904,160.6673736,0.900001526,0.6446,65.88235474,1613.0,16.52000046,-0.3537,14.14274693,UnevenCondition,NormalCongestionCondition,EvenPaceStyle
-0.400001526,44.09999847,24.85499902,166.3408057,1.799999237,0.6494,64.31372833,1674.0,17.90999985,-0.2817,14.20971298,UnevenCondition,NormalCongestionCondition,EvenPaceStyle
0.0,42.29999924,25.19999903,171.1982888,-1.799999237,0.741,62.74509811,1730.0,18.65999985,-0.2695,14.27605438,UnevenCondition,NormalCongestionCondition,EvenPaceStyle
1.299999237,43.19999695,25.82999899,181.1187284,0.899997711,0.5603,59.60784531,1787.0,19.12999916,-0.4935,14.43757534,UnevenCondition,NormalCongestionCondition,EvenPaceStyle
1.200000763,45.0,26.11499899,187.1921274,1.800003052,0.5345,56.07843399,1836.0,19.44000053,-0.5004,14.49784946,UnevenCondition,NormalCongestionCondition,EvenPaceStyle
1.0,45.89999771,26.39999897,193.6220163,0.899997711,0.5264,3.137254953,1905.0,19.54999924,-0.5332,14.49122047,UnevenCondition,NormalCongestionCondition,EvenPaceStyle
1.099998474,46.79999924,26.69999897,200.4864233,0.900001526,0.4956,0.0,1871.5,24.69000053,-0.5387,14.50695133,UnevenCondition,NormalCongestionCondition,EvenPaceStyle
0.599998474,45.89999771,27.01499893,206.6321258,-0.900001526,0.4108,36.86274719,1821.0,18.77000046,-0.4841,14.49566746,UnevenCondition,NormalCongestionCondition,EvenPaceStyle
2.799999237,44.09999847,28.63499893,207.6480601,-0.900001526,0.9175,24.70588303,1721.0,16.71999931,-0.2031,14.48557281,UnevenCondition,NormalCongestionCondition,EvenPaceStyle
-2.799999237,36.89999771,39.26999896,82.53670527,0.0,0.4088,66.66666412,1544.5,17.48999977,-0.313,14.21379089,UnevenCondition,NormalCongestionCondition,EvenPaceStyle
-1.599998474,38.70000076,39.01499898,78.7985776,1.800003052,0.4076,64.31372833,1624.0,18.15999985,-0.2903,14.16747379,UnevenCondition,NormalCongestionCondition,EvenPaceStyle
0.200000763,40.5,38.77499901,74.50054446,1.799999237,0.3372,63.52941132,1724.0,19.44000053,-0.2922,14.10731697,UnevenCondition,NormalCongestionCondition,EvenPaceStyle
0.599998474,45.0,38.38499905,67.18400277,0.900001526,0.708,0.0,1791.5,23.44000053,-0.3279,13.98295498,UnevenCondition,NormalCongestionCondition,EvenPaceStyle
1.399997711,25.19999886,35.50499916,26.94760084,-1.800001144,1.1875,35.29411697,769.0,5.360000134,-1.0871,13.66633987,UnevenCondition,NormalCongestionCondition,EvenPaceStyle
0.099998474,23.39999962,34.90499916,29.29980411,-1.799999237,1.413,36.07843018,599.5,5.159999847,-1.2556,13.60840225,UnevenCondition,NormalCongestionCondition,EvenPaceStyle
-0.599998474,12.59999943,34.40999916,36.5561683,-10.80000019,1.373,100.0,799.0,5.21999979,-1.301,13.60361767,UnevenCondition,NormalCongestionCondition,AggressiveStyle
-0.5,12.59999943,33.40499919,51.15607521,1.800000191,1.264,82.74510193,888.0,9.079999924,-1.2629,13.68267822,UnevenCondition,NormalCongestionCondition,AggressiveStyle
-0.700000763,15.29999924,33.01499917,56.08197319,2.699999809,1.2501,86.27451324,1074.5,12.40999985,-1.2665,13.69728088,UnevenCondition,NormalCongestionCondition,AggressiveStyle
-0.099998474,18.0,32.66999915,59.23433685,2.700000763,1.154,66.27451324,1289.0,16.15999985,-1.296,13.72019672,UnevenCondition,NormalCongestionCondition,AggressiveStyle
0.199996948,21.59999847,32.41499917,60.94197291,3.599998474,1.0784,61.56863022,1510.0,16.82999992,-1.422,13.73454475,UnevenCondition,NormalCongestionCondition,AggressiveStyle
-0.199996948,22.5,32.15999918,62.05057432,0.900001526,1.0355,49.41176605,1682.5,18.12999916,-1.4086,13.74650288,UnevenCondition,NormalCongestionCondition,AggressiveStyle
1.200000763,28.79999924,31.67999919,61.96637107,0.899999619,1.1413,30.98039246,765.5,5.630000114,-1.3076,13.68689251,UnevenCondition,NormalCongestionCondition,EvenPaceStyle
0.400001526,18.89999962,31.07999922,63.46738788,-8.100000381,1.4356,34.90196228,766.0,5.329999924,-1.5234,13.66387558,UnevenCondition,NormalCongestionCondition,EvenPaceStyle
0.600002289,7.199999809,30.14999928,78.07576099,-3.599999428,1.2742,34.11764908,769.0,5.360000134,-1.4508,13.78720379,UnevenCondition,NormalCongestionCondition,EvenPaceStyle
0.0,5.399999619,29.62499932,87.40563398,-1.800000191,0.9974,37.25490189,696.0,5.190000057,-1.3056,13.84681892,UnevenCondition,NormalCongestionCondition,EvenPaceStyle
0.199996948,4.5,29.1299993,97.50111621,-0.899999619,0.954,52.15686417,763.5,5.769999981,-1.269,13.89070606,UnevenCondition,NormalCongestionCondition,EvenPaceStyle
-0.200000763,9.899999619,26.63999937,142.0987079,3.599999905,1.0254,0.0,1231.0,16.29999924,-1.1291,13.9413414,UnevenCondition,NormalCongestionCondition,EvenPaceStyle
-1.100002289,12.59999943,26.05499937,148.4475973,0.899999619,1.148,80.78431702,924.0,7.239999771,-1.0508,13.86639309,UnevenCondition,NormalCongestionCondition,EvenPaceStyle
-2.0,13.5,25.72499938,150.1188513,0.900000572,1.1443,69.41176605,1095.5,11.35999966,-0.992,13.84777355,UnevenCondition,NormalCongestionCondition,EvenPaceStyle
-1.099998474,18.0,25.49999938,150.5135544,4.5,1.2093,38.4313736,1260.5,13.27000046,-0.9695,13.81304169,UnevenCondition,NormalCongestionCondition,EvenPaceStyle
-1.200000763,19.79999924,25.24499939,149.4360717,1.799999237,1.1632,0.0,1336.0,15.88000011,-1.0023,13.78737545,UnevenCondition,NormalCongestionCondition,EvenPaceStyle
-0.899997711,20.69999886,24.94499936,146.6262406,0.899999619,1.0573,64.31372833,1259.0,13.40999985,-0.9404,13.76286316,UnevenCondition,NormalCongestionCondition,EvenPaceStyle
0.599998474,49.5,52.0649985,96.70095863,0.0,2.019,0.0,1432.0,18.21999931,-1.2947,15.0507803,UnevenCondition,NormalCongestionCondition,EvenPaceStyle
1.099998474,41.39999771,53.3399985,58.97532272,-0.900001526,1.8968,34.11764908,788.5,5.690000057,-1.3911,14.78054619,UnevenCondition,NormalCongestionCondition,EvenPaceStyle
1.200004578,38.70000076,53.38499851,57.50977163,-2.699996948,1.9283,0.0,761.0,5.46999979,-1.4144,14.70972061,UnevenCondition,NormalCongestionCondition,EvenPaceStyle
1.900001526,36.89999771,53.32499854,59.32563533,-1.800003052,1.845,78.4313736,1235.5,15.73999977,-1.1344,14.69560528,UnevenCondition,NormalCongestionCondition,EvenPaceStyle
2.300003052,37.79999924,53.23499858,61.66502426,0.900001526,1.6598,74.90196228,1354.5,15.88000011,-1.1762,14.68908787,UnevenCondition,NormalCongestionCondition,EvenPaceStyle
2.0,36.89999771,53.12999859,64.46959198,-0.900001526,1.5479,67.84313965,1453.0,15.73999977,-1.155,14.6879034,UnevenCondition,NormalCongestionCondition,EvenPaceStyle
1.0,36.0,52.99499861,68.04251486,-0.899997711,1.774,62.35294342,1542.0,16.21999931,-0.93,14.67439175,UnevenCondition,NormalCongestionCondition,EvenPaceStyle
1.099998474,37.79999924,52.88999863,70.60362467,1.799999237,1.7374,28.62745094,1565.5,19.37999916,-0.8362,14.67638969,UnevenCondition,NormalCongestionCondition,EvenPaceStyle
-0.399993896,36.89999771,52.61999861,76.78433679,-0.900001526,1.6761,25.88235283,1491.0,15.23999977,-0.7541,14.67173481,UnevenCondition,NormalCongestionCondition,EvenPaceStyle
-0.800003052,36.0,52.42499866,81.01715779,-0.899997711,1.7505,58.4313736,1528.5,14.72000027,-0.7166,14.66440201,UnevenCondition,NormalCongestionCondition,EvenPaceStyle
1.0,30.59999847,49.82999865,116.0075547,-2.700000763,1.4622,2.352941275,1196.5,15.15999985,-0.9164,14.69452667,UnevenCondition,NormalCongestionCondition,EvenPaceStyle
1.0,27.89999962,48.79499865,125.6211553,-2.699998856,1.1206,94.90196228,1108.0,12.30000019,-0.7645,14.71432114,UnevenCondition,NormalCongestionCondition,EvenPaceStyle
-1.900001526,31.5,47.7599987,132.1498917,3.600000381,0.9173,76.07843018,1298.5,16.77000046,-0.7833,14.65560627,UnevenCondition,NormalCongestionCondition,EvenPaceStyle
-3.5,33.29999924,47.29499874,132.4123415,1.799999237,0.5756,71.76470947,1395.0,16.36000061,-0.8484,14.62003326,UnevenCondition,NormalCongestionCondition,EvenPaceStyle
-3.5,35.09999847,46.37999878,132.166367,3.599998474,0.4404,68.23529816,1562.5,17.21999931,-0.7869,14.56442261,UnevenCondition,NormalCongestionCondition,EvenPaceStyle
-3.200004578,38.70000076,46.0199988,129.7500951,3.600002289,0.2364,49.01960754,1604.5,19.79999924,-1.0158,14.54276276,UnevenCondition,NormalCongestionCondition,EvenPaceStyle
0.0,27.89999962,43.49999889,119.8708408,-4.499998093,0.4908,12.15686321,1024.5,7.079999924,-1.1986,14.34668827,UnevenCondition,NormalCongestionCondition,EvenPaceStyle
-2.499996185,27.0,41.60999893,113.9866707,2.700000763,0.6308,70.98039246,1120.0,12.40999985,-0.7905,14.29636765,UnevenCondition,NormalCongestionCondition,EvenPaceStyle
-3.200000763,33.29999924,39.97499895,93.85816914,1.799999237,0.2964,72.94117737,1320.5,16.86000061,-0.3863,14.28155613,UnevenCondition,NormalCongestionCondition,EvenPaceStyle
-2.799999237,36.89999771,39.59999895,87.47999212,3.599998474,0.3025,68.23529816,1451.0,16.69000053,-0.2174,14.254179,UnevenCondition,NormalCongestionCondition,EvenPaceStyle
0.199996948,44.09999847,29.18999894,35.75989445,0.900001526,-0.7644,56.07843399,1794.5,17.90999985,-0.5591,16.36662102,UnevenCondition,NormalCongestionCondition,EvenPaceStyle
1.0,46.79999924,29.92499892,47.87580091,2.700000763,-0.3146,68.62744904,1928.0,20.96999931,-0.5365,16.57001686,UnevenCondition,NormalCongestionCondition,EvenPaceStyle
2.200000763,47.69999695,30.19499887,53.11471495,0.899997711,-0.2957,19.6078434,837.5,20.57999992,-0.5464,16.57203102,UnevenCondition,NormalCongestionCondition,EvenPaceStyle
4.300003052,47.69999695,30.62999884,63.04178999,-0.900001526,-0.2915,81.5686264,1443.5,20.02000046,-0.6672,16.39001656,UnevenCondition,NormalCongestionCondition,EvenPaceStyle
3.999996185,51.29999924,30.91499882,69.98467988,3.600002289,-0.2892,79.60784149,1507.0,21.98999977,-0.4661,16.32003021,UnevenCondition,NormalCongestionCondition,EvenPaceStyle
4.299999237,54.0,31.30499884,78.86081637,2.700000763,-0.4454,77.64705658,1554.0,22.02000046,-0.3279,16.25442886,UnevenCondition,NormalCongestionCondition,EvenPaceStyle
2.799995422,56.69999695,32.17499882,97.60156146,2.699996948,-0.5457,75.6862793,1664.0,22.44000053,-0.3006,16.15174866,UnevenCondition,NormalCongestionCondition,EvenPaceStyle
1.300003052,61.19999695,36.07499882,146.8513936,0.899997711,-0.2933,58.4313736,1801.0,18.77000046,-0.3307,15.91166115,UnevenCondition,NormalCongestionCondition,EvenPaceStyle
0.300003052,60.29999924,38.05499875,163.0733577,-0.899997711,0.4142,63.52941132,1797.5,19.46999931,-0.5047,15.79673004,UnevenCondition,NormalCongestionCondition,EvenPaceStyle
-1.099998474,56.69999695,41.20499868,190.9153942,-3.600002289,0.768,58.4313736,1772.5,19.11000061,-0.247,15.59929562,UnevenCondition,NormalCongestionCondition,EvenPaceStyle
-0.899993896,59.39999771,41.77499866,191.8544446,2.700000763,0.7879,31.76470566,1804.5,18.62999916,-0.23,15.5534935,UnevenCondition,NormalCongestionCondition,EvenPaceStyle
-0.800003052,54.0,46.90499862,188.5814979,-2.699996948,1.6701,67.84313965,1646.0,19.90999985,-0.7222,15.44710445,UnevenCondition,NormalCongestionCondition,EvenPaceStyle
-0.599998474,54.89999771,47.36999858,182.7295918,0.899997711,1.6826,65.49019623,1680.0,18.44000053,-0.8635,15.38318348,UnevenCondition,NormalCongestionCondition,EvenPaceStyle
-2.599998474,54.0,47.83499861,175.5867192,-0.899997711,1.8995,17.25490189,1664.5,21.82999992,-0.924,15.34248352,UnevenCondition,NormalCongestionCondition,EvenPaceStyle
-2.300003052,50.39999771,48.25499859,166.8350583,-3.600002289,2.0695,26.27450943,1643.0,16.65999985,-0.9438,15.27645969,UnevenCondition,NormalCongestionCondition,EvenPaceStyle
-3.799999237,56.69999695,49.24499852,146.9282796,6.299999237,2.0761,0.0,1621.0,20.96999931,-0.8704,15.19867134,UnevenCondition,NormalCongestionCondition,EvenPaceStyle
-1.0,54.89999771,50.78999847,119.3409169,-2.700000763,1.995,23.13725471,1506.5,14.82999992,-1.1266,15.07217312,UnevenCondition,NormalCongestionCondition,EvenPaceStyle
0.599998474,49.5,51.82499847,101.4090266,-5.399997711,1.9536,23.92156982,1452.0,15.57999992,-1.2788,14.99303341,UnevenCondition,NormalCongestionCondition,EvenPaceStyle
-0.099998474,25.19999886,9.479999675,133.264669,3.600000381,-0.1304,0.0,1334.0,22.57999992,-0.3391,16.09209442,UnevenCondition,NormalCongestionCondition,EvenPaceStyle
-2.400001526,41.39999771,10.06499968,158.9382362,7.199996948,-0.1632,76.07843018,1831.0,25.37999916,-0.3125,16.11785698,UnevenCondition,NormalCongestionCondition,EvenPaceStyle
-4.400001526,46.79999924,11.30999963,209.73141,5.400001526,0.18,80.78431702,1229.5,11.48999977,-0.347,15.96437645,UnevenCondition,NormalCongestionCondition,EvenPaceStyle
-4.600002289,53.09999847,13.40999955,283.6290318,0.900001526,0.2014,22.35294151,1619.0,21.19000053,-0.33,15.89709091,UnevenCondition,NormalCongestionCondition,EvenPaceStyle
-3.699996948,52.19999695,19.58999937,410.9958048,0.899997711,0.5563,62.74509811,1567.0,16.54999924,-0.3669,15.67749691,UnevenCondition,NormalCongestionCondition,EvenPaceStyle
-3.099998474,53.09999847,20.47499935,422.7273043,0.900001526,0.562,67.05882263,1612.5,18.90999985,-0.3271,15.76015568,UnevenCondition,NormalCongestionCondition,EvenPaceStyle
-2.899997711,54.89999771,21.38999931,434.8564809,1.799999237,0.4939,70.58823395,1662.0,18.27000046,-0.2716,15.82744884,UnevenCondition,NormalCongestionCondition,EvenPaceStyle
-2.0,58.5,24.22499928,466.8974747,2.700000763,0.6449,29.80392265,1705.5,21.86000061,-0.4908,15.79173756,UnevenCondition,NormalCongestionCondition,EvenPaceStyle
-2.200000763,57.59999847,25.18499926,474.8931355,-0.900001526,0.8092,49.80392075,1708.5,15.68999958,-0.4764,15.71299934,UnevenCondition,NormalCongestionCondition,EvenPaceStyle
0.799999237,56.69999695,28.04999916,486.745905,-0.900001526,0.6953,56.86274719,1693.5,16.90999985,-0.317,15.50325012,UnevenCondition,NormalCongestionCondition,EvenPaceStyle
0.700000763,57.59999847,29.00999913,487.2730916,0.900001526,0.6693,58.4313736,1726.0,17.96999931,-0.4917,15.43355083,UnevenCondition,NormalCongestionCondition,EvenPaceStyle
0.600002289,59.39999771,30.97499909,485.2117115,0.899997711,0.6134,23.52941132,1765.0,17.40999985,-0.6442,15.2952404,UnevenCondition,NormalCongestionCondition,EvenPaceStyle
0.800003052,60.29999924,31.97999908,482.4982126,0.900001526,0.6937,0.0,1762.5,22.79999924,-0.6299,15.25964832,UnevenCondition,NormalCongestionCondition,EvenPaceStyle
0.099998474,49.5,41.05499889,312.9919958,-0.899997711,0.7153,38.4313736,1434.0,12.52000046,-1.008,15.10613537,UnevenCondition,NormalCongestionCondition,EvenPaceStyle
-0.699996948,0.0,24.85499934,86.54895234,-0.899999976,1.5574,34.90196228,759.0,5.239999771,-1.462,15.4244976,UnevenCondition,NormalCongestionCondition,EvenPaceStyle
0.300003052,13.5,12.11999964,230.6019519,6.300000191,0.5741,0.784313738,1773.5,17.23999977,-0.7079,15.62194347,UnevenCondition,NormalCongestionCondition,EvenPaceStyle
1.400001526,17.10000038,11.80499964,221.2560619,3.600000381,0.4234,87.84313965,1136.0,10.30000019,-0.5859,15.63247871,UnevenCondition,NormalCongestionCondition,EvenPaceStyle
1.099998474,21.59999847,11.14499964,198.2191137,5.399999619,0.341,70.98039246,1609.5,19.54999924,-0.3972,15.68787003,UnevenCondition,NormalCongestionCondition,EvenPaceStyle
0.900001526,25.19999886,10.90499964,187.7852162,3.600000381,0.2951,64.31372833,1841.0,20.96999931,-0.3863,15.71463776,UnevenCondition,NormalCongestionCondition,EvenPaceStyle
1.300003052,29.69999886,10.63499966,175.4128107,0.899999619,0.2445,0.0,1739.5,22.52000046,-0.4848,15.78159428,UnevenCondition,NormalCongestionCondition,AggressiveStyle
-1.5,21.59999847,10.07999964,154.4436497,-2.700000763,0.1205,16.86274529,1367.0,12.38000011,-0.468,15.87011051,UnevenCondition,NormalCongestionCondition,AggressiveStyle
-0.5,22.5,9.779999644,144.302633,0.900001526,-0.091,72.54901886,1667.0,21.15999985,-0.3541,16.01049995,UnevenCondition,NormalCongestionCondition,AggressiveStyle
0.0,20.69999886,40.1999987,45.35084492,-2.700000763,0.9039,34.11764908,763.0,5.21999979,-1.6258,14.79024982,UnevenCondition,NormalCongestionCondition,EvenPaceStyle
-0.200000763,19.79999924,39.79499871,51.97980221,-0.899999619,1.0191,35.29411697,761.0,5.190000057,-1.5859,14.75564384,UnevenCondition,NormalCongestionCondition,EvenPaceStyle
2.0,16.19999886,37.6349988,86.75213803,-0.900001526,0.9819,0.0,921.5,11.13000011,-1.5394,14.72429371,UnevenCondition,NormalCongestionCondition,EvenPaceStyle
2.599998474,15.29999924,37.1099988,93.50328163,-0.899999619,1.0248,69.80392456,987.5,8.659999847,-1.5053,14.75392628,UnevenCondition,NormalCongestionCondition,EvenPaceStyle
0.599998474,13.5,34.72499892,120.711727,-3.600000381,0.7778,80.78431702,1107.5,13.57999992,-1.437,14.98208809,UnevenCondition,NormalCongestionCondition,EvenPaceStyle
-1.0,16.19999886,34.27499895,125.104948,2.699998856,0.7689,67.05882263,1326.5,16.40999985,-1.2772,15.05096054,UnevenCondition,NormalCongestionCondition,EvenPaceStyle
-0.599998474,19.79999924,33.85499894,126.5272525,3.600000381,0.6938,22.35294151,1573.0,18.82999992,-1.1739,15.09753323,UnevenCondition,NormalCongestionCondition,EvenPaceStyle
0.099998474,26.09999847,33.53999891,125.3403963,6.299999237,0.7747,31.37254906,1343.5,14.43999958,-1.1289,15.12186241,UnevenCondition,NormalCongestionCondition,EvenPaceStyle
-1.900001526,27.0,32.96999893,122.1580567,-0.899999619,0.7278,67.45098114,1131.0,14.47000027,-0.8817,15.134202,UnevenCondition,NormalCongestionCondition,EvenPaceStyle
-0.299995422,27.89999962,32.69999895,120.419989,0.899999619,0.5792,78.4313736,1249.5,15.52000046,-0.7723,15.18425179,UnevenCondition,NormalCongestionCondition,EvenPaceStyle
-0.400001526,30.59999847,32.45999893,117.8719208,2.699998856,0.4753,74.90196228,1379.5,15.77000046,-0.7123,15.20319748,UnevenCondition,NormalCongestionCondition,EvenPaceStyle
-2.099998474,34.20000076,32.27999894,115.2250052,3.600002289,0.4903,68.23529816,1470.0,15.98999977,-0.6367,15.23446846,UnevenCondition,NormalCongestionCondition,EvenPaceStyle
0.5,31.5,31.10999912,97.45717852,-0.899997711,0.506,65.49019623,1254.5,12.47000027,-0.3608,15.68326187,UnevenCondition,NormalCongestionCondition,EvenPaceStyle
1.0,31.5,30.62999913,90.25229749,0.900001526,0.6743,48.23529434,1291.0,12.35999966,-0.5515,15.64736462,UnevenCondition,NormalCongestionCondition,EvenPaceStyle
0.600002289,32.39999771,30.41999909,86.76060205,0.899997711,0.624,9.019607544,1319.0,11.48999977,-0.6574,15.62125874,UnevenCondition,NormalCongestionCondition,EvenPaceStyle
2.399997711,31.5,30.04499915,81.16725644,-0.899997711,0.5753,5.882352829,1173.0,14.35999966,-0.8052,15.64528942,UnevenCondition,NormalCongestionCondition,EvenPaceStyle
2.199996948,28.79999924,29.77499914,77.32867973,-2.700000763,0.7684,9.019607544,1091.0,9.409999847,-0.7626,15.61567879,UnevenCondition,NormalCongestionCondition,EvenPaceStyle
2.400001526,27.0,29.47499914,73.4388487,-1.799999237,0.9112,11.76470566,1034.0,7.659999847,-0.8439,15.56703186,UnevenCondition,NormalCongestionCondition,EvenPaceStyle
1.5,24.29999924,28.79999917,65.45897685,-0.899999619,1.1568,16.86274529,783.0,5.110000134,-1.0441,15.45735645,UnevenCondition,NormalCongestionCondition,EvenPaceStyle
0.699996948,21.59999847,28.4399992,62.69124931,-2.700000763,1.2432,35.68627548,764.0,5.440000057,-1.2224,15.39992332,UnevenCondition,NormalCongestionCondition,EvenPaceStyle
-0.400001526,18.0,28.03499921,61.11586766,-3.599998474,1.3398,41.96078491,851.0,6.239999771,-1.327,15.38298225,UnevenCondition,NormalCongestionCondition,EvenPaceStyle
-0.800003052,15.29999924,27.59999924,60.64474124,-2.700000763,1.4317,37.64706039,734.5,5.159999847,-1.352,15.36955166,UnevenCondition,NormalCongestionCondition,EvenPaceStyle
-1.600002289,12.59999943,27.11999927,60.99619951,-2.699999809,1.5172,35.68627548,756.0,5.21999979,-1.4317,15.38451767,UnevenCondition,NormalCongestionCondition,EvenPaceStyle
-1.599998474,9.0,26.60999929,63.65684349,-3.599999428,1.6683,34.50980377,761.5,5.130000114,-1.4943,15.4244976,UnevenCondition,NormalCongestionCondition,EvenPaceStyle
1.0,43.19999695,29.90999883,194.1629327,0.0,0.8886,59.2156868,1811.0,19.32999992,-0.1542,14.538908,UnevenCondition,NormalCongestionCondition,EvenPaceStyle
1.299999237,45.0,30.58499883,186.615519,1.800003052,1.0794,50.98039246,1852.0,20.98999977,-0.2562,14.53181076,UnevenCondition,NormalCongestionCondition,EvenPaceStyle
0.799999237,44.09999847,32.50499882,163.0184375,-0.900001526,0.9661,31.37254906,1789.0,16.71999931,-0.2533,14.55590248,UnevenCondition,NormalCongestionCondition,EvenPaceStyle
0.900001526,45.0,33.7199988,146.1422952,0.900001526,1.149,46.27450943,1830.0,23.27000046,-0.277,14.5332613,UnevenCondition,NormalCongestionCondition,EvenPaceStyle
0.900001526,43.19999695,35.30999877,126.6995519,-1.800003052,1.1021,60.0,1787.0,17.02000046,-0.4434,14.52157021,UnevenCondition,NormalCongestionCondition,EvenPaceStyle
0.800003052,44.09999847,35.74499874,122.7381034,0.900001526,1.1562,51.76470566,1814.5,19.04999924,-0.4596,14.51014805,UnevenCondition,NormalCongestionCondition,EvenPaceStyle
0.900001526,43.19999695,36.1349987,119.2162049,-0.900001526,1.3393,43.92156982,1834.5,17.57999992,-0.3739,14.49223328,UnevenCondition,NormalCongestionCondition,EvenPaceStyle
2.5,43.19999695,36.86999868,112.0811116,0.899997711,1.3016,24.70588303,1776.0,23.27000046,-0.514,14.4993372,UnevenCondition,NormalCongestionCondition,EvenPaceStyle
2.399997711,42.29999924,37.57499866,104.8503739,-0.899997711,1.3338,43.52941132,1770.0,16.65999985,-0.5165,14.4711647,UnevenCondition,NormalCongestionCondition,EvenPaceStyle
1.899997711,41.39999771,37.93499864,99.61145885,-0.900001526,1.019,55.68627548,1791.0,18.32999992,-0.5678,14.46289921,UnevenCondition,NormalCongestionCondition,EvenPaceStyle
0.599998474,43.19999695,38.33999859,93.77328125,1.799999237,0.8093,27.84313774,1832.5,19.62999916,-0.7523,14.45955181,UnevenCondition,NormalCongestionCondition,EvenPaceStyle
1.099998474,45.0,38.80499859,86.65878286,1.800003052,0.913,0.0,1844.5,23.40999985,-0.8728,14.46667099,UnevenCondition,NormalCongestionCondition,EvenPaceStyle
1.200000763,45.0,39.83999856,66.85565761,-0.899997711,0.9905,45.09804153,1768.0,16.86000061,-0.8321,14.46703625,UnevenCondition,NormalCongestionCondition,EvenPaceStyle
1.699996948,43.19999695,40.33499851,55.03858249,-1.800003052,0.9311,43.13725662,1797.5,17.07999992,-0.771,14.46149731,UnevenCondition,NormalCongestionCondition,EvenPaceStyle
0.0,45.0,41.20499849,37.42726152,1.800003052,0.8309,55.68627548,1867.0,18.96999931,-0.6791,14.44748783,UnevenCondition,NormalCongestionCondition,EvenPaceStyle
1.299999237,46.79999924,41.92499851,27.30088981,1.799999237,0.9298,0.0,1832.0,23.98999977,-0.8985,14.47388744,UnevenCondition,NormalCongestionCondition,EvenPaceStyle
0.900001526,42.29999924,42.53999847,20.36989824,-0.899997711,0.5548,0.392156869,1703.0,22.21999931,-1.0358,14.53670406,UnevenCondition,NormalCongestionCondition,EvenPaceStyle
1.299995422,41.39999771,42.68999847,18.62633869,-0.900001526,0.6837,0.0,1637.5,21.19000053,-1.0422,14.55184364,UnevenCondition,NormalCongestionCondition,EvenPaceStyle
-0.900001526,32.39999771,42.86999849,9.801458055,-0.900001526,0.6251,2.745098114,1211.0,15.23999977,-1.4621,14.73297787,UnevenCondition,NormalCongestionCondition,EvenPaceStyle
-0.899997711,31.5,42.67499854,11.95207615,-0.899997711,0.4831,57.64706039,1155.5,12.07999992,-1.3632,14.76185036,UnevenCondition,NormalCongestionCondition,EvenPaceStyle
-0.600002289,27.0,41.11499869,29.55790497,-1.799999237,0.4539,34.11764908,727.0,5.860000134,-1.734,14.85820866,UnevenCondition,NormalCongestionCondition,EvenPaceStyle
-0.800003052,25.19999886,40.85999867,33.778371,-1.800001144,0.5161,34.50980377,758.5,5.579999924,-1.7047,14.82830811,UnevenCondition,NormalCongestionCondition,EvenPaceStyle
-0.799999237,23.39999962,40.5599987,38.84887895,-1.799999237,0.638,35.68627548,771.5,5.239999771,-1.6303,14.8041172,UnevenCondition,NormalCongestionCondition,EvenPaceStyle
1.700000763,50.39999771,33.16499899,510.102962,0.0,0.859,66.66666412,1533.5,15.35999966,-0.9632,12.27912617,UnevenCondition,NormalCongestionCondition,EvenPaceStyle
0.699996948,51.29999924,34.01999897,496.2910904,0.900001526,0.7651,66.27451324,1575.0,15.73999977,-1.2312,12.24773598,UnevenCondition,NormalCongestionCondition,EvenPaceStyle
-1.0,46.79999924,34.79999896,478.8243799,-4.5,0.5876,55.68627548,1618.5,14.88000011,-1.2245,12.20951557,UnevenCondition,NormalCongestionCondition,EvenPaceStyle
-4.400001526,54.89999771,41.06999885,338.7438138,0.899997711,0.4975,39.2156868,1526.0,16.44000053,-1.6747,12.14050198,UnevenCondition,NormalCongestionCondition,EvenPaceStyle
-4.5,50.39999771,41.87999881,313.414154,-4.5,0.6963,40.0,1549.5,12.38000011,-1.5671,12.09272861,UnevenCondition,NormalCongestionCondition,EvenPaceStyle
-3.400001526,48.59999847,46.78499859,136.6701033,-1.799999237,1.0173,4.313725471,1391.0,16.98999977,-1.5938,12.12991428,UnevenCondition,NormalCongestionCondition,EvenPaceStyle
-2.5,39.59999847,48.32999852,74.96755777,-4.5,1.47,32.54901886,760.0,4.550000191,-2.162,11.79233646,UnevenCondition,NormalCongestionCondition,EvenPaceStyle
-2.100002289,27.89999962,48.68999853,58.99820172,-7.199998856,1.8269,32.94117737,739.5,4.300000191,-2.1548,11.59051514,UnevenCondition,NormalCongestionCondition,EvenPaceStyle
-1.599998474,16.19999886,48.29999851,78.29999897,-4.5,2.0007,34.50980377,759.0,4.21999979,-2.4203,11.50402451,UnevenCondition,NormalCongestionCondition,EvenPaceStyle
-1.5,14.39999962,48.0149985,92.91180363,-1.799999237,2.0811,33.33333206,749.5,4.360000134,-2.5109,11.47794056,FullOfHolesCondition,LowCongestionCondition,EvenPaceStyle
-1.299999237,10.79999924,47.26499855,131.206038,-0.900000572,2.0317,91.76470947,904.5,10.43999958,-2.4109,11.45170593,FullOfHolesCondition,LowCongestionCondition,EvenPaceStyle
-0.699996948,11.69999981,46.84499858,150.6442057,0.900000572,2.0818,99.21569061,1160.0,14.52000046,-2.1331,11.45349503,FullOfHolesCondition,LowCongestionCondition,EvenPaceStyle
-2.099998474,16.19999886,46.45499859,165.5170868,4.499999046,2.1015,77.64705658,1467.5,16.69000053,-1.9155,11.45359135,FullOfHolesCondition,LowCongestionCondition,EvenPaceStyle
-2.899997711,26.09999847,45.82499863,182.7659677,5.399999619,1.9178,0.0,1388.5,19.29999924,-1.8609,11.44843388,FullOfHolesCondition,LowCongestionCondition,EvenPaceStyle
-2.299999237,28.79999924,45.55499862,187.5930182,2.700000763,1.9032,27.05882454,1128.0,15.63000011,-1.9192,11.43418694,FullOfHolesCondition,LowCongestionCondition,EvenPaceStyle
-2.0,25.19999886,45.20999864,194.4924333,-3.600000381,1.7858,75.6862793,1282.5,11.13000011,-1.9071,11.40690899,FullOfHolesCondition,LowCongestionCondition,EvenPaceStyle
-2.299999237,30.59999847,44.90999864,197.8239589,5.399999619,1.7511,27.05882454,1342.5,12.93999958,-1.927,11.38467216,FullOfHolesCondition,LowCongestionCondition,EvenPaceStyle
-0.099998474,31.5,43.75499865,205.9072563,-0.899997711,1.4362,1.176470637,1262.0,15.55000019,-1.6385,11.33686829,FullOfHolesCondition,LowCongestionCondition,EvenPaceStyle
1.299999237,29.69999886,43.01999871,208.5626376,-1.800001144,1.5096,3.921568632,1169.0,14.32999992,-1.2184,11.33225536,FullOfHolesCondition,LowCongestionCondition,EvenPaceStyle
0.399997711,29.69999886,42.17999872,209.8439932,0.899999619,1.4056,41.17647171,1087.0,9.630000114,-0.8805,11.30817127,FullOfHolesCondition,LowCongestionCondition,EvenPaceStyle
-0.5,28.79999924,41.32499876,209.2900362,-0.899999619,1.2482,82.35294342,1262.5,13.98999977,-0.5375,11.29668999,FullOfHolesCondition,LowCongestionCondition,EvenPaceStyle
-2.0,29.69999886,40.90499878,208.2777655,0.899999619,1.0577,77.64705658,1363.5,14.32999992,-0.2477,11.28732872,FullOfHolesCondition,LowCongestionCondition,EvenPaceStyle
-1.800003052,34.20000076,40.21499875,203.9687473,1.800003052,0.8933,55.68627548,1505.5,13.32999992,0.0138,11.35188484,FullOfHolesCondition,LowCongestionCondition,EvenPaceStyle
0.299999237,0.899999976,31.69499902,527.7380781,0.0,0.4024,38.4313736,670.5,4.300000191,-0.7519,12.71157742,UnevenCondition,NormalCongestionCondition,EvenPaceStyle
0.199996948,2.699999809,30.25499908,549.9238401,1.799999833,-0.0456,88.23529816,1029.0,13.97000027,-0.5487,12.78263283,UnevenCondition,NormalCongestionCondition,EvenPaceStyle
0.600002289,5.399999619,29.56499909,555.2707548,2.699999809,-0.0143,57.25490189,1812.5,17.02000046,-0.5678,12.80907154,UnevenCondition,NormalCongestionCondition,EvenPaceStyle
1.700000763,7.199999809,28.9049991,558.2709576,1.800000191,-0.1253,0.0,843.0,7.239999771,-0.502,12.80345535,UnevenCondition,NormalCongestionCondition,EvenPaceStyle
1.200000763,13.5,28.3049991,554.7380751,6.300000191,-0.2241,88.62744904,1091.5,14.32999992,-0.4161,12.82085037,UnevenCondition,NormalCongestionCondition,EvenPaceStyle
1.5,17.10000038,27.77999913,549.6046429,3.600000381,-0.2334,79.60784149,1374.5,16.12999916,-0.3338,12.83340931,UnevenCondition,NormalCongestionCondition,EvenPaceStyle
2.099998474,20.69999886,27.28499915,541.5327882,3.599998474,-0.2616,72.54901886,1669.5,17.82999992,-0.2479,12.84483814,UnevenCondition,NormalCongestionCondition,EvenPaceStyle
1.5,28.79999924,26.54999914,528.8475932,8.100000381,-0.1197,50.58823776,1826.5,18.27000046,-0.2241,12.86235142,UnevenCondition,NormalCongestionCondition,AggressiveStyle
-0.299999237,32.39999771,25.69499915,504.1062122,0.899997711,-0.0408,80.0,1456.5,16.40999985,-0.0558,12.8333025,UnevenCondition,NormalCongestionCondition,AggressiveStyle
-1.200000763,35.09999847,25.48499918,497.3534679,2.700000763,0.0218,75.6862793,1575.0,17.15999985,0.1064,12.82845211,UnevenCondition,NormalCongestionCondition,AggressiveStyle
-1.299999237,36.89999771,25.30499919,491.1645198,1.799999237,-0.1552,70.19608307,1663.5,17.23999977,0.1368,12.83127975,UnevenCondition,NormalCongestionCondition,AggressiveStyle
-0.900001526,41.39999771,25.09499915,483.3116372,1.799999237,-0.1933,70.19608307,1736.5,19.98999977,0.1748,12.84759235,UnevenCondition,NormalCongestionCondition,AggressiveStyle
-1.700000763,45.0,24.98999917,478.9259686,1.800003052,-0.1325,55.29411697,1920.0,19.23999977,0.1942,12.82637215,UnevenCondition,NormalCongestionCondition,AggressiveStyle
0.200000763,45.89999771,24.94499915,476.8865529,0.899997711,0.0491,0.0,1974.0,18.82999992,0.14,12.81868076,UnevenCondition,NormalCongestionCondition,AggressiveStyle
0.200000763,47.69999695,24.82499914,470.8239086,-0.900001526,0.2399,82.35294342,1467.5,17.12999916,-0.0667,12.88511086,UnevenCondition,NormalCongestionCondition,EvenPaceStyle
1.099998474,50.39999771,24.77999913,468.3575266,2.700000763,0.1494,75.29412079,1500.5,16.23999977,-0.0558,12.89765167,UnevenCondition,NormalCongestionCondition,EvenPaceStyle
0.300003052,52.19999695,24.6899991,463.165288,0.899997711,0.238,72.94117737,1581.5,16.61000061,-0.1992,12.91755009,UnevenCondition,NormalCongestionCondition,EvenPaceStyle
1.100002289,53.09999847,24.64499909,460.4394313,0.900001526,0.2761,62.74509811,1603.0,15.82999992,-0.2914,12.91334248,UnevenCondition,NormalCongestionCondition,EvenPaceStyle
2.0,54.89999771,24.58499912,456.6887211,0.899997711,0.2994,75.29412079,1621.0,16.36000061,-0.4557,12.85155678,UnevenCondition,NormalCongestionCondition,EvenPaceStyle
1.400001526,55.79999924,25.27499914,493.0920433,0.900001526,0.432,63.52941132,1669.5,16.65999985,-1.0186,12.5583334,UnevenCondition,NormalCongestionCondition,EvenPaceStyle
2.400001526,54.0,26.69999917,533.7396296,-1.799999237,0.2515,64.70588684,1601.0,15.32999992,-1.1313,12.4700079,UnevenCondition,NormalCongestionCondition,EvenPaceStyle
3.0,54.89999771,27.40499914,543.3431623,0.899997711,0.325,65.88235474,1617.5,16.07999992,-1.0405,12.4350462,UnevenCondition,NormalCongestionCondition,EvenPaceStyle
2.899997711,49.5,31.48499906,534.4487242,-1.799999237,0.8765,21.17647171,1443.0,14.38000011,-1.0245,12.34344578,UnevenCondition,NormalCongestionCondition,EvenPaceStyle
2.599998474,50.39999771,32.32499902,522.9934023,0.899997711,0.8741,64.31372833,1494.0,15.02000046,-1.0174,12.31059933,UnevenCondition,NormalCongestionCondition,EvenPaceStyle
0.700000763,47.69999695,36.29999916,251.3654127,-1.800003052,1.0936,43.92156982,1453.0,17.77000046,-0.6521,13.24066162,UnevenCondition,NormalCongestionCondition,EvenPaceStyle
1.0,46.79999924,36.02999914,243.053989,-0.899997711,1.1716,52.94117737,1418.5,12.32999992,-0.7504,13.15783596,UnevenCondition,NormalCongestionCondition,EvenPaceStyle
-0.599998474,47.69999695,35.75999913,235.3631074,0.899997711,0.9153,67.05882263,1460.5,15.22000027,-0.5101,13.07076263,UnevenCondition,NormalCongestionCondition,EvenPaceStyle
-0.5,48.59999847,35.72999914,234.5238197,0.900001526,1.1851,69.80392456,1484.0,15.10999966,-0.3142,13.03366947,UnevenCondition,NormalCongestionCondition,EvenPaceStyle
-2.099998474,50.39999771,35.75999913,235.3631074,0.899997711,1.1116,69.80392456,1549.0,15.97000027,-0.345,12.9955883,UnevenCondition,NormalCongestionCondition,EvenPaceStyle
-1.700000763,52.19999695,35.80499908,236.7421652,1.799999237,0.9931,68.62744904,1590.0,16.29999924,-0.3759,12.97075272,UnevenCondition,NormalCongestionCondition,EvenPaceStyle
-1.200000763,54.89999771,36.04499904,244.4119944,0.899997711,0.7301,62.35294342,1679.5,16.11000061,-0.5029,12.8758049,UnevenCondition,NormalCongestionCondition,EvenPaceStyle
-1.099998474,55.79999924,36.20999907,249.3527662,0.900001526,0.8458,25.88235283,1659.5,20.65999985,-0.5605,12.87382603,UnevenCondition,NormalCongestionCondition,EvenPaceStyle
-1.5,47.69999695,38.14499888,278.917076,-2.700000763,0.8257,26.27450943,1314.0,14.30000019,-0.9117,12.80024719,UnevenCondition,NormalCongestionCondition,EvenPaceStyle
-1.700000763,45.89999771,38.47499887,277.3666349,-1.799999237,1.0419,30.58823586,756.5,5.46999979,-1.0762,12.67525578,UnevenCondition,NormalCongestionCondition,EvenPaceStyle
-1.100002289,42.29999924,38.83499888,272.1277197,-3.599998474,1.2522,32.94117737,759.0,4.659999847,-1.2803,12.57487202,UnevenCondition,NormalCongestionCondition,EvenPaceStyle
-1.200000763,36.89999771,39.16499883,264.0734836,-5.400001526,1.3921,32.54901886,753.0,4.269999981,-1.396,12.5026722,UnevenCondition,NormalCongestionCondition,EvenPaceStyle
-1.899997711,19.79999924,39.77999882,229.9521211,-3.600000381,1.5024,33.33333206,748.0,4.190000057,-1.7891,12.45138741,UnevenCondition,NormalCongestionCondition,EvenPaceStyle
-2.300003052,12.59999943,39.98999881,215.6073424,-7.199999809,1.5772,34.50980377,749.5,4.329999924,-1.8405,12.4531374,UnevenCondition,NormalCongestionCondition,EvenPaceStyle
-2.100002289,9.0,40.13999881,204.7570038,-3.599999428,1.7238,34.11764908,758.5,4.360000134,-1.979,12.46456814,UnevenCondition,NormalCongestionCondition,EvenPaceStyle
-0.400001526,6.299999714,40.19999881,200.4040549,-2.700000286,1.8282,33.33333206,747.5,4.329999924,-1.9947,12.50832462,UnevenCondition,NormalCongestionCondition,AggressiveStyle
0.100002289,1.799999952,33.79499893,482.7167245,1.799999952,1.0229,31.37254906,760.0,5.409999847,-1.041,12.56510639,UnevenCondition,NormalCongestionCondition,EvenPaceStyle
0.600002289,0.899999976,32.39999897,513.4026801,-0.899999976,0.7163,38.4313736,752.5,4.360000134,-0.8887,12.67090416,UnevenCondition,NormalCongestionCondition,EvenPaceStyle
0.200000763,0.0,28.04999917,376.915399,0.0,1.0819,31.37254906,756.5,4.239999771,-1.1501,11.69711494,FullOfHolesCondition,LowCongestionCondition,EvenPaceStyle
-0.100002289,0.899999976,14.99999958,395.8199768,0.899999976,0.6176,79.21569061,693.0,5.019999981,-0.6872,11.75202274,FullOfHolesCondition,LowCongestionCondition,EvenPaceStyle
-0.200000763,4.5,14.27999964,379.037878,3.600000024,0.4335,68.23529816,803.0,11.97000027,-0.5922,11.78185749,FullOfHolesCondition,LowCongestionCondition,EvenPaceStyle
0.5,9.899999619,13.57499968,354.4859577,5.399999619,0.4182,0.0,1694.5,17.11000061,-0.5929,11.80875587,FullOfHolesCondition,LowCongestionCondition,EvenPaceStyle
-0.799999237,14.39999962,13.0049997,333.374705,4.5,0.3461,50.58823776,1222.5,12.15999985,-0.5364,11.82923985,FullOfHolesCondition,LowCongestionCondition,EvenPaceStyle
-0.600002289,15.29999924,12.44999971,311.6760878,0.899999619,0.3223,86.66667175,965.0,12.40999985,-0.4051,11.85457897,FullOfHolesCondition,LowCongestionCondition,EvenPaceStyle
-0.5,17.10000038,11.92499974,289.612742,1.800001144,0.2299,76.86274719,1240.0,15.72000027,-0.2037,11.87326622,FullOfHolesCondition,LowCongestionCondition,EvenPaceStyle
-0.900001526,24.29999924,11.11499974,253.20942,5.399999619,0.0595,70.58823395,1790.5,20.57999992,0.0054,11.91688728,FullOfHolesCondition,LowCongestionCondition,EvenPaceStyle
-1.0,28.79999924,10.82999976,237.9194136,4.5,0.0249,65.88235474,1969.5,19.48999977,0.07,11.93748951,FullOfHolesCondition,LowCongestionCondition,EvenPaceStyle
-0.799999237,31.5,10.60499976,225.3197949,2.700000763,0.0007,0.0,860.5,7.440000057,0.0335,11.91773224,FullOfHolesCondition,LowCongestionCondition,AggressiveStyle
-0.700000763,30.59999847,10.36499974,211.98637,-0.900001526,-0.0001,27.05882454,1258.0,9.079999924,0.1602,11.91827869,FullOfHolesCondition,LowCongestionCondition,AggressiveStyle
-1.200000763,29.69999886,10.13999977,199.9976861,-0.899999619,-0.0746,92.15686798,1279.0,15.98999977,0.29,11.93809319,FullOfHolesCondition,LowCongestionCondition,AggressiveStyle
1.399997711,31.5,9.959999782,190.1678563,1.800001144,-0.0364,79.60784149,1396.5,16.71999931,0.3392,11.9619751,FullOfHolesCondition,LowCongestionCondition,AggressiveStyle
2.100002289,34.20000076,9.854999795,184.3072552,2.700000763,-0.0344,78.8235321,1502.5,17.36000061,0.5522,11.9851656,FullOfHolesCondition,LowCongestionCondition,AggressiveStyle
1.899997711,35.09999847,9.764999769,179.1836606,0.899997711,0.1679,75.6862793,1630.0,17.96999931,0.6644,12.00614166,FullOfHolesCondition,LowCongestionCondition,AggressiveStyle
3.0,39.59999847,9.809999782,181.7887036,4.5,0.1596,68.62744904,1709.0,17.04999924,0.6584,12.02682114,FullOfHolesCondition,LowCongestionCondition,AggressiveStyle
3.899997711,41.39999771,9.884999782,186.2585762,1.799999237,0.0826,65.09803772,1760.0,17.02000046,0.6962,12.04782963,FullOfHolesCondition,LowCongestionCondition,AggressiveStyle
2.799999237,44.09999847,10.24499969,206.8408078,0.900001526,-0.0211,0.0,1683.5,22.52000046,0.6786,12.07976627,FullOfHolesCondition,LowCongestionCondition,EvenPaceStyle
-0.600002289,37.79999924,11.38499969,254.2802639,-1.799999237,0.984,51.76470566,1517.5,12.60999966,0.3766,12.16257763,FullOfHolesCondition,LowCongestionCondition,EvenPaceStyle
-0.5,38.70000076,12.28499969,277.7565357,0.900001526,1.1098,0.0,1528.5,18.37999916,0.063,12.19756222,FullOfHolesCondition,LowCongestionCondition,EvenPaceStyle
0.800003052,35.09999847,13.43999965,292.4200516,-2.700000763,1.384,19.6078434,1395.5,17.11000061,-0.3794,12.26484489,FullOfHolesCondition,LowCongestionCondition,EvenPaceStyle
0.0,34.20000076,14.00999966,296.3327644,-0.899997711,1.5854,29.80392265,765.5,6.130000114,-0.5747,12.21765614,FullOfHolesCondition,LowCongestionCondition,EvenPaceStyle
-1.099998474,37.79999924,42.20999877,20.6398948,1.799999237,0.3854,69.01960754,1490.5,15.65999985,-1.0321,12.20454884,FullOfHolesCondition,LowCongestionCondition,EvenPaceStyle
-0.299999237,38.70000076,42.02999884,21.06823358,0.900001526,0.3991,68.23529816,1631.0,16.29999924,-1.092,12.23460293,FullOfHolesCondition,LowCongestionCondition,EvenPaceStyle
0.5,40.5,41.95499884,20.95268256,1.799999237,0.4164,73.33333588,1663.5,16.71999931,-1.1524,12.23863411,FullOfHolesCondition,LowCongestionCondition,EvenPaceStyle
-0.899997711,39.59999847,41.86499882,20.88129263,-0.900001526,0.4553,69.41176605,1724.5,19.27000046,-1.0958,12.24904919,FullOfHolesCondition,LowCongestionCondition,EvenPaceStyle
0.199996948,44.09999847,41.84999879,20.79914841,4.5,0.4833,71.76470947,1802.5,19.82999992,-1.0181,12.25896072,FullOfHolesCondition,LowCongestionCondition,EvenPaceStyle
2.099998474,52.19999695,42.04499868,23.12183341,4.5,0.4375,44.31372452,2000.5,21.11000061,-0.9755,12.29311943,FullOfHolesCondition,LowCongestionCondition,EvenPaceStyle
2.0,48.59999847,42.0599987,23.30785912,-3.599998474,0.4922,0.392156869,1936.5,25.44000053,-1.0202,12.32125378,FullOfHolesCondition,LowCongestionCondition,EvenPaceStyle
1.0,45.0,42.05999877,23.44514787,-3.599998474,0.3262,46.27450943,1917.5,16.98999977,-0.948,12.57730484,FullOfHolesCondition,LowCongestionCondition,EvenPaceStyle
3.0,46.79999924,42.01499875,22.88569848,1.799999237,0.3381,3.921568632,1860.5,23.77000046,-0.9596,12.62808609,FullOfHolesCondition,LowCongestionCondition,EvenPaceStyle
1.900001526,45.89999771,41.93999875,21.94413084,-0.900001526,0.2111,52.15686417,1818.0,16.15999985,-1.0016,12.63148975,FullOfHolesCondition,LowCongestionCondition,EvenPaceStyle
1.0,45.0,41.87999878,21.34738527,-0.899997711,0.1837,25.88235283,1787.5,22.29999924,-1.042,12.62846375,FullOfHolesCondition,LowCongestionCondition,EvenPaceStyle
1.400001526,43.19999695,41.77499879,20.54630934,-1.800003052,0.3746,12.54901981,1703.5,14.05000019,-0.9978,12.56450176,FullOfHolesCondition,LowCongestionCondition,EvenPaceStyle
1.700000763,40.5,41.68499883,20.35959739,-1.799999237,0.5215,0.0,1554.5,19.96999931,-1.01,12.52247238,FullOfHolesCondition,LowCongestionCondition,EvenPaceStyle
3.399997711,36.89999771,41.6699988,20.49162305,-3.600002289,0.5891,27.84313774,741.5,7.159999847,-1.0794,12.36694431,FullOfHolesCondition,LowCongestionCondition,EvenPaceStyle
1.300003052,29.69999886,41.6099988,21.59175851,-1.800001144,1.2403,34.11764908,746.5,3.970000029,-1.4309,11.8137331,FullOfHolesCondition,LowCongestionCondition,AggressiveStyle
0.800003052,9.0,39.91499879,69.46298438,-4.5,1.9404,33.33333206,749.5,4.440000057,-1.7049,11.66680622,FullOfHolesCondition,LowCongestionCondition,AggressiveStyle
-0.5,49.5,34.96499893,84.42739309,2.700000763,0.5715,58.4313736,1476.5,16.52000046,-1.1626,12.16689491,FullOfHolesCondition,LowCongestionCondition,EvenPaceStyle
-1.399997711,50.39999771,35.26499893,88.26230761,0.899997711,0.6878,0.0,1437.5,16.77000046,-1.0381,12.17994404,FullOfHolesCondition,LowCongestionCondition,EvenPaceStyle
-1.900001526,45.0,36.3149989,95.49281572,-1.799999237,0.6306,15.68627453,1272.5,15.73999977,-0.9287,12.03256893,FullOfHolesCondition,LowCongestionCondition,EvenPaceStyle
-1.5,40.5,36.73499888,94.71484942,-2.699996948,0.8176,29.41176605,732.5,4.739999771,-0.9489,11.79863071,FullOfHolesCondition,LowCongestionCondition,EvenPaceStyle
-2.100002289,37.79999924,36.86999888,93.87670535,-2.700000763,1.2479,10.1960783,760.0,4.239999771,-0.7575,11.65699959,FullOfHolesCondition,LowCongestionCondition,EvenPaceStyle
-0.600002289,32.39999771,37.06499887,92.21620564,-5.400001526,1.0503,65.88235474,1323.5,12.97000027,-0.6041,11.61284447,FullOfHolesCondition,LowCongestionCondition,EvenPaceStyle
-1.299999237,31.5,37.0499989,92.37202728,-0.899997711,1.1872,70.19608307,1376.0,14.10999966,-0.528,11.59113312,FullOfHolesCondition,LowCongestionCondition,EvenPaceStyle
2.699996948,33.29999924,37.01999892,92.54501026,-0.900001526,1.0966,66.27451324,1517.0,15.77000046,-0.5765,11.60234356,FullOfHolesCondition,LowCongestionCondition,EvenPaceStyle
2.799999237,38.70000076,37.00499895,92.80929002,5.400001526,1.0928,68.23529816,1660.5,16.71999931,-0.4826,11.58228779,FullOfHolesCondition,LowCongestionCondition,EvenPaceStyle
2.400001526,40.5,37.06499899,93.01247657,1.799999237,0.9624,67.45098114,1743.0,17.46999931,-0.4473,11.57720661,FullOfHolesCondition,LowCongestionCondition,EvenPaceStyle
0.5,41.39999771,37.8149989,93.69891676,-0.900001526,1.1764,38.03921509,1653.0,13.13000011,-0.7863,11.59510612,FullOfHolesCondition,LowCongestionCondition,EvenPaceStyle
-1.200000763,39.59999847,38.44499885,84.40725625,-1.799999237,1.1177,0.0,1551.5,20.65999985,-0.9281,11.6744585,FullOfHolesCondition,LowCongestionCondition,EvenPaceStyle
0.199996948,36.0,39.61499885,54.2972245,-3.599998474,0.9845,65.49019623,1494.5,13.97000027,-0.9837,11.73890114,FullOfHolesCondition,LowCongestionCondition,EvenPaceStyle
0.700000763,38.70000076,39.98999888,44.87582611,2.700000763,0.921,68.62744904,1574.0,16.02000046,-1.0822,11.74862194,FullOfHolesCondition,LowCongestionCondition,EvenPaceStyle
1.100002289,42.29999924,40.37999887,37.27280972,3.599998474,0.762,69.80392456,1623.5,16.52000046,-0.9859,11.7549839,FullOfHolesCondition,LowCongestionCondition,EvenPaceStyle
1.400001526,41.39999771,40.63499886,33.76807221,-0.900001526,0.7388,69.41176605,1710.0,18.79999924,-1.038,11.76767349,FullOfHolesCondition,LowCongestionCondition,EvenPaceStyle
1.5,43.19999695,40.88999882,31.06464019,1.799999237,0.7593,63.52941132,1787.5,18.69000053,-1.0103,11.78627205,FullOfHolesCondition,LowCongestionCondition,EvenPaceStyle
2.0,45.89999771,41.45999877,25.61430174,1.799999237,0.6453,58.8235321,1912.0,18.79999924,-1.1924,11.8301363,FullOfHolesCondition,LowCongestionCondition,EvenPaceStyle
0.0,46.79999924,41.72999878,24.0245051,0.900001526,0.7162,19.6078434,1886.5,24.69000053,-1.2205,11.86446953,FullOfHolesCondition,LowCongestionCondition,EvenPaceStyle
1.300003052,45.89999771,42.22499879,20.93071643,-0.900001526,0.6234,23.13725471,1817.0,23.62999916,-1.4386,11.89903355,FullOfHolesCondition,LowCongestionCondition,EvenPaceStyle
0.700000763,44.09999847,42.59999873,18.46982719,-1.799999237,0.5949,43.52941132,1781.0,15.52000046,-1.4406,11.95789337,FullOfHolesCondition,LowCongestionCondition,EvenPaceStyle
-0.900001526,45.0,42.71999874,18.16230195,0.900001526,0.4717,21.56862831,1774.0,22.46999931,-1.249,11.99331188,FullOfHolesCondition,LowCongestionCondition,EvenPaceStyle
-2.299999237,44.09999847,42.79499874,18.0238697,-0.900001526,0.4792,0.0,1728.0,22.62999916,-1.2889,12.02421188,FullOfHolesCondition,LowCongestionCondition,EvenPaceStyle
-2.0,35.09999847,42.38999875,19.62396293,-1.799999237,0.3835,58.03921509,1433.0,14.72000027,-1.0305,12.16548538,FullOfHolesCondition,LowCongestionCondition,EvenPaceStyle
-2.700000763,36.0,42.28499877,20.304683,0.900001526,0.3159,67.05882263,1490.5,12.57999992,-1.1189,12.17873764,FullOfHolesCondition,LowCongestionCondition,EvenPaceStyle
-1.600002289,35.09999847,39.88499877,200.6463749,0.899997711,1.0259,50.19607925,1534.5,13.05000019,-0.1164,11.34493732,FullOfHolesCondition,LowCongestionCondition,EvenPaceStyle
-1.900001526,36.0,39.5699988,196.9800957,0.900001526,1.0386,9.8039217,1508.5,18.19000053,-0.3045,11.35656738,FullOfHolesCondition,LowCongestionCondition,EvenPaceStyle
-1.5,36.89999771,39.25499878,192.5353921,0.899997711,1.1187,21.17647171,1453.5,11.80000019,-0.341,11.34770298,FullOfHolesCondition,LowCongestionCondition,EvenPaceStyle
2.099998474,34.20000076,37.96499882,174.6165437,-1.799999237,1.3044,9.8039217,795.0,16.54999924,-0.4153,11.37500954,FullOfHolesCondition,LowCongestionCondition,EvenPaceStyle
2.700000763,32.39999771,37.58999882,170.1375191,-1.800003052,1.4015,30.19607925,744.0,6.440000057,-0.4825,11.3365736,FullOfHolesCondition,LowCongestionCondition,EvenPaceStyle
3.299999237,24.29999924,36.67499882,163.6920698,-5.399999619,1.5196,31.76470566,757.5,4.329999924,-0.6285,11.28436947,FullOfHolesCondition,LowCongestionCondition,EvenPaceStyle
4.200000763,17.10000038,35.59499884,167.9425083,-1.799999237,1.4924,0.0,757.0,4.239999771,-0.7916,11.25543022,FullOfHolesCondition,LowCongestionCondition,EvenPaceStyle
3.0,14.39999962,34.99499887,171.4753896,-2.700000763,1.1492,98.8235321,898.5,9.18999958,-0.7255,11.28501701,FullOfHolesCondition,LowCongestionCondition,EvenPaceStyle
3.200000763,12.59999943,34.3649989,175.5501017,-1.800000191,0.9854,88.62744904,1005.5,13.13000011,-0.5965,11.32135677,FullOfHolesCondition,LowCongestionCondition,EvenPaceStyle
1.599998474,18.89999962,33.3149989,176.5934909,2.700000763,0.9063,71.37255096,1567.5,16.86000061,-0.5374,11.38669586,FullOfHolesCondition,LowCongestionCondition,EvenPaceStyle
0.299999237,26.09999847,32.96999888,174.2726349,7.199998856,0.9873,68.23529816,1765.5,17.79999924,-0.6443,11.4237957,FullOfHolesCondition,LowCongestionCondition,EvenPaceStyle
-0.199996948,27.89999962,32.50499889,165.6543718,1.800001144,1.1732,0.0,930.0,6.96999979,-0.8391,11.40884018,FullOfHolesCondition,LowCongestionCondition,EvenPaceStyle
-1.100002289,30.59999847,31.1999989,139.1735494,2.699998856,1.1266,81.5686264,1262.5,14.97000027,-0.816,11.47460556,FullOfHolesCondition,LowCongestionCondition,EvenPaceStyle
-0.5,32.39999771,30.43499888,120.2778969,1.799999237,0.968,74.11764526,1486.5,15.98999977,-0.7315,11.50366402,FullOfHolesCondition,LowCongestionCondition,EvenPaceStyle
-0.700000763,31.5,30.11999892,113.4402621,-0.899997711,0.9838,71.37255096,1560.0,16.19000053,-0.6073,11.50823116,FullOfHolesCondition,LowCongestionCondition,EvenPaceStyle
0.5,37.79999924,29.609999,98.23514683,1.799999237,0.8029,66.27451324,1695.5,16.37999916,-0.2773,11.51168728,FullOfHolesCondition,LowCongestionCondition,EvenPaceStyle
0.800003052,44.09999847,29.03999899,78.58006282,0.900001526,0.1864,25.49019623,1817.0,16.40999985,-0.2604,11.51374912,FullOfHolesCondition,LowCongestionCondition,EvenPaceStyle
-1.299999237,42.29999924,29.18999899,81.39446942,-0.899997711,0.3224,64.31372833,1694.5,15.72000027,-0.4275,11.58153343,FullOfHolesCondition,LowCongestionCondition,EvenPaceStyle
-0.5,44.09999847,30.26999895,86.10619713,0.900001526,0.1421,61.17647171,1856.0,17.79999924,-0.6996,11.60957718,FullOfHolesCondition,LowCongestionCondition,EvenPaceStyle
1.200000763,45.89999771,33.35999897,71.63328525,0.899997711,0.4067,55.68627548,1953.0,19.82999992,-0.8843,11.98345757,FullOfHolesCondition,LowCongestionCondition,EvenPaceStyle
1.400001526,47.69999695,33.71999895,74.09348755,1.799999237,0.5341,0.0,853.5,7.909999847,-1.063,12.00151443,FullOfHolesCondition,LowCongestionCondition,EvenPaceStyle
0.5,32.8469162,14.55958188,57.57411878,0.0,-1.4031,67.05882263,1342.5,15.55000019,0.0804,25.36182976,UnevenCondition,NormalCongestionCondition,EvenPaceStyle
-2.300003052,34.62369156,15.68409201,61.59379441,1.77677536,-0.9404,32.94117737,1372.5,15.30000019,0.1195,25.07951355,UnevenCondition,NormalCongestionCondition,EvenPaceStyle
-3.600002289,29.30187607,17.4536056,69.49436122,-1.770940781,-0.1645,14.11764717,1053.0,8.43999958,0.0882,24.06471443,UnevenCondition,NormalCongestionCondition,EvenPaceStyle
-3.099998474,25.77207756,17.79314024,68.08742109,-3.529798508,-0.3152,42.35294342,831.0,6.269999981,0.1627,23.40226555,UnevenCondition,NormalCongestionCondition,EvenPaceStyle
-2.200000763,24.89277077,18.11801976,66.2311841,-0.879306793,-0.1661,41.5686264,806.5,6.659999847,0.1051,22.88658524,UnevenCondition,NormalCongestionCondition,EvenPaceStyle
-1.900001526,24.01499557,18.41010315,64.44210842,-0.877775192,0.1581,42.74509811,818.5,6.440000057,-0.0071,22.48950005,UnevenCondition,NormalCongestionCondition,EvenPaceStyle
0.600002289,20.52315712,18.65728744,61.71416567,-3.491838455,0.191,42.35294342,812.0,6.800000191,-0.0841,22.25385284,UnevenCondition,NormalCongestionCondition,EvenPaceStyle
2.100002289,16.2249794,18.83283544,58.93401313,-4.298177719,0.4046,42.74509811,820.5,6.630000114,-0.1554,22.11524963,UnevenCondition,NormalCongestionCondition,EvenPaceStyle
3.099998474,9.0,19.08847392,54.33369492,-3.88603878,0.3276,42.35294342,808.5,6.610000134,-0.4167,22.38921165,UnevenCondition,NormalCongestionCondition,EvenPaceStyle
0.799999237,6.03738308,15.816237,92.14944957,0.562896729,-0.0645,51.37255096,1119.5,15.72000027,0.2511,23.3511467,UnevenCondition,NormalCongestionCondition,EvenPaceStyle
1.200000763,8.297589302,15.53075885,94.30322973,1.268364429,0.0914,0.0,756.0,7.019999981,0.2123,23.36871719,UnevenCondition,NormalCongestionCondition,EvenPaceStyle
0.599998474,13.70839119,15.51689963,94.34268373,5.410801888,-0.0471,3.137254953,993.5,10.90999985,0.2245,23.39724922,UnevenCondition,NormalCongestionCondition,EvenPaceStyle
0.099998474,15.3792057,15.54474653,94.28678085,1.670814514,-0.0961,71.37255096,1073.5,11.77000046,0.2629,23.39091301,UnevenCondition,NormalCongestionCondition,EvenPaceStyle
0.400001526,17.93237114,15.6151462,94.32120769,2.553165436,-0.1926,67.05882263,1208.0,13.85999966,0.3086,23.4001236,UnevenCondition,NormalCongestionCondition,EvenPaceStyle
0.899997711,17.07629776,15.67127798,94.29256706,-0.85607338,-0.2106,58.03921509,1322.5,15.07999992,0.5759,23.40461731,UnevenCondition,NormalCongestionCondition,EvenPaceStyle
0.799999237,17.93237114,15.71383073,94.37593302,0.85607338,-0.1571,53.72549057,1426.5,14.97000027,0.5098,23.39326286,UnevenCondition,NormalCongestionCondition,EvenPaceStyle
2.400001526,21.3927536,15.82804422,94.88592409,3.460382462,-0.2126,25.49019623,1405.0,17.61000061,0.4446,23.42666817,UnevenCondition,NormalCongestionCondition,EvenPaceStyle
3.099998474,24.89277077,16.00059132,96.22022438,3.500017166,-0.1624,0.0,1256.5,16.32999992,0.3481,23.46427917,UnevenCondition,NormalCongestionCondition,EvenPaceStyle
4.000003815,20.52315712,16.10031153,96.5206221,-4.369613647,-0.2526,30.58823586,1159.0,15.22000027,0.4133,23.50947762,UnevenCondition,NormalCongestionCondition,EvenPaceStyle
3.000003815,18.79255104,16.18504752,96.53919937,-1.730606079,-0.3481,87.05882263,1391.5,19.46999931,0.4874,23.56417847,UnevenCondition,NormalCongestionCondition,EvenPaceStyle
3.599998474,21.3927536,16.34034731,96.68799104,2.60020256,-0.453,73.72549438,1638.5,24.11000061,0.5863,23.62796211,UnevenCondition,NormalCongestionCondition,EvenPaceStyle
3.899997711,29.30187607,16.82871192,100.396199,3.529798508,-0.54,0.0,1217.5,26.23999977,0.6117,23.67797089,UnevenCondition,NormalCongestionCondition,EvenPaceStyle
3.000003815,31.95950508,17.13289715,104.0174326,2.657629013,-0.5569,33.72549057,811.0,11.60999966,0.5687,23.43552971,UnevenCondition,NormalCongestionCondition,EvenPaceStyle
-0.5,33.7349968,18.04719746,114.8411563,1.775491714,-0.546,72.15686035,1414.0,19.15999985,0.6676,23.08159447,UnevenCondition,NormalCongestionCondition,EvenPaceStyle
-1.200004578,35.51295471,18.38275994,119.7763828,1.777957916,-0.5318,68.62744904,1506.5,20.21999931,0.6414,23.01249886,UnevenCondition,NormalCongestionCondition,EvenPaceStyle
-1.0,38.18376541,18.76283594,126.1219932,2.670810699,-0.5483,65.88235474,1577.0,19.61000061,0.5151,22.92684364,UnevenCondition,NormalCongestionCondition,EvenPaceStyle
-1.099998474,39.96648407,19.17262391,133.3774198,1.782718658,-0.545,28.23529434,1637.0,19.87999916,0.5292,22.83117294,UnevenCondition,NormalCongestionCondition,EvenPaceStyle
-2.699996948,40.8584137,19.56899251,141.1139014,0.891929626,-0.7819,29.80392265,1591.0,20.98999977,0.6255,22.76364517,UnevenCondition,NormalCongestionCondition,EvenPaceStyle
-1.699996948,39.96648407,19.76147101,146.8009157,-0.891929626,-0.687,47.05882263,1557.5,16.32999992,0.669,22.62211609,UnevenCondition,NormalCongestionCondition,EvenPaceStyle
-2.0,28.4177742,20.17666736,160.196003,-4.429141998,-0.3604,8.235294342,1057.5,8.409999847,0.2297,21.89710045,UnevenCondition,NormalCongestionCondition,EvenPaceStyle
-1.099998474,26.65276527,20.04381859,157.3513319,-1.765008926,-0.2257,36.07843018,796.0,6.690000057,0.0817,21.61165237,UnevenCondition,NormalCongestionCondition,EvenPaceStyle
0.199996948,25.77207756,19.92590462,155.1150509,-0.880687714,-0.0172,40.0,803.5,6.630000114,-0.0981,21.41384697,UnevenCondition,NormalCongestionCondition,EvenPaceStyle
3.199996948,20.52315712,19.64736114,151.6211958,-2.61577034,0.0918,41.17647171,808.5,6.409999847,-0.254,21.20842743,UnevenCondition,NormalCongestionCondition,EvenPaceStyle
2.799999237,12.07476616,19.2605132,151.6475651,-3.304439545,0.1479,42.35294342,803.5,6.380000114,-0.2607,21.20755196,UnevenCondition,NormalCongestionCondition,EvenPaceStyle
1.899997711,11.276968,19.04821274,152.2988804,-0.797798157,0.1766,40.7843132,804.5,6.519999981,-0.3366,21.23003387,FullOfHolesCondition,NormalCongestionCondition,EvenPaceStyle
2.0,9.734988213,18.86840993,153.6992355,-1.54197979,0.1703,42.74509811,807.5,6.409999847,-0.4293,21.2685833,FullOfHolesCondition,NormalCongestionCondition,EvenPaceStyle
1.900001526,9.0,18.7479936,155.2166555,-0.734988213,0.247,41.17647171,798.5,6.519999981,-0.5575,21.32815361,FullOfHolesCondition,NormalCongestionCondition,EvenPaceStyle
-0.5,7.029224873,18.53532684,158.7082724,-0.607527733,0.3615,41.17647171,800.5,6.46999979,-0.6457,21.55842209,FullOfHolesCondition,NormalCongestionCondition,EvenPaceStyle
-1.0,6.489992142,10.45320591,98.73136254,0.452609062,-0.9398,59.60784531,1488.5,11.13000011,0.6256,21.97273254,FullOfHolesCondition,NormalCongestionCondition,EvenPaceStyle
-0.800003052,7.029224873,9.900693778,84.25443297,0.539232731,-0.9063,20.0,1410.5,18.07999992,0.6438,22.0782814,FullOfHolesCondition,NormalCongestionCondition,EvenPaceStyle
0.199996948,12.88603878,8.949239813,55.43865838,4.588449478,-1.066,100.0,939.5,8.470000267,0.7587,22.11635017,FullOfHolesCondition,NormalCongestionCondition,EvenPaceStyle
-0.900001526,16.2249794,8.616688515,43.87534603,3.33894062,-1.1158,77.2549057,1071.5,14.43999958,0.8298,22.15572357,FullOfHolesCondition,NormalCongestionCondition,EvenPaceStyle
0.099998474,19.65629578,8.389264025,35.66076927,3.431316376,-1.1539,74.50980377,1335.0,17.48999977,0.9147,22.1917038,FullOfHolesCondition,NormalCongestionCondition,EvenPaceStyle
1.199996948,29.30187607,8.662346232,45.47416362,-0.885040283,-1.4797,79.21569061,1192.0,15.68999958,0.9912,21.86963081,FullOfHolesCondition,NormalCongestionCondition,EvenPaceStyle
-0.199996948,30.18691635,8.917651588,52.74452204,0.885040283,-1.5871,91.37255096,1321.0,17.40999985,0.9957,21.83273888,FullOfHolesCondition,NormalCongestionCondition,EvenPaceStyle
-1.699996948,32.8469162,9.275792105,62.48492526,2.659999847,-1.6055,69.80392456,1400.5,15.88000011,0.9696,21.76261139,FullOfHolesCondition,NormalCongestionCondition,EvenPaceStyle
-0.700004578,34.62369156,9.678321822,73.52200512,1.77677536,-1.6169,14.50980377,1371.5,17.52000046,0.9673,21.72243309,FullOfHolesCondition,NormalCongestionCondition,EvenPaceStyle
-2.099998474,33.7349968,10.09211507,83.50076578,-0.888694763,-1.6883,65.88235474,1358.0,15.72000027,0.9295,21.65947342,FullOfHolesCondition,NormalCongestionCondition,EvenPaceStyle
-2.700004578,34.62369156,10.53390286,93.8391043,0.888694763,-1.7584,60.7843132,1395.5,16.29999924,0.9766,21.59926796,FullOfHolesCondition,NormalCongestionCondition,EvenPaceStyle
-3.700004578,36.40274811,11.0298683,105.181854,1.779056549,-1.8466,59.2156868,1434.5,16.04999924,0.8394,21.53023338,FullOfHolesCondition,NormalCongestionCondition,EvenPaceStyle
-3.0,35.51295471,12.02740714,125.4183347,-0.889793396,-1.6121,54.50980377,1483.0,16.11000061,0.8648,21.38579941,FullOfHolesCondition,NormalCongestionCondition,EvenPaceStyle
-1.700004578,38.18376541,13.06238595,143.289572,4.448768616,-1.3278,16.07843208,1503.5,16.48999977,0.6554,21.31476021,FullOfHolesCondition,NormalCongestionCondition,EvenPaceStyle
-0.700004578,39.96648407,13.65835982,154.5968985,1.782718658,-1.2836,0.0,1433.5,18.96999931,0.5721,21.27998734,FullOfHolesCondition,NormalCongestionCondition,EvenPaceStyle
0.100002289,29.69999886,14.50499964,296.9292811,-4.500001907,1.6856,29.80392265,753.0,4.860000134,-0.7141,12.1765852,FullOfHolesCondition,LowCongestionCondition,EvenPaceStyle
0.099998474,27.0,14.95499964,295.8035187,-2.699998856,1.7113,31.37254906,748.5,4.239999771,-0.7136,12.14096928,FullOfHolesCondition,LowCongestionCondition,EvenPaceStyle
0.5,21.59999847,15.31499962,292.6294169,-5.400001526,1.785,32.54901886,756.0,4.190000057,-0.8515,12.13173103,FullOfHolesCondition,LowCongestionCondition,EvenPaceStyle
0.600002289,17.10000038,15.59999962,288.6254087,-4.499998093,1.9192,31.37254906,749.5,3.99000001,-0.9695,12.11371326,FullOfHolesCondition,LowCongestionCondition,EvenPaceStyle
1.200000763,14.39999962,15.83999962,284.4664937,-2.700000763,1.9284,7.450980663,792.5,5.96999979,-0.8784,12.1295929,FullOfHolesCondition,LowCongestionCondition,EvenPaceStyle
1.399997711,12.59999943,16.04999961,280.3469346,-1.800000191,1.8013,96.86274719,990.0,12.30000019,-0.9905,12.16331196,FullOfHolesCondition,LowCongestionCondition,AggressiveStyle
0.800003052,15.29999924,16.3049996,275.9241975,2.699999809,1.5382,88.62744904,1264.5,15.52000046,-1.01,12.21085739,SmoothCondition,LowCongestionCondition,AggressiveStyle
0.399993896,16.19999886,16.57499958,271.3442655,0.899999619,1.5141,76.07843018,1494.0,16.46999931,-0.8842,12.25316811,SmoothCondition,LowCongestionCondition,EvenPaceStyle
2.099998474,23.39999962,16.96499957,267.3226387,7.200000763,1.3976,69.80392456,1679.5,17.15999985,-0.9199,12.29292202,SmoothCondition,LowCongestionCondition,EvenPaceStyle
3.199996948,26.09999847,17.39999955,263.6664267,2.699998856,1.3125,63.92156982,1831.5,17.73999977,-0.9307,12.33260441,SmoothCondition,LowCongestionCondition,EvenPaceStyle
2.800003052,28.79999924,17.87999953,260.5033083,2.700000763,1.3425,25.88235283,1838.5,22.79999924,-0.8782,12.38700581,SmoothCondition,LowCongestionCondition,EvenPaceStyle
2.5,29.69999886,18.37499951,257.203588,0.899999619,1.2973,0.0,1699.0,21.57999992,-0.9202,12.44597149,SmoothCondition,LowCongestionCondition,AggressiveStyle
2.299999237,24.29999924,19.24499949,247.1211479,-3.600000381,0.8031,72.54901886,1726.0,14.38000011,-0.7577,12.46786785,SmoothCondition,LowCongestionCondition,AggressiveStyle
1.0,25.19999886,19.66499948,241.2653515,0.899999619,0.6273,64.31372833,1898.5,17.86000061,-0.6553,12.49425411,SmoothCondition,LowCongestionCondition,AggressiveStyle
1.199996948,28.79999924,20.14499946,235.8909789,3.600000381,0.3928,61.17647171,2071.0,20.37999916,-0.5656,12.52144146,SmoothCondition,LowCongestionCondition,AggressiveStyle
-0.099998474,34.20000076,22.33499936,214.4850132,1.800003052,0.3525,78.4313736,1478.5,18.69000053,-0.0643,12.64661598,SmoothCondition,LowCongestionCondition,AggressiveStyle
0.599998474,36.0,22.93499936,208.8287428,1.799999237,0.1117,76.86274719,1601.0,19.57999992,0.0877,12.66534996,SmoothCondition,LowCongestionCondition,AggressiveStyle
1.599998474,44.09999847,24.9599993,194.1766669,2.700000763,-0.2236,3.529411793,1740.0,22.40999985,0.0068,12.70405674,SmoothCondition,LowCongestionCondition,EvenPaceStyle
0.0,42.29999924,25.66499928,188.2080657,-1.799999237,-0.1763,12.54901981,1728.0,14.43999958,-0.1266,12.7008419,SmoothCondition,LowCongestionCondition,EvenPaceStyle
-0.699996948,41.39999771,26.35499925,180.7560656,-0.900001526,-0.0601,37.64706039,1677.5,16.04999924,-0.2493,12.79630184,SmoothCondition,LowCongestionCondition,EvenPaceStyle
-1.400001526,43.19999695,27.0749992,173.2656243,1.799999237,0.0442,2.352941275,1635.5,20.36000061,-0.3482,12.94656467,SmoothCondition,LowCongestionCondition,EvenPaceStyle
-0.5,39.59999847,27.73499917,163.056879,-3.599998474,0.1525,0.0,1565.5,19.57999992,-0.4825,13.08818054,SmoothCondition,LowCongestionCondition,EvenPaceStyle
-0.799995422,36.89999771,28.97999912,138.5456854,-0.900001526,0.6036,26.66666794,805.5,5.880000114,-0.6467,13.16576958,SmoothCondition,LowCongestionCondition,EvenPaceStyle
0.0,34.20000076,29.54999913,124.442534,-2.699996948,0.7319,29.41176605,746.0,4.769999981,-0.7482,13.09223175,SmoothCondition,LowCongestionCondition,EvenPaceStyle
-0.599998474,30.59999847,30.05999911,109.3966704,-3.600002289,0.7857,29.80392265,758.0,4.21999979,-0.7928,13.00687885,SmoothCondition,LowCongestionCondition,EvenPaceStyle
-1.099998474,27.0,30.49499911,94.95098477,-3.599998474,0.9987,32.94117737,742.5,3.970000029,-0.9356,12.94348717,SmoothCondition,LowCongestionCondition,AggressiveStyle
1.699996948,17.10000038,30.8849991,80.82129051,-3.599998474,1.2156,0.0,1088.5,5.21999979,-1.2628,12.93654442,SmoothCondition,LowCongestionCondition,AggressiveStyle
2.300003052,18.0,30.94499911,79.02556159,0.899999619,1.1398,99.21569061,1232.0,10.65999985,-1.2167,12.93245125,SmoothCondition,LowCongestionCondition,AggressiveStyle
1.800003052,17.10000038,30.97499913,78.12495089,-0.899999619,1.0398,78.4313736,1496.5,16.07999992,-1.1606,12.93391895,SmoothCondition,LowCongestionCondition,EvenPaceStyle
1.799995422,21.59999847,31.04999909,76.34592627,4.499998093,1.0233,73.33333588,1736.0,17.62999916,-1.178,12.93434334,SmoothCondition,LowCongestionCondition,EvenPaceStyle
0.5,27.0,31.13999909,74.85497744,5.400001526,1.2159,27.05882454,1617.0,15.88000011,-1.3632,12.93654537,SmoothCondition,LowCongestionCondition,AggressiveStyle
0.299995422,27.89999962,31.12499909,74.93986723,0.899999619,1.254,96.47058868,1229.5,7.630000114,-1.3857,12.90969467,SmoothCondition,LowCongestionCondition,AggressiveStyle
-0.300003052,33.29999924,31.12499909,75.15952817,2.700000763,1.1026,74.90196228,1438.5,15.85999966,-1.0694,12.91527367,SmoothCondition,LowCongestionCondition,EvenPaceStyle
-1.100006104,37.79999924,31.25999907,76.13633326,1.799999237,0.9175,73.72549438,1617.5,16.98999977,-0.9994,12.89881802,SmoothCondition,LowCongestionCondition,EvenPaceStyle
-0.399993896,40.5,31.31999911,76.65619843,-0.899997711,0.7447,55.29411697,1607.5,13.97000027,-0.699,12.8713932,SmoothCondition,LowCongestionCondition,EvenPaceStyle
-0.800003052,38.70000076,31.22999914,74.80280929,-1.799999237,0.7062,49.80392075,1611.0,14.13000011,-0.6067,12.85060883,SmoothCondition,LowCongestionCondition,EvenPaceStyle
-1.0,40.5,31.19999916,74.1813519,1.799999237,0.605,5.882352829,1562.0,19.27000046,-0.5936,12.85669613,SmoothCondition,LowCongestionCondition,EvenPaceStyle
-1.799995422,38.70000076,31.13999918,73.04277601,-1.799999237,0.6526,0.0,1491.5,17.90999985,-0.5547,12.86401176,SmoothCondition,LowCongestionCondition,EvenPaceStyle
-1.0,35.09999847,31.04999916,71.89779276,-1.799999237,0.4689,43.13725662,1379.0,16.27000046,-0.4206,12.87925434,SmoothCondition,LowCongestionCondition,EvenPaceStyle
-1.099998474,31.5,30.8099992,69.64260624,-2.700000763,0.7675,29.41176605,739.0,6.71999979,-0.8007,12.84360886,SmoothCondition,LowCongestionCondition,EvenPaceStyle
-0.399993896,20.69999886,30.37499919,71.65410616,-2.700000763,0.8344,12.94117641,745.0,3.940000057,-0.9478,12.72195816,SmoothCondition,LowCongestionCondition,EvenPaceStyle
1.099998474,17.10000038,30.2099992,74.42023283,-3.599998474,0.8529,98.8235321,772.5,5.610000134,-0.9649,12.71841145,SmoothCondition,LowCongestionCondition,EvenPaceStyle
1.800003052,12.59999943,30.05999921,78.39701215,-4.500000954,0.8851,88.62744904,932.0,11.63000011,-0.986,12.8034029,SmoothCondition,LowCongestionCondition,EvenPaceStyle
1.5,13.5,29.99999921,80.19457154,0.900000572,0.8501,72.94117737,1204.0,13.80000019,-1.0712,12.89685535,SmoothCondition,LowCongestionCondition,EvenPaceStyle
1.900001526,16.19999886,30.0599992,78.28718201,1.799999237,0.9893,7.058823586,1528.0,13.47000027,-1.1303,13.02567577,SmoothCondition,LowCongestionCondition,EvenPaceStyle
3.0,22.5,30.20999923,74.7497237,4.5,1.1401,0.0,1378.5,16.62999916,-1.2414,13.09049797,SmoothCondition,LowCongestionCondition,EvenPaceStyle
3.599998474,18.89999962,30.07499925,76.83444368,-3.600000381,1.2324,29.01960754,752.0,4.940000057,-1.4999,13.02967453,SmoothCondition,LowCongestionCondition,EvenPaceStyle
3.400001526,13.5,29.81999927,81.39721445,-5.399999619,1.2761,30.19607925,756.5,4.329999924,-1.5876,13.01441193,SmoothCondition,LowCongestionCondition,EvenPaceStyle
2.900001526,11.69999981,29.51999928,86.87043446,-1.800000191,1.3079,32.94117737,745.5,4.079999924,-1.5452,13.01703453,SmoothCondition,LowCongestionCondition,EvenPaceStyle
4.100006104,6.299999714,29.15999928,95.83260363,-5.400000095,1.2434,32.54901886,749.0,4.110000134,-1.519,13.09542942,SmoothCondition,LowCongestionCondition,EvenPaceStyle
2.300003052,5.399999619,22.07999953,194.3304315,5.399999619,1.745,31.76470566,816.0,4.659999847,-1.3125,13.37983322,SmoothCondition,LowCongestionCondition,EvenPaceStyle
2.699996948,4.5,21.43499958,191.5853568,-0.899999619,1.8155,43.52941132,734.5,4.130000114,-1.232,13.43299484,SmoothCondition,LowCongestionCondition,EvenPaceStyle
-0.35897824593764377,37.47805300018729,38.811063580731144,171.92088758076872,-0.00018182406055956946,0.0063,53.33333588,859.5,7.050000191,0.0086,16.344780882093918,UnevenCondition,NormalCongestionCondition,EvenPaceStyle
1.299999237,21.3927536,18.39707563,150.9133118,0.0,0.8448,35.29411697,929.0,6.610000134,-0.5986,17.32785416,UnevenCondition,HighCongestionCondition,EvenPaceStyle
-1.400001526,17.07629776,18.5916806,148.0412475,-4.316455841,0.8152,34.11764908,764.5,5.409999847,-0.6866,17.32387161,UnevenCondition,HighCongestionCondition,EvenPaceStyle
-2.0,16.2249794,18.77209693,145.1535835,-0.851318359,0.765,38.03921509,778.5,5.579999924,-0.827,17.33023453,UnevenCondition,HighCongestionCondition,EvenPaceStyle
-1.799999237,13.70839119,19.06290254,139.7442984,-0.831553459,0.1787,39.2156868,783.5,5.519999981,-0.8542,17.3422966,UnevenCondition,HighCongestionCondition,EvenPaceStyle
-1.700000763,9.0,19.19515235,136.5895994,-0.734988213,-0.0528,37.25490189,788.5,5.659999847,-0.7769,17.33621979,UnevenCondition,HighCongestionCondition,EvenPaceStyle
-2.399997711,7.029224873,19.22230611,135.8719607,-1.970775127,-0.1303,37.64706039,783.0,5.380000114,-0.7927,17.3075428,UnevenCondition,HighCongestionCondition,EvenPaceStyle
-4.5,6.489992142,19.2676264,134.6609013,-0.539232731,-0.1019,61.17647171,787.5,5.690000057,-0.5117,17.25006676,UnevenCondition,HighCongestionCondition,EvenPaceStyle
-2.599998474,6.03738308,19.296416,133.8750607,-0.452609062,0.0565,39.2156868,861.5,6.130000114,-0.5901,17.24021721,UnevenCondition,HighCongestionCondition,EvenPaceStyle
0.0,9.0,8.336852733,40.15157199,3.600000381,-0.4095,65.88235474,1316.0,15.63000011,0.3438,19.94066429,FullOfHolesCondition,HighCongestionCondition,EvenPaceStyle
-1.299995422,11.276968,8.124552274,36.08607751,2.276968002,-0.3174,12.54901981,1263.0,10.73999977,0.2177,19.87733269,FullOfHolesCondition,HighCongestionCondition,EvenPaceStyle
-3.099998474,12.88603878,7.909784961,31.1448759,1.609070778,-0.294,31.37254906,774.5,6.050000191,0.2323,19.78957367,FullOfHolesCondition,HighCongestionCondition,EvenPaceStyle
-2.900001526,12.07476616,7.681496437,25.97807306,-0.811272621,-0.3251,37.25490189,630.0,4.380000114,0.2187,19.70787048,FullOfHolesCondition,HighCongestionCondition,EvenPaceStyle
-3.700000763,11.276968,7.454566391,21.12399877,-0.797798157,-0.1358,98.4313736,762.5,10.38000011,0.2823,19.68083,FullOfHolesCondition,HighCongestionCondition,EvenPaceStyle
-4.599998474,12.07476616,7.255562568,16.79725775,0.797798157,-0.2725,75.6862793,917.0,8.18999958,0.3076,19.61898232,FullOfHolesCondition,HighCongestionCondition,EvenPaceStyle
-4.5,12.88603878,7.08468109,13.02893492,0.811272621,-0.3298,62.74509811,993.5,10.60999966,0.3372,19.56135941,FullOfHolesCondition,HighCongestionCondition,EvenPaceStyle
-4.299999237,13.70839119,6.956608383,10.28602712,0.822352409,-0.4682,87.05882263,1177.5,15.35999966,0.3952,19.59161568,FullOfHolesCondition,HighCongestionCondition,EvenPaceStyle
-4.299999237,18.79255104,6.970944715,10.61839726,0.860179901,-0.5822,70.19608307,1684.5,21.23999977,0.5119,19.55980682,FullOfHolesCondition,HighCongestionCondition,EvenPaceStyle
-0.799999237,29.30187607,7.497171712,23.51024775,4.409105301,-0.568,0.0,846.5,22.23999977,0.586,19.50069618,FullOfHolesCondition,HighCongestionCondition,EvenPaceStyle
0.299999237,30.18691635,8.233204683,39.72898215,0.885040283,-0.5832,55.29411697,1264.5,14.93999958,0.6495,19.21965981,FullOfHolesCondition,HighCongestionCondition,EvenPaceStyle
0.900001526,33.7349968,9.14811306,59.16968027,1.775491714,-0.7541,56.47058868,1309.5,12.77000046,0.7956,19.02295113,FullOfHolesCondition,HighCongestionCondition,EvenPaceStyle
0.299999237,34.62369156,9.635174592,69.69040924,0.888694763,-1.1332,21.96078491,1331.0,12.73999977,0.7881,18.92118263,FullOfHolesCondition,HighCongestionCondition,EvenPaceStyle
0.300003052,35.51295471,10.13705718,80.48040296,0.889263153,-1.1922,25.49019623,1269.0,16.37999916,0.7776,18.85000038,FullOfHolesCondition,HighCongestionCondition,EvenPaceStyle
0.299999237,37.29302979,10.66860768,92.31183309,1.780075073,-1.2094,66.66666412,1215.5,13.48999977,0.7358,18.80124474,FullOfHolesCondition,HighCongestionCondition,EvenPaceStyle
1.0,31.95950508,11.1112661,99.32517703,-5.333524704,-1.1437,58.03921509,1287.5,14.02000046,0.5666,18.74493217,FullOfHolesCondition,HighCongestionCondition,EvenPaceStyle
0.499996185,33.7349968,11.58351606,107.2206588,1.775491714,-1.1981,18.03921509,1332.0,13.10999966,0.5093,18.67796326,FullOfHolesCondition,HighCongestionCondition,EvenPaceStyle
-2.399997711,30.18691635,12.43928976,118.0826039,-1.77258873,-1.2484,0.0,1235.5,15.43999958,0.5946,18.60775375,FullOfHolesCondition,HighCongestionCondition,EvenPaceStyle
-2.400001526,28.4177742,12.82291934,121.4204015,-1.769142151,-1.163,2.745098114,1163.0,14.68999958,0.5173,18.572155,FullOfHolesCondition,HighCongestionCondition,EvenPaceStyle
-2.5,27.53470421,13.19183108,124.0165223,-0.883069992,-1.2775,6.666666985,1072.5,8.93999958,0.4452,18.49643326,FullOfHolesCondition,HighCongestionCondition,EvenPaceStyle
-1.0,29.30187607,13.59019569,127.2249842,1.76717186,-1.19,11.37254906,1006.0,6.989999771,0.4574,18.38224792,FullOfHolesCondition,HighCongestionCondition,EvenPaceStyle
-0.700000763,24.89277077,13.91507521,128.1459348,-4.409105301,-1.1066,30.19607925,795.0,5.239999771,0.4146,18.23643875,FullOfHolesCondition,HighCongestionCondition,EvenPaceStyle
-2.599998474,23.13892746,14.210724,128.2701458,-1.753843307,-0.8937,34.11764908,773.0,5.579999924,0.2976,18.11533546,FullOfHolesCondition,HighCongestionCondition,EvenPaceStyle
-3.900001526,22.26477051,14.49180352,127.9735095,-0.874156952,-0.7417,38.03921509,786.5,5.690000057,0.1925,18.00582886,FullOfHolesCondition,HighCongestionCondition,EvenPaceStyle
-2.099998474,19.65629578,15.01048797,126.3739703,-2.608474731,-0.4859,36.86274719,784.0,5.630000114,-0.0705,17.85878372,FullOfHolesCondition,HighCongestionCondition,EvenPaceStyle
-1.200000763,16.19999886,25.46964615,78.79266008,0.899999619,0.1085,72.94117737,1100.5,12.40999985,-0.2401,16.87320518,UnevenCondition,NormalCongestionCondition,EvenPaceStyle
-0.799999237,19.79999924,25.16804217,76.81154653,3.600000381,0.0382,60.7843132,1297.0,13.93999958,-0.1918,16.84287071,UnevenCondition,NormalCongestionCondition,EvenPaceStyle
-0.600002289,20.69999886,24.88195543,74.49928408,0.899999619,-0.0328,52.94117737,1440.0,15.07999992,-0.1066,16.81220818,UnevenCondition,NormalCongestionCondition,EvenPaceStyle
-0.100002289,26.09999847,24.43375231,69.47893408,4.5,-0.0356,0.0,1653.0,16.48999977,-0.0518,16.70350647,UnevenCondition,NormalCongestionCondition,EvenPaceStyle
-0.200000763,27.0,24.28697723,67.41906411,0.900001526,-0.0242,30.19607925,1124.0,8.380000114,-0.0436,16.58007431,UnevenCondition,NormalCongestionCondition,EvenPaceStyle
-0.199996948,26.09999847,24.08511835,65.19049427,-0.900001526,0.2561,34.50980377,766.0,5.440000057,-0.1154,16.22636414,UnevenCondition,NormalCongestionCondition,EvenPaceStyle
0.900001526,24.29999924,23.96834563,64.32079889,-1.799999237,0.1731,33.72549057,835.0,7.380000114,0.0037,16.18342018,UnevenCondition,NormalCongestionCondition,EvenPaceStyle
0.799999237,24.29999924,23.70376573,62.51832282,1.799999237,0.0322,72.15686035,1079.0,9.409999847,0.0485,16.04884148,UnevenCondition,NormalCongestionCondition,EvenPaceStyle
0.599998474,27.89999962,23.50499928,57.66353237,0.899999619,-0.1031,47.05882263,1154.0,9.329999924,0.0798,15.88055038,UnevenCondition,NormalCongestionCondition,EvenPaceStyle
0.200000763,25.19999886,23.68499927,56.16434576,1.799999237,0.3056,18.03921509,987.0,7.269999981,-0.1547,15.65917015,UnevenCondition,NormalCongestionCondition,EvenPaceStyle
1.0,24.29999924,24.22499925,48.14122757,-0.899999619,0.4477,40.39215851,825.5,4.96999979,-0.202,15.48497868,UnevenCondition,NormalCongestionCondition,EvenPaceStyle
1.300003052,21.59999847,24.47999922,42.74603302,-2.700000763,0.407,35.68627548,761.5,5.409999847,-0.191,15.42930603,UnevenCondition,NormalCongestionCondition,EvenPaceStyle
0.799999237,18.89999962,24.92999921,32.1062031,-1.799999237,0.3841,0.0,1185.5,10.57999992,-0.1967,15.41273689,UnevenCondition,NormalCongestionCondition,EvenPaceStyle
1.400001526,22.5,25.27499924,24.93953335,5.399999619,0.3763,69.01960754,1554.0,18.23999977,-0.1162,15.36607933,UnevenCondition,NormalCongestionCondition,EvenPaceStyle
0.400001526,23.39999962,25.42499924,22.97173686,0.899999619,0.1481,61.17647171,1738.0,18.86000061,-0.0326,15.33269501,UnevenCondition,NormalCongestionCondition,EvenPaceStyle
-0.200000763,27.89999962,25.61999925,21.59450795,4.5,0.1039,56.47058868,1892.5,20.02000046,-0.0485,15.2993679,UnevenCondition,NormalCongestionCondition,EvenPaceStyle
0.0,29.69999886,25.81499923,20.85383861,1.799999237,0.076,0.0,777.5,6.96999979,-0.0953,15.17244434,UnevenCondition,NormalCongestionCondition,EvenPaceStyle
0.0,32.39999771,26.05499919,21.70319421,2.699998856,-0.3375,74.90196228,1449.0,17.61000061,0.0369,15.07982159,UnevenCondition,NormalCongestionCondition,EvenPaceStyle
0.299999237,34.20000076,26.11499923,22.47383882,1.800003052,-0.5004,72.94117737,1539.0,18.86000061,0.0518,15.04962349,UnevenCondition,NormalCongestionCondition,EvenPaceStyle
-0.300003052,39.59999847,26.30999918,25.90260917,4.5,-0.7542,69.01960754,1732.0,19.19000053,0.1036,15.01672363,UnevenCondition,NormalCongestionCondition,EvenPaceStyle
0.099998474,40.5,26.42999919,28.47264345,0.900001526,-0.8915,67.45098114,1820.5,19.98999977,0.1608,14.97755718,UnevenCondition,NormalCongestionCondition,EvenPaceStyle
0.599998474,43.19999695,26.57999913,32.19315025,2.699996948,-0.872,63.52941132,1866.5,20.27000046,0.1097,14.92270947,UnevenCondition,NormalCongestionCondition,EvenPaceStyle
0.0,45.0,27.11999909,45.86704703,-0.899997711,-0.9973,36.47058868,853.5,7.079999924,0.2521,14.65483284,UnevenCondition,NormalCongestionCondition,AggressiveStyle
-5.099998474,16.2249794,8.440954359,18.05672542,0.845773697,-1.2201,55.29411697,1550.5,14.72000027,0.2165,19.25863647,UnevenCondition,NormalCongestionCondition,EvenPaceStyle
-6.300003052,21.3927536,8.707500259,20.67094398,5.1677742,-1.0405,62.35294342,1689.5,15.63000011,0.2476,19.26436234,UnevenCondition,NormalCongestionCondition,EvenPaceStyle
-6.700004578,23.13892746,9.003149056,23.92657174,1.746173859,-1.1511,65.49019623,1810.0,19.46999931,0.2604,19.24075127,UnevenCondition,NormalCongestionCondition,EvenPaceStyle
-5.200004578,28.4177742,9.726313265,34.10930517,2.64569664,-1.2832,62.74509811,1998.0,23.37999916,0.2373,19.13663673,UnevenCondition,NormalCongestionCondition,EvenPaceStyle
-2.799995422,31.07281685,10.15419355,41.32915827,2.655042648,-1.2371,0.0,2158.5,22.65999985,0.2082,19.0854969,UnevenCondition,NormalCongestionCondition,AggressiveStyle
-0.800003052,34.62369156,10.64125508,50.85323008,3.55087471,-1.3375,83.52941132,791.5,7.329999924,0.3137,18.8708744,UnevenCondition,NormalCongestionCondition,AggressiveStyle
0.5,33.7349968,11.60056657,67.77390696,-0.888694763,-0.9518,77.2549057,1461.0,20.57999992,0.2487,18.85947418,UnevenCondition,NormalCongestionCondition,AggressiveStyle
-0.599998474,35.51295471,12.10244915,76.55767151,1.777957916,-1.0107,78.03921509,1584.5,22.02000046,0.2421,18.87937737,UnevenCondition,NormalCongestionCondition,AggressiveStyle
-5.899997711,44.42938232,13.97951561,119.1652134,0.893192291,-1.3886,75.6862793,1948.0,27.07999992,0.5608,18.77661896,UnevenCondition,NormalCongestionCondition,AggressiveStyle
-4.299995422,48.89907837,14.70450025,138.0504949,4.469696045,-1.6404,76.86274719,2050.0,29.98999977,0.5464,18.75182724,UnevenCondition,NormalCongestionCondition,AggressiveStyle
-4.900001526,51.58342361,15.47422399,159.0324064,2.684345245,-1.7069,78.03921509,2176.5,30.98999977,0.6031,18.75500298,UnevenCondition,NormalCongestionCondition,AggressiveStyle
0.199996948,58.748703,19.65388494,270.2656999,4.479373932,-1.1625,75.6862793,1771.5,22.94000053,0.8984,18.6578331,UnevenCondition,NormalCongestionCondition,EvenPaceStyle
1.099998474,59.64494705,20.55309907,293.2460124,0.896244049,-1.1987,72.54901886,1805.0,20.15999985,0.7235,18.6185627,UnevenCondition,NormalCongestionCondition,EvenPaceStyle
3.5,61.43777084,23.32023712,356.4691373,0.896465302,-1.4689,68.62744904,1823.5,20.29999924,0.4561,18.50875854,UnevenCondition,NormalCongestionCondition,EvenPaceStyle
5.0,61.43777084,28.96884247,442.6373524,-0.896564484,-1.4377,60.7843132,1815.5,19.62999916,0.4613,18.21871567,UnevenCondition,NormalCongestionCondition,EvenPaceStyle
2.900001526,56.06068039,33.44447135,452.593948,-0.895881653,-0.9146,38.4313736,1642.5,16.65999985,0.0461,18.01254654,UnevenCondition,NormalCongestionCondition,EvenPaceStyle
-0.200004578,57.85256577,35.16302547,441.6966175,1.791885376,-0.8719,0.0,1712.0,22.32999992,-0.0836,17.96872902,UnevenCondition,NormalCongestionCondition,EvenPaceStyle
-7.400001526,48.00468826,39.80731913,387.0225814,-3.578735352,0.1635,0.392156869,1350.0,14.15999985,-0.5293,18.01650047,UnevenCondition,NormalCongestionCondition,EvenPaceStyle
-6.900001526,47.11050797,40.37772695,375.3117225,-0.894180298,0.292,58.4313736,1392.5,13.13000011,-0.5983,18.01010132,UnevenCondition,NormalCongestionCondition,EvenPaceStyle
-4.799999237,43.53619003,41.4303655,350.0666125,-2.680362701,0.2751,50.98039246,1414.0,14.27000046,-0.5821,18.03541756,UnevenCondition,NormalCongestionCondition,EvenPaceStyle
-3.399997711,46.21655273,41.97216819,337.1307942,2.680362701,0.2407,26.66666794,1383.0,13.48999977,-0.5817,17.98873138,UnevenCondition,NormalCongestionCondition,EvenPaceStyle
-1.600002289,48.00468826,42.54377314,323.8756463,1.788135529,0.2415,0.0,1384.0,17.12999916,-0.6221,17.97245216,UnevenCondition,NormalCongestionCondition,EvenPaceStyle
0.5,46.21655273,43.66968953,293.3522684,-0.893955231,0.7047,27.45098114,1343.5,16.71999931,-0.5749,17.8722744,UnevenCondition,NormalCongestionCondition,EvenPaceStyle
0.599998474,45.32284164,44.19659704,277.9013467,-0.89371109,0.6975,61.56863022,1298.0,13.38000011,-0.5477,17.76972008,UnevenCondition,NormalCongestionCondition,EvenPaceStyle
0.200000763,43.53619003,45.67775199,232.6294765,-1.786651611,0.8472,3.529411793,1279.5,15.88000011,-0.4535,17.45777321,UnevenCondition,NormalCongestionCondition,EvenPaceStyle
-0.299999237,37.29302979,46.92205343,186.1990621,-2.673454285,1.1399,19.6078434,1061.0,7.110000134,-0.3347,16.92528534,UnevenCondition,NormalCongestionCondition,EvenPaceStyle
0.099998474,35.51295471,47.60800829,156.0751433,-0.889793396,1.1126,28.23529434,821.0,5.489999771,-0.1871,16.56169128,UnevenCondition,NormalCongestionCondition,EvenPaceStyle
0.100002289,33.7349968,48.2354044,127.1182449,-1.777957916,0.713,63.13725662,1384.0,17.37999916,0.0965,16.51159286,UnevenCondition,NormalCongestionCondition,EvenPaceStyle
-0.100002289,34.62369156,48.45592003,117.9967737,0.888694763,0.5052,72.15686035,1488.5,18.15999985,0.2488,16.49795723,UnevenCondition,NormalCongestionCondition,EvenPaceStyle
0.200000763,36.40274811,48.67698371,109.5458701,1.779056549,0.4264,67.45098114,1613.5,18.02000046,0.2906,16.46684074,UnevenCondition,NormalCongestionCondition,EvenPaceStyle
0.0,34.62369156,48.82451061,103.9789963,-1.779056549,0.3232,66.66666412,1719.5,19.37999916,0.308,16.42575645,UnevenCondition,NormalCongestionCondition,EvenPaceStyle
-0.100002289,37.29302979,48.97243153,99.15234077,2.669338226,0.3892,66.27451324,1798.5,20.86000061,0.2309,16.39034081,UnevenCondition,NormalCongestionCondition,EvenPaceStyle
0.0,42.64328766,49.16527271,94.36302879,5.350257874,0.2843,25.88235283,1811.0,23.86000061,0.2018,16.36517334,UnevenCondition,NormalCongestionCondition,EvenPaceStyle
0.299999237,34.62369156,49.06035105,91.92489619,-1.779056549,0.0323,69.80392456,1403.5,15.60999966,0.1019,16.50309944,UnevenCondition,NormalCongestionCondition,EvenPaceStyle
0.400001526,37.29302979,48.420132,96.12425785,2.669338226,-0.202,1.960784316,1529.0,15.57999992,0.0885,16.51433563,UnevenCondition,NormalCongestionCondition,EvenPaceStyle
0.099998474,31.07281685,46.12678289,98.72470014,-2.662179947,0.6354,2.352941275,1170.0,14.72000027,-0.4652,16.72032928,UnevenCondition,NormalCongestionCondition,EvenPaceStyle
0.899997711,27.89999962,39.16499866,22.30909037,-0.899999619,0.1023,85.88235474,1104.5,11.85999966,-0.3595,12.30380058,FullOfHolesCondition,LowCongestionCondition,EvenPaceStyle
1.200000763,27.0,38.57999868,26.5094204,0.900001526,-0.0544,55.29411697,1214.5,12.15999985,-0.345,12.34113598,FullOfHolesCondition,LowCongestionCondition,EvenPaceStyle
1.799999237,27.89999962,38.32499873,28.01478477,0.899999619,-0.1193,0.0,1167.0,12.55000019,-0.3044,12.39763451,FullOfHolesCondition,LowCongestionCondition,EvenPaceStyle
1.600002289,28.79999924,37.39499884,33.20793684,0.899999619,-0.434,80.0,1248.5,13.82999992,-0.1572,12.77537251,FullOfHolesCondition,LowCongestionCondition,EvenPaceStyle
2.100002289,31.5,37.03499889,34.1250217,1.800001144,-0.5714,66.27451324,1413.5,14.60999966,-0.0516,12.86702633,FullOfHolesCondition,LowCongestionCondition,EvenPaceStyle
2.099998474,34.20000076,36.94499893,34.14149614,2.700000763,-0.7344,63.92156982,1472.0,14.80000019,0.0267,12.85804081,FullOfHolesCondition,LowCongestionCondition,EvenPaceStyle
1.599998474,38.70000076,36.95999889,34.15362362,3.600002289,-0.8086,7.843137264,1544.5,19.11000061,0.1091,12.8506031,FullOfHolesCondition,LowCongestionCondition,EvenPaceStyle
1.900001526,37.79999924,37.04999892,33.80491158,-0.900001526,-0.8002,0.0,1474.5,18.15999985,0.065,12.85003376,FullOfHolesCondition,LowCongestionCondition,EvenPaceStyle
2.0,36.0,37.10999896,33.45345372,-1.799999237,-0.8252,58.03921509,1451.5,12.63000011,0.1231,12.87398052,FullOfHolesCondition,LowCongestionCondition,EvenPaceStyle
0.0,29.69999886,36.52499901,32.98461489,-1.800001144,-0.5365,20.7843132,760.5,5.96999979,-0.0743,12.77688503,FullOfHolesCondition,LowCongestionCondition,EvenPaceStyle
0.099998474,25.19999886,35.92499901,33.8632587,-2.700000763,-0.3158,34.11764908,749.5,4.769999981,-0.3422,12.7062149,FullOfHolesCondition,LowCongestionCondition,EvenPaceStyle
-0.400001526,20.69999886,35.54999905,36.7520305,-4.5,-0.1935,34.90196228,759.5,4.440000057,-0.369,12.67091751,FullOfHolesCondition,LowCongestionCondition,EvenPaceStyle
-0.599998474,15.29999924,35.09999905,42.72406422,-5.399999619,-0.1228,32.94117737,752.0,4.21999979,-0.435,12.6458683,FullOfHolesCondition,LowCongestionCondition,EvenPaceStyle
1.099998474,2.699999809,29.14499924,173.9191176,2.699999809,-0.0514,88.23529816,725.5,6.329999924,-0.4274,12.86527348,FullOfHolesCondition,LowCongestionCondition,EvenPaceStyle
0.400001526,4.5,28.45499928,178.9713213,1.800000191,-0.1612,79.60784149,1215.0,12.77000046,-0.3272,12.91698742,FullOfHolesCondition,LowCongestionCondition,EvenPaceStyle
0.0,7.199999809,27.80999931,181.0473473,2.699999809,-0.1912,45.88235474,1601.5,14.27000046,-0.3229,12.9625206,FullOfHolesCondition,LowCongestionCondition,EvenPaceStyle
0.200000763,10.79999924,27.2399993,180.6126012,3.599999428,-0.1082,1.960784316,721.0,6.46999979,-0.2688,12.98498249,FullOfHolesCondition,LowCongestionCondition,EvenPaceStyle
-0.700000763,11.69999981,26.69999932,179.5911777,0.900000572,-0.175,99.21569061,989.0,10.22000027,-0.1771,13.02851772,FullOfHolesCondition,LowCongestionCondition,EvenPaceStyle
-0.900001526,12.59999943,26.17499934,177.5490171,0.899999619,-0.2567,78.4313736,1225.5,12.22000027,-0.0554,13.05702686,FullOfHolesCondition,LowCongestionCondition,EvenPaceStyle
-0.899997711,18.89999962,25.75499936,172.8208142,6.300000191,-0.3825,50.58823776,1357.0,11.30000019,0.0651,13.07791328,FullOfHolesCondition,LowCongestionCondition,EvenPaceStyle
-1.5,21.59999847,25.39499938,167.8235277,2.699998856,-0.5171,18.4313736,1369.0,15.05000019,0.2703,13.12533188,FullOfHolesCondition,LowCongestionCondition,EvenPaceStyle
-0.700000763,26.09999847,24.44999937,152.7788076,3.599998474,-0.5031,65.49019623,1836.5,17.90999985,0.5272,13.23092747,FullOfHolesCondition,LowCongestionCondition,EvenPaceStyle
-0.300003052,50.39999771,42.41999888,253.0073784,-0.900001526,0.026,0.0,1440.5,18.12999916,-0.1312,12.81280041,UnevenCondition,NormalCongestionCondition,EvenPaceStyle
-1.5,45.0,44.59499884,196.3336938,-1.799999237,-0.0952,57.25490189,1334.0,13.93999958,-0.3313,12.91336823,UnevenCondition,NormalCongestionCondition,EvenPaceStyle
-1.299999237,45.89999771,45.79499884,167.1370846,0.899997711,-0.0981,0.0,1339.0,16.46999931,-0.4543,12.81839466,UnevenCondition,NormalCongestionCondition,EvenPaceStyle
-0.699996948,45.0,46.16999884,157.8072126,-0.899997711,-0.3269,1.568627477,1307.0,16.23999977,-0.5967,12.80117416,UnevenCondition,NormalCongestionCondition,EvenPaceStyle
-0.399997711,43.19999695,46.5599988,146.0159929,-1.800003052,-0.3227,3.137254953,1257.0,15.65999985,-0.6253,12.79389286,UnevenCondition,NormalCongestionCondition,EvenPaceStyle
0.300003052,42.29999924,46.97999878,131.4341639,-0.899997711,-0.3546,7.843137264,1224.0,13.02000046,-0.697,12.78576183,UnevenCondition,NormalCongestionCondition,EvenPaceStyle
0.699996948,36.89999771,47.75999877,99.22819889,-3.600002289,-0.1996,23.52941132,739.5,4.989999771,-1.0034,12.63922977,UnevenCondition,NormalCongestionCondition,EvenPaceStyle
0.600002289,29.69999886,47.98499877,87.82298706,-7.199998856,-0.091,32.15686417,755.0,4.739999771,-1.1386,12.57486248,UnevenCondition,NormalCongestionCondition,EvenPaceStyle
0.599998474,20.69999886,48.01499875,86.10230985,-9.0,0.0302,34.90196228,755.5,4.46999979,-1.3264,12.54747868,UnevenCondition,NormalCongestionCondition,EvenPaceStyle
0.799999237,6.299999714,47.54999877,115.7110116,-7.200000286,0.113,34.90196228,761.5,4.269999981,-1.3382,12.65916157,UnevenCondition,NormalCongestionCondition,EvenPaceStyle
0.599998474,1.799999952,47.08499879,145.5663742,-4.499999762,0.2233,32.94117737,755.5,4.46999979,-1.311,12.71870041,UnevenCondition,NormalCongestionCondition,EvenPaceStyle
0.599998474,3.599999905,42.62999891,366.7505923,2.699999928,-0.3559,56.86274719,1008.5,5.130000114,-0.8417,12.77723122,UnevenCondition,NormalCongestionCondition,EvenPaceStyle
0.5,7.199999809,41.95499896,387.1275832,3.599999905,-0.3602,63.92156982,1800.0,13.57999992,-0.7488,12.85078621,UnevenCondition,NormalCongestionCondition,EvenPaceStyle
-0.5,22.5,39.04499902,423.9482608,6.300001144,-0.5744,71.37255096,1523.5,16.40999985,-0.1547,13.01349163,UnevenCondition,NormalCongestionCondition,EvenPaceStyle
-0.700000763,26.09999847,38.59499902,423.234363,3.599998474,-0.7171,63.92156982,1734.5,18.37999916,0.0635,13.01097679,UnevenCondition,NormalCongestionCondition,EvenPaceStyle
-0.599998474,31.5,37.06499896,408.7477164,-0.899997711,-1.2923,38.82352829,1314.5,13.52000046,0.5854,12.97616673,UnevenCondition,NormalCongestionCondition,AggressiveStyle
0.0,36.0,35.92499907,390.6201927,4.5,-1.3931,70.98039246,1507.5,15.72000027,0.7594,12.94688988,UnevenCondition,NormalCongestionCondition,AggressiveStyle
0.300003052,36.89999771,35.60999904,383.840218,0.899997711,-1.4368,69.01960754,1593.0,16.21999931,0.7703,12.93879032,UnevenCondition,NormalCongestionCondition,AggressiveStyle
0.400001526,38.70000076,35.33999909,377.6210665,1.800003052,-1.5158,69.41176605,1653.0,17.02000046,0.8019,12.93249035,UnevenCondition,NormalCongestionCondition,EvenPaceStyle
0.799999237,41.39999771,35.12999905,372.2970317,2.699996948,-1.5933,69.01960754,1731.5,17.61000061,0.8923,12.9270792,UnevenCondition,NormalCongestionCondition,EvenPaceStyle
0.5,43.19999695,34.96499903,367.8999213,1.799999237,-1.4157,65.09803772,1808.0,18.36000061,0.9188,12.92012119,UnevenCondition,NormalCongestionCondition,EvenPaceStyle
0.200000763,44.09999847,34.78499904,362.5456848,0.900001526,-1.3423,59.60784531,1877.0,17.90999985,0.8352,12.91414547,UnevenCondition,NormalCongestionCondition,EvenPaceStyle
5.299995422,17.10000038,30.22499921,62.63885256,-0.899999619,0.3433,34.11764908,749.5,4.269999981,-0.3725,13.80482197,SmoothCondition,LowCongestionCondition,AggressiveStyle
6.599998474,14.39999962,30.17999919,63.96162404,-2.700000763,0.5001,32.94117737,752.5,4.519999981,-0.5467,13.79519749,SmoothCondition,LowCongestionCondition,EvenPaceStyle
6.699996948,10.79999924,29.74499919,76.04183579,-0.900000572,0.6385,33.72549057,755.0,4.130000114,-0.5804,13.86540318,SmoothCondition,LowCongestionCondition,EvenPaceStyle
6.0,9.899999619,29.47499921,82.41749644,-0.899999619,0.5333,32.15686417,759.0,4.409999847,-0.5826,13.92613792,SmoothCondition,LowCongestionCondition,EvenPaceStyle
-0.799999237,28.79999924,24.22499937,147.6476636,2.700000763,-0.3996,8.235294342,1854.0,19.19000053,0.5499,13.2727499,FullOfHolesCondition,LowCongestionCondition,EvenPaceStyle
-0.899997711,29.69999886,24.02999939,143.1173848,0.899999619,-0.565,20.7843132,1716.5,23.48999977,0.673,13.32552814,FullOfHolesCondition,LowCongestionCondition,AggressiveStyle
-0.799999237,27.89999962,23.83499941,139.223665,-1.799999237,-0.7637,58.4313736,1817.5,15.13000011,0.6961,13.35962296,FullOfHolesCondition,LowCongestionCondition,AggressiveStyle
-0.600002289,30.59999847,23.53499944,133.0823101,2.699998856,-0.735,0.0,1961.5,20.27000046,0.7477,13.4387598,FullOfHolesCondition,LowCongestionCondition,AggressiveStyle
-0.5,32.39999771,23.4749994,131.7771568,1.799999237,-0.7336,32.54901886,1616.5,16.21999931,0.7386,13.4771328,FullOfHolesCondition,LowCongestionCondition,AggressiveStyle
0.200000763,31.5,23.3999994,130.2864366,-0.899997711,-0.6537,80.78431702,1362.0,16.44000053,0.6353,13.48403645,FullOfHolesCondition,LowCongestionCondition,AggressiveStyle
-0.600002289,35.09999847,23.42999939,130.944504,3.599998474,-0.6933,75.29412079,1467.0,16.71999931,0.6639,13.50027561,FullOfHolesCondition,LowCongestionCondition,EvenPaceStyle
-0.200000763,36.89999771,23.48999937,132.3649779,1.799999237,-0.5474,39.2156868,1567.5,16.87999916,0.5179,13.51276207,FullOfHolesCondition,LowCongestionCondition,EvenPaceStyle
1.400001526,32.39999771,24.49499926,149.8113228,-0.900001526,-0.2715,0.0,1266.5,15.57999992,0.2235,13.82252502,FullOfHolesCondition,LowCongestionCondition,EvenPaceStyle
1.5,31.5,24.55499926,150.4428484,-0.899997711,-0.2224,1.568627477,1201.5,14.85999966,-0.0376,13.88171673,FullOfHolesCondition,LowCongestionCondition,EvenPaceStyle
1.700000763,29.69999886,24.58499925,150.70095,-1.800001144,-0.3224,50.19607925,1186.0,10.30000019,-0.1516,13.91744518,FullOfHolesCondition,LowCongestionCondition,EvenPaceStyle
1.0,23.39999962,24.22499925,146.7141022,-4.5,-0.0228,33.72549057,747.5,4.690000057,-0.4338,13.87009239,FullOfHolesCondition,LowCongestionCondition,EvenPaceStyle
0.299999237,17.10000038,23.60999925,141.9659913,-2.699998856,-0.1048,0.0,759.5,4.329999924,-0.3236,13.79651451,FullOfHolesCondition,LowCongestionCondition,EvenPaceStyle
0.200000763,15.29999924,23.23499925,139.5806099,-1.800001144,-0.0562,88.62744904,1106.0,7.989999771,-0.2053,13.82069492,SmoothCondition,LowCongestionCondition,EvenPaceStyle
-0.200000763,16.19999886,22.90499923,137.5469148,0.899999619,-0.0019,74.50980377,1161.0,12.38000011,-0.2556,13.8544836,SmoothCondition,LowCongestionCondition,EvenPaceStyle
0.099998474,18.89999962,22.61999923,134.8297534,2.700000763,0.0617,45.88235474,1373.0,13.65999985,-0.2039,13.90462494,SmoothCondition,LowCongestionCondition,EvenPaceStyle
-0.199996948,22.5,22.39499923,131.7442022,3.600000381,0.0634,3.137254953,1453.5,12.73999977,-0.2545,13.93126011,SmoothCondition,LowCongestionCondition,EvenPaceStyle
-0.599998474,18.89999962,21.76499924,125.439931,-1.799999237,0.0546,9.019607544,1014.0,7.239999771,0.038,14.14531612,SmoothCondition,LowCongestionCondition,EvenPaceStyle
-1.0,19.79999924,21.28499928,124.1036596,2.699998856,0.124,74.11764526,1237.0,11.72000027,0.2963,14.71802235,SmoothCondition,LowCongestionCondition,EvenPaceStyle
-0.899997711,18.0,21.2399993,124.2787019,-1.799999237,-0.0444,84.31372833,1446.0,17.02000046,0.3235,14.83803177,SmoothCondition,LowCongestionCondition,EvenPaceStyle
-0.200000763,23.39999962,21.37499931,123.7412189,5.399999619,-0.0999,67.45098114,1585.0,15.05000019,0.3997,14.89051151,SmoothCondition,LowCongestionCondition,EvenPaceStyle
0.299999237,26.09999847,21.59999929,122.7630408,2.699998856,-0.0672,31.76470566,793.5,6.329999924,0.3394,14.86025715,SmoothCondition,LowCongestionCondition,EvenPaceStyle
0.100002289,25.19999886,21.82499928,121.2700325,-0.899999619,-0.1879,40.7843132,1007.0,12.30000019,0.409,14.88661194,SmoothCondition,LowCongestionCondition,EvenPaceStyle
1.799999237,27.89999962,22.39499926,116.3953889,2.700000763,-0.3811,86.27451324,1250.0,14.13000011,0.5471,14.89306736,SmoothCondition,LowCongestionCondition,EvenPaceStyle
2.0,33.29999924,23.26499923,109.4962027,2.700000763,-0.5451,76.47058868,1439.0,15.23999977,0.7731,14.86219788,SmoothCondition,LowCongestionCondition,EvenPaceStyle
2.399997711,35.09999847,23.84999921,102.3482963,1.799999237,-0.6542,70.98039246,1517.5,15.47000027,0.7952,14.82643604,SmoothCondition,LowCongestionCondition,EvenPaceStyle
0.800003052,34.20000076,28.25999915,53.7675211,0.900001526,-0.1647,76.07843018,1454.0,16.23999977,0.1036,14.63430119,SmoothCondition,LowCongestionCondition,EvenPaceStyle
1.400001526,36.0,28.1399992,51.64413206,1.799999237,-0.2914,10.1960783,1631.5,16.86000061,0.1903,14.79083347,SmoothCondition,LowCongestionCondition,EvenPaceStyle
1.700004578,38.70000076,28.21499926,52.9884129,0.900001526,-0.2879,69.41176605,1553.0,15.35999966,0.2704,14.82917404,SmoothCondition,LowCongestionCondition,EvenPaceStyle
0.300003052,38.70000076,28.37999929,55.50467614,0.900001526,-0.5243,68.62744904,1618.5,16.86000061,0.5022,14.77047729,SmoothCondition,LowCongestionCondition,EvenPaceStyle
-0.300003052,39.59999847,28.4999993,57.34982858,0.899997711,-0.6175,64.70588684,1679.0,16.44000053,0.5456,14.73179245,SmoothCondition,LowCongestionCondition,EvenPaceStyle
1.199996948,41.39999771,28.66499926,59.99010749,1.799999237,-0.7255,12.94117641,1650.5,20.61000061,0.6105,14.71316242,SmoothCondition,LowCongestionCondition,EvenPaceStyle
0.199996948,33.29999924,29.60999921,71.35413167,-9.0,-0.3845,34.50980377,744.0,5.190000057,0.324,14.58779621,SmoothCondition,LowCongestionCondition,EvenPaceStyle
0.700004578,31.5,29.74499922,70.74251316,-1.799999237,-0.3006,31.76470566,744.5,4.489999771,0.147,14.4664135,SmoothCondition,LowCongestionCondition,EvenPaceStyle
1.599998474,27.0,30.04499922,66.44997119,-0.899999619,-0.1349,36.47058868,754.5,4.360000134,0.1601,14.35610962,SmoothCondition,LowCongestionCondition,EvenPaceStyle
1.100006104,24.29999924,30.19499922,63.30149662,-2.700000763,0.0147,31.37254906,764.0,4.300000191,0.0806,14.26158333,SmoothCondition,LowCongestionCondition,EvenPaceStyle
2.799995422,20.69999886,30.28499921,61.445361,2.699998856,0.1322,33.33333206,756.5,4.610000134,-0.0513,14.02904892,SmoothCondition,LowCongestionCondition,AggressiveStyle
1.599998474,22.5,14.93999955,224.5814103,-3.599998474,-0.1374,38.4313736,785.5,6.050000191,-0.0522,20.4998703,UnevenCondition,NormalCongestionCondition,EvenPaceStyle
0.0,17.10000038,15.16499955,224.8456899,-3.599998474,-0.2478,37.64706039,795.0,6.050000191,-0.0473,20.27900696,UnevenCondition,NormalCongestionCondition,EvenPaceStyle
-2.299999237,5.399999619,15.58499953,218.0270463,-2.699999809,0.2678,38.82352829,796.5,6.110000134,-0.3156,20.54179573,UnevenCondition,NormalCongestionCondition,AggressiveStyle
-0.099998474,1.799999952,15.22499954,226.6157916,1.799999952,-1.0694,94.11764526,1138.5,7.159999847,0.5323,20.82992935,UnevenCondition,NormalCongestionCondition,EvenPaceStyle
1.299999237,6.299999714,15.20999953,226.8741221,4.499999762,-1.0695,52.54901886,1696.0,15.48999977,0.5235,20.94751358,UnevenCondition,NormalCongestionCondition,EvenPaceStyle
3.200000763,10.79999924,15.25499953,226.3448764,4.499999523,-1.0524,28.23529434,803.5,15.63000011,0.539,21.02739143,UnevenCondition,NormalCongestionCondition,EvenPaceStyle
2.799999237,12.59999943,15.32999953,225.5909357,1.800000191,-1.1554,97.2549057,955.0,6.96999979,0.6813,20.99361038,UnevenCondition,NormalCongestionCondition,EvenPaceStyle
2.900001526,14.39999962,15.50999953,224.0642916,0.899999619,-1.3503,66.66666412,1233.5,16.29999924,0.746,21.08315849,UnevenCondition,NormalCongestionCondition,EvenPaceStyle
3.100002289,16.19999886,15.56999952,223.925173,1.799999237,-1.3768,64.31372833,1459.5,16.77000046,0.8077,21.10574532,UnevenCondition,NormalCongestionCondition,EvenPaceStyle
8.599998474,23.39999962,15.67499951,224.9134187,7.200000763,-1.444,64.70588684,1605.5,18.46999931,0.8555,21.13003349,UnevenCondition,NormalCongestionCondition,EvenPaceStyle
10.70000458,27.0,15.77999953,226.6480546,3.600000381,-1.3295,0.0,1781.5,22.07999992,0.905,21.16360474,UnevenCondition,NormalCongestionCondition,EvenPaceStyle
11.40000153,28.79999924,15.86999952,228.5289019,1.799999237,-1.3266,21.17647171,1473.0,13.35999966,0.8634,21.09593773,UnevenCondition,NormalCongestionCondition,EvenPaceStyle
10.39999771,29.69999886,16.00499953,231.1957238,0.899999619,-1.3694,88.23529816,796.0,8.520000458,0.9345,20.90829849,UnevenCondition,NormalCongestionCondition,EvenPaceStyle
9.800003052,31.5,16.21499957,235.6548432,2.700000763,-1.6719,78.8235321,1364.5,18.48999977,0.9544,20.82904434,UnevenCondition,NormalCongestionCondition,EvenPaceStyle
4.099998474,36.0,16.40999961,241.9666667,1.799999237,-1.7025,25.88235283,1490.0,18.23999977,0.9231,20.74777603,UnevenCondition,NormalCongestionCondition,EvenPaceStyle
-2.099998474,36.89999771,16.49999957,245.2149024,0.899997711,-1.723,34.90196228,1448.5,15.43999958,0.86,20.67973709,UnevenCondition,NormalCongestionCondition,EvenPaceStyle
-5.300003052,36.0,16.52999956,246.348902,-0.899997711,-1.7863,59.60784531,1471.5,15.85999966,0.9417,20.61288643,UnevenCondition,NormalCongestionCondition,EvenPaceStyle
-0.299999237,27.0,16.01999978,224.982302,-4.5,-0.8729,28.23529434,786.5,5.940000057,-0.151,19.84326935,UnevenCondition,NormalCongestionCondition,EvenPaceStyle
-0.200000763,19.79999924,15.71999978,218.7402683,-2.700000763,-0.7218,34.11764908,784.0,5.71999979,-0.3364,19.58452797,UnevenCondition,NormalCongestionCondition,EvenPaceStyle
-0.5,15.29999924,15.53999979,216.8841332,-4.5,-0.5871,35.68627548,792.5,5.829999924,-0.4473,19.56835175,UnevenCondition,NormalCongestionCondition,EvenPaceStyle
0.099998474,8.099999428,15.13499979,216.7640063,-2.699999809,-0.2142,35.68627548,791.5,5.659999847,-0.5899,19.65493774,UnevenCondition,NormalCongestionCondition,EvenPaceStyle
-1.299999237,3.599999905,14.62499979,222.012074,-0.900000095,-0.0106,33.72549057,791.5,5.630000114,-0.5633,19.92193413,UnevenCondition,NormalCongestionCondition,EvenPaceStyle
-0.100002289,3.599999905,14.81999979,215.7748455,0.900000095,-0.5206,0.0,789.5,7.21999979,0.1326,20.754179,UnevenCondition,NormalCongestionCondition,EvenPaceStyle
0.0,11.69999981,14.98499979,213.0389218,8.099999905,-0.6731,61.96078491,853.5,11.15999985,0.2344,20.78986359,UnevenCondition,NormalCongestionCondition,EvenPaceStyle
-1.700000763,12.59999943,15.08999978,211.8456591,0.899999619,-0.6904,70.19608307,1031.5,10.27000046,0.2093,20.7926712,UnevenCondition,NormalCongestionCondition,EvenPaceStyle
-1.299999237,13.5,15.13499979,211.574515,0.900000572,-0.7672,64.70588684,1189.0,13.10999966,0.2076,20.80437279,UnevenCondition,NormalCongestionCondition,EvenPaceStyle
-0.599998474,14.39999962,15.1649998,211.473837,0.899999619,-0.7804,72.15686035,1364.0,15.23999977,0.2044,20.82178116,UnevenCondition,NormalCongestionCondition,EvenPaceStyle
-0.299999237,20.69999886,15.28499978,211.9314639,6.299999237,-0.8269,58.8235321,1511.5,16.11000061,0.3696,20.82989502,UnevenCondition,NormalCongestionCondition,EvenPaceStyle
1.099998474,23.39999962,15.43499978,213.0114639,2.700000763,-0.9363,56.07843399,1654.0,17.87999916,0.4017,20.84079742,UnevenCondition,NormalCongestionCondition,EvenPaceStyle
0.800003052,24.29999924,15.55499976,213.924887,-0.899999619,-1.073,65.49019623,1663.5,15.97000027,0.4401,20.87642097,UnevenCondition,NormalCongestionCondition,EvenPaceStyle
2.899997711,18.89999962,15.11999978,205.1304387,-4.5,-0.8792,45.49019623,970.0,6.860000134,0.4071,20.90978241,UnevenCondition,NormalCongestionCondition,EvenPaceStyle
1.5,13.5,14.48999977,194.0622684,-0.899999619,-1.1598,50.58823776,833.5,6.46999979,0.6625,20.84150696,UnevenCondition,NormalCongestionCondition,EvenPaceStyle
3.800003052,16.19999886,13.04999977,160.0093202,0.899999619,-0.9515,13.33333397,971.0,6.940000057,0.6468,20.76136589,UnevenCondition,NormalCongestionCondition,EvenPaceStyle
3.299999237,15.29999924,12.70499976,151.0469217,-0.899999619,-0.924,32.15686417,907.0,6.050000191,0.5954,20.70791817,UnevenCondition,NormalCongestionCondition,EvenPaceStyle
3.799999237,13.5,11.89499972,127.5981062,-1.799999237,-0.7045,44.70588303,806.0,8.93999958,0.3533,20.69374275,UnevenCondition,NormalCongestionCondition,EvenPaceStyle
2.899997711,12.59999943,11.44499974,114.3909888,-0.900000572,-0.6288,89.01960754,919.0,12.15999985,0.3244,20.72635841,UnevenCondition,NormalCongestionCondition,EvenPaceStyle
2.800003052,13.5,11.03999975,102.5231164,0.900000572,-0.7007,58.4313736,1080.0,9.050000191,0.4304,20.70594978,UnevenCondition,NormalCongestionCondition,EvenPaceStyle
1.599998474,14.39999962,10.67999974,92.02331953,0.899999619,-0.6607,36.07843018,1104.0,8.630000114,0.2979,20.67924309,UnevenCondition,NormalCongestionCondition,EvenPaceStyle
-0.200000763,17.10000038,10.12499972,76.04732705,1.800001144,-0.3076,0.0,1028.0,12.52000046,0.3178,20.7287941,UnevenCondition,NormalCongestionCondition,EvenPaceStyle
-0.799995422,14.39999962,9.779999711,68.84908103,-1.799999237,-0.2487,40.0,873.0,6.659999847,0.2376,20.63781357,FullOfHolesCondition,HighCongestionCondition,EvenPaceStyle
-0.599998474,13.5,9.824999724,69.06393702,-0.899999619,-0.2949,34.90196228,845.0,6.130000114,0.2569,20.62461662,FullOfHolesCondition,HighCongestionCondition,EvenPaceStyle
0.199996948,12.59999943,9.899999724,69.13830138,-0.900000572,-0.2335,32.54901886,787.0,5.409999847,0.1736,20.62056351,FullOfHolesCondition,HighCongestionCondition,EvenPaceStyle
0.600006104,9.899999619,10.09499972,68.31708955,-1.800000191,-0.0466,20.3921566,742.0,6.440000057,-0.0161,20.60277367,FullOfHolesCondition,HighCongestionCondition,EvenPaceStyle
1.599998474,10.79999924,10.21499971,67.59586925,0.899999619,0.0466,32.94117737,861.0,5.989999771,-0.1075,20.59851456,FullOfHolesCondition,HighCongestionCondition,EvenPaceStyle
0.199996948,9.899999619,10.57499968,65.03681851,-0.899999619,0.0262,37.25490189,785.5,5.579999924,-0.2071,20.59942055,FullOfHolesCondition,HighCongestionCondition,EvenPaceStyle
0.400001526,7.199999809,10.94999967,60.85067467,-2.699999809,-0.1125,57.25490189,711.5,5.829999924,-0.0557,20.66630936,FullOfHolesCondition,HighCongestionCondition,EvenPaceStyle
-0.300003052,8.099999428,11.08499966,58.93756465,0.899999619,-0.1244,72.54901886,763.5,6.519999981,-0.0222,20.68079567,FullOfHolesCondition,HighCongestionCondition,EvenPaceStyle
-0.099998474,9.899999619,12.10499963,45.64624346,-0.899999619,-0.1906,36.07843018,788.5,5.579999924,-0.2372,20.47537613,FullOfHolesCondition,HighCongestionCondition,EvenPaceStyle
0.199996948,7.199999809,0.239999994,1.122101635,3.599999905,-0.5243,34.11764908,903.5,7.130000114,0.2287,20.38376427,FullOfHolesCondition,HighCongestionCondition,EvenPaceStyle
0.099998474,7.199999809,0.494999981,2.922177719,-0.899999619,-0.4718,42.74509811,808.5,6.079999924,0.2244,20.27393723,FullOfHolesCondition,HighCongestionCondition,EvenPaceStyle
0.400001526,0.899999976,17.47499951,167.966304,0.899999976,0.4525,56.86274719,743.0,6.130000114,-0.2787,23.23851013,UnevenCondition,HighCongestionCondition,EvenPaceStyle
0.0,3.599999905,17.45999951,168.3756515,2.699999928,0.4015,23.92156982,864.0,6.860000134,-0.2702,23.18781281,UnevenCondition,HighCongestionCondition,EvenPaceStyle
-0.200004578,5.399999619,17.5349995,166.18705,1.799999714,0.4019,32.94117737,769.5,5.159999847,-0.1992,23.15552139,UnevenCondition,HighCongestionCondition,EvenPaceStyle
-0.299999237,27.89999962,38.5349988,91.94162715,0.899999619,0.0308,76.47058868,1206.0,15.47000027,0.7479,16.05416107,UnevenCondition,HighCongestionCondition,EvenPaceStyle
0.0,31.5,38.06999884,85.18178868,3.600000381,0.2385,72.94117737,1305.0,15.57999992,0.5257,16.12481689,UnevenCondition,HighCongestionCondition,EvenPaceStyle
-0.200000763,33.29999924,37.63499886,77.66366234,1.799999237,-0.0089,69.41176605,1407.5,16.54999924,0.441,16.15659332,UnevenCondition,HighCongestionCondition,EvenPaceStyle
0.199996948,36.0,37.2449989,69.52522247,2.700000763,-0.1817,69.01960754,1520.5,18.07999992,0.6209,16.17331886,UnevenCondition,HighCongestionCondition,EvenPaceStyle
0.400001526,40.5,36.64499896,55.30217241,1.799999237,0.0369,0.0,1658.0,20.86000061,0.726,16.2217083,UnevenCondition,HighCongestionCondition,EvenPaceStyle
0.099998474,32.39999771,35.32499901,36.56325936,-0.900001526,0.0334,83.92156982,1369.5,17.54999924,0.5737,16.52284813,UnevenCondition,HighCongestionCondition,EvenPaceStyle
-0.199996948,33.29999924,35.09999901,34.34948807,0.900001526,-0.1272,76.86274719,1492.5,19.54999924,0.6866,16.60637093,UnevenCondition,HighCongestionCondition,EvenPaceStyle
0.099998474,36.0,34.88999904,31.22938666,2.700000763,-0.0044,75.29412079,1615.0,20.90999985,0.7519,16.68375206,UnevenCondition,HighCongestionCondition,EvenPaceStyle
-0.799999237,39.59999847,34.73999904,28.39667497,3.599998474,0.1449,74.11764526,1735.5,22.04999924,0.682,16.72760773,UnevenCondition,HighCongestionCondition,EvenPaceStyle
-0.400001526,45.0,34.57499908,25.18665057,5.400001526,-0.0755,2.352941275,1473.0,16.11000061,0.5254,16.63136864,UnevenCondition,HighCongestionCondition,EvenPaceStyle
-0.399997711,46.79999924,34.70999912,28.09921872,-0.899997711,-0.5811,80.39215851,1458.5,17.87999916,0.3773,16.5295639,UnevenCondition,HighCongestionCondition,EvenPaceStyle
0.0,47.69999695,34.78499912,29.73180313,0.899997711,-0.4786,74.90196228,1510.0,20.46999931,0.3343,16.45020485,UnevenCondition,HighCongestionCondition,EvenPaceStyle
-0.799999237,50.39999771,34.93499912,33.0999383,2.700000763,-0.4679,6.666666985,1493.5,16.21999931,0.285,16.3480835,UnevenCondition,HighCongestionCondition,EvenPaceStyle
-1.099998474,49.5,35.30999912,40.48260818,-1.799999237,-0.2361,16.86274529,1449.0,17.46999931,0.3098,16.20028877,UnevenCondition,HighCongestionCondition,EvenPaceStyle
-0.700000763,46.79999924,35.45999912,42.59226924,-2.700000763,0.0088,30.19607925,781.0,6.659999847,0.2871,16.01655769,UnevenCondition,HighCongestionCondition,EvenPaceStyle
-0.5,43.19999695,35.5649991,43.56129416,-3.600002289,0.0668,30.98039246,742.0,5.159999847,-0.0056,15.77357578,UnevenCondition,HighCongestionCondition,EvenPaceStyle
-1.0,26.09999847,35.29499912,46.26861614,-1.800001144,-0.0937,27.45098114,1033.0,11.55000019,-0.177,15.26266956,UnevenCondition,HighCongestionCondition,EvenPaceStyle
-1.099998474,25.19999886,35.12999913,47.96755691,-0.899999619,-0.3099,60.7843132,1030.5,12.43999958,0.0935,15.24016666,UnevenCondition,HighCongestionCondition,EvenPaceStyle
-2.200000763,27.89999962,34.82999913,50.42043821,2.700000763,-0.0944,78.03921509,1260.5,15.23999977,0.1929,15.21839142,UnevenCondition,HighCongestionCondition,EvenPaceStyle
-2.299999237,33.29999924,34.76999909,50.63094665,1.799999237,-0.0831,69.01960754,1454.5,15.88000011,0.046,15.17487621,UnevenCondition,HighCongestionCondition,EvenPaceStyle
-1.599998474,36.0,34.84499909,50.46963322,2.700000763,-0.2521,60.0,1539.5,15.52000046,-0.0132,15.14600086,UnevenCondition,HighCongestionCondition,EvenPaceStyle
-1.199996948,37.79999924,34.9799991,50.15043828,1.799999237,-0.2289,50.58823776,1594.5,15.57999992,0.0755,15.16875935,UnevenCondition,HighCongestionCondition,EvenPaceStyle
0.700000763,40.5,35.38499915,51.57892191,0.900001526,0.3567,6.274509907,1586.5,15.77000046,0.0553,15.17027473,UnevenCondition,HighCongestionCondition,EvenPaceStyle
0.400001526,39.59999847,35.45999915,51.87294723,-0.900001526,0.266,0.0,1529.5,19.54999924,0.1427,15.16997528,UnevenCondition,HighCongestionCondition,EvenPaceStyle
-0.799999237,37.79999924,35.77499906,228.6568076,3.599998474,-0.6728,78.03921509,1601.5,18.98999977,-0.164,14.10189629,UnevenCondition,HighCongestionCondition,EvenPaceStyle
-1.0,40.5,35.89499908,228.91674,2.700000763,-0.9824,76.07843018,1751.5,20.40999985,0.084,14.07890987,UnevenCondition,HighCongestionCondition,EvenPaceStyle
-0.600002289,43.19999695,36.01499903,229.8063666,2.699996948,-1.5309,72.15686035,1859.0,21.15999985,0.4155,14.07417011,UnevenCondition,HighCongestionCondition,EvenPaceStyle
-0.300003052,46.79999924,36.16499903,231.7009429,3.600002289,-1.5833,0.0,1301.5,13.07999992,0.5294,14.0362606,UnevenCondition,HighCongestionCondition,EvenPaceStyle
-0.300003052,44.09999847,36.38999896,234.4158155,-2.700000763,-1.4581,25.88235283,752.5,4.550000191,0.4703,13.63458633,UnevenCondition,HighCongestionCondition,EvenPaceStyle
-0.199996948,42.29999924,36.43499898,234.8311122,-1.799999237,-1.3601,27.84313774,747.5,4.110000134,0.4667,13.44573212,UnevenCondition,HighCongestionCondition,EvenPaceStyle
0.599998474,38.70000076,36.41999901,234.748053,-3.599998474,-1.2345,28.62745094,747.0,3.99000001,0.3711,13.22192383,UnevenCondition,HighCongestionCondition,EvenPaceStyle
-0.300003052,36.89999771,36.299999,234.2867648,0.899997711,-0.4661,30.58823586,747.0,4.239999771,0.0562,12.90193939,UnevenCondition,HighCongestionCondition,EvenPaceStyle
-0.299999237,26.09999847,36.074999,235.8140955,-10.79999924,-0.3439,30.19607925,748.5,4.190000057,-0.0764,12.83657265,UnevenCondition,HighCongestionCondition,AggressiveStyle
-0.200000763,9.0,34.82999905,264.2329661,-0.899999619,-0.0721,58.03921509,763.5,4.739999771,-0.2563,12.7911911,UnevenCondition,HighCongestionCondition,AggressiveStyle
-0.100002289,9.899999619,34.06499912,285.2799223,0.899999619,0.1581,28.62745094,755.0,4.860000134,-0.1653,12.76283836,UnevenCondition,HighCongestionCondition,AggressiveStyle
0.5,9.899999619,32.69999913,314.0786236,0.899999619,0.2737,27.45098114,888.5,5.110000134,-0.2181,12.73515892,UnevenCondition,HighCongestionCondition,EvenPaceStyle
0.5,9.0,31.60499915,327.6269026,-0.899999619,0.4285,32.15686417,748.5,4.269999981,-0.3078,12.72107506,UnevenCondition,HighCongestionCondition,EvenPaceStyle
0.400001526,7.199999809,30.92999919,332.8678779,-1.800000191,0.4819,31.76470566,756.5,4.239999771,-0.3622,12.72742939,UnevenCondition,HighCongestionCondition,EvenPaceStyle
0.200000763,6.299999714,30.22499922,337.3523948,-0.900000095,0.5928,40.39215851,750.0,4.130000114,-0.4105,12.73984909,UnevenCondition,HighCongestionCondition,EvenPaceStyle
1.400001526,3.599999905,28.75499923,344.851987,-2.699999809,0.4648,25.88235283,770.5,4.380000114,-0.4071,12.76725292,UnevenCondition,HighCongestionCondition,EvenPaceStyle
-1.299999237,1.799999952,19.69499956,315.792672,1.799999952,-0.4897,64.31372833,845.0,4.989999771,0.1156,12.82890987,UnevenCondition,HighCongestionCondition,EvenPaceStyle
0.0,7.199999809,17.53499958,283.0741632,2.699999809,-0.6688,45.09804153,1175.0,7.71999979,0.1912,12.8833189,UnevenCondition,HighCongestionCondition,EvenPaceStyle
0.5,11.69999981,15.55499964,227.6536924,1.800000191,-0.7629,0.0,1676.0,14.57999992,0.3072,12.96131611,UnevenCondition,HighCongestionCondition,EvenPaceStyle
0.299999237,12.59999943,15.07499967,216.2459654,0.899999619,-0.8912,79.60784149,941.5,7.909999847,0.4409,12.97323895,UnevenCondition,HighCongestionCondition,EvenPaceStyle
0.099998474,13.5,14.92499968,213.683254,0.900000572,-0.9203,54.90196228,1142.0,8.829999924,0.4591,12.99384308,UnevenCondition,HighCongestionCondition,EvenPaceStyle
-0.299999237,14.39999962,15.13499968,210.7233219,0.899999619,-0.9944,25.49019623,1106.5,13.82999992,0.506,13.0142746,UnevenCondition,HighCongestionCondition,EvenPaceStyle
-1.5,17.10000038,15.41999968,206.8236527,2.700000763,-0.9916,2.352941275,1049.0,11.13000011,0.5807,13.02996445,UnevenCondition,HighCongestionCondition,EvenPaceStyle
0.100002289,12.59999943,0.479999973,4.598236771,1.800000191,-0.683,28.23529434,760.5,5.989999771,0.3948,16.70399284,UnevenCondition,NormalCongestionCondition,EvenPaceStyle
0.200000763,13.5,0.914999964,9.760956907,0.900000572,-0.7867,85.88235474,1115.5,11.63000011,0.528,16.83019257,UnevenCondition,NormalCongestionCondition,EvenPaceStyle
0.0,14.39999962,1.154999957,12.77031269,0.899999619,-0.8394,72.15686035,1311.5,12.80000019,0.5214,16.88602257,UnevenCondition,NormalCongestionCondition,EvenPaceStyle
0.100002289,21.59999847,1.514999932,19.70061676,7.199998856,-0.8147,41.5686264,1422.5,14.02000046,0.4817,16.93601036,UnevenCondition,NormalCongestionCondition,EvenPaceStyle
0.200000763,22.5,1.889999932,26.98260834,0.900001526,-0.8764,17.25490189,1380.5,11.85999966,0.5049,16.97561073,UnevenCondition,NormalCongestionCondition,EvenPaceStyle
0.0,23.39999962,2.654999926,41.30793869,0.899999619,-0.7563,4.705882549,1417.0,16.82999992,0.41,17.19428635,UnevenCondition,NormalCongestionCondition,EvenPaceStyle
0.099998474,21.59999847,3.3899999,53.27786158,-0.900001526,-0.4703,61.17647171,1365.5,11.23999977,0.2328,17.14024353,UnevenCondition,NormalCongestionCondition,EvenPaceStyle
1.5,23.39999962,4.154999894,65.26929369,0.899999619,-0.5924,74.11764526,1731.0,16.12999916,0.4744,17.1133213,UnevenCondition,NormalCongestionCondition,EvenPaceStyle
1.900001526,27.0,4.604999894,73.61641243,3.600000381,-0.687,61.96078491,1946.5,18.48999977,0.5927,17.07856941,UnevenCondition,NormalCongestionCondition,EvenPaceStyle
1.399997711,28.79999924,5.084999881,82.94468311,1.799999237,-0.6705,0.0,1652.5,20.98999977,0.6108,17.07642937,UnevenCondition,NormalCongestionCondition,EvenPaceStyle
1.0,32.39999771,5.624999843,94.85579981,3.599998474,-0.6906,23.52941132,1297.0,15.93999958,0.5979,17.03903198,UnevenCondition,NormalCongestionCondition,EvenPaceStyle
1.600002289,35.09999847,6.764999805,120.1680692,1.799999237,-0.663,78.8235321,1502.5,19.15999985,0.5977,16.96334457,UnevenCondition,NormalCongestionCondition,EvenPaceStyle
1.400001526,38.70000076,7.409999818,136.2548076,3.600002289,-0.5639,76.86274719,1646.5,21.46999931,0.3699,16.94107437,UnevenCondition,NormalCongestionCondition,EvenPaceStyle
1.0,42.29999924,8.114999805,155.4511205,3.599998474,-0.6471,75.29412079,1801.5,22.69000053,0.4229,16.97377586,UnevenCondition,NormalCongestionCondition,EvenPaceStyle
-1.099998474,49.5,9.704999767,203.8753895,3.600002289,-0.8234,74.50980377,2103.5,28.02000046,0.6598,16.9968586,UnevenCondition,NormalCongestionCondition,EvenPaceStyle
-1.400001526,53.09999847,10.58999974,233.3998877,3.599998474,-0.6994,0.0,2239.0,28.19000053,0.5648,17.00054359,UnevenCondition,NormalCongestionCondition,EvenPaceStyle
-2.599998474,57.59999847,13.40999969,326.3531051,1.799999237,-0.8092,78.03921509,1775.5,22.04999924,0.4797,16.90285492,UnevenCondition,NormalCongestionCondition,EvenPaceStyle
-2.900001526,60.29999924,14.41499968,359.5436554,2.700000763,-0.7379,75.6862793,1842.0,21.40999985,0.4205,16.92983627,UnevenCondition,NormalCongestionCondition,EvenPaceStyle
-3.5,62.09999847,15.44999965,393.472357,1.799999237,-0.879,70.58823395,1901.5,21.36000061,0.3939,17.13322639,UnevenCondition,NormalCongestionCondition,EvenPaceStyle
-2.100002289,65.69999695,17.57999958,460.4497411,3.599998474,-1.0711,56.47058868,1981.0,19.37999916,0.3764,17.6765461,UnevenCondition,NormalCongestionCondition,EvenPaceStyle
-2.400001526,66.59999847,18.68999955,494.6866548,0.900001526,-1.2041,56.07843399,2008.5,19.48999977,0.5138,17.93330193,UnevenCondition,NormalCongestionCondition,EvenPaceStyle
-2.099998474,71.09999847,29.06999914,725.3563255,0.900001526,-1.0015,58.8235321,1687.5,15.82999992,0.2586,17.59298325,UnevenCondition,NormalCongestionCondition,EvenPaceStyle
-2.199996948,72.0,31.45499912,752.1034887,0.900001526,-0.8916,56.86274719,1692.5,15.40999985,0.1409,17.34755325,UnevenCondition,NormalCongestionCondition,EvenPaceStyle
1.700000763,22.5,28.30499926,28.7872604,-0.899999619,-0.7114,28.23529434,759.0,4.269999981,0.4399,11.45924664,SmoothCondition,LowCongestionCondition,EvenPaceStyle
2.0,20.69999886,28.21499926,29.67688757,-1.800001144,-0.6955,0.0,889.0,12.77000046,0.3563,11.47213364,SmoothCondition,LowCongestionCondition,EvenPaceStyle
1.700000763,18.0,28.09499928,31.27675168,-2.699998856,-0.7016,37.25490189,1113.5,9.859999657,0.4657,11.4780817,SmoothCondition,LowCongestionCondition,EvenPaceStyle
0.899997711,17.10000038,27.9749993,33.06698856,-0.899999619,-0.654,72.54901886,1271.5,12.40999985,0.476,11.50612164,SmoothCondition,LowCongestionCondition,EvenPaceStyle
0.5,19.79999924,27.88499931,34.06095464,2.699998856,-0.581,39.60784531,1345.5,15.15999985,0.3943,11.5179739,SmoothCondition,LowCongestionCondition,EvenPaceStyle
0.900001526,20.69999886,27.65999928,35.55396339,-0.899999619,-0.5514,2.352941275,1142.0,15.13000011,0.3831,11.5329361,SmoothCondition,LowCongestionCondition,EvenPaceStyle
-0.299999237,18.89999962,27.52499927,36.82868364,-1.799999237,-0.7469,54.50980377,1110.0,13.63000011,0.4365,11.59182072,SmoothCondition,LowCongestionCondition,EvenPaceStyle
-0.400001526,14.39999962,26.4749993,41.82597043,-2.700000763,-0.7302,31.76470566,744.0,4.610000134,0.1676,11.69435024,SmoothCondition,LowCongestionCondition,EvenPaceStyle
0.799999237,13.5,26.11499933,43.28671615,-0.899999619,-0.4579,32.54901886,757.0,4.300000191,-0.1163,11.67866421,SmoothCondition,LowCongestionCondition,EvenPaceStyle
0.700000763,10.79999924,25.7249993,45.99952934,-2.700000763,-0.2604,31.37254906,751.0,4.329999924,-0.1748,11.66093636,SmoothCondition,LowCongestionCondition,EvenPaceStyle
0.600002289,9.0,25.30499929,49.34386749,-1.799999237,-0.1259,32.54901886,748.5,4.159999847,-0.2004,11.65802383,SmoothCondition,LowCongestionCondition,EvenPaceStyle
1.0,1.799999952,24.19499933,60.5740364,-2.700000048,-0.2334,29.41176605,749.5,4.190000057,-0.1524,11.7021265,SmoothCondition,LowCongestionCondition,EvenPaceStyle
-1.900001526,30.59999847,13.52999946,99.6428041,0.0,-0.3747,58.03921509,1298.0,13.48999977,-0.2181,22.71813583,UnevenCondition,NormalCongestionCondition,EvenPaceStyle
-1.599998474,31.5,14.05499946,101.7330165,0.900001526,-0.4714,54.50980377,1304.0,13.40999985,-0.2417,22.45456886,UnevenCondition,NormalCongestionCondition,EvenPaceStyle
-1.799999237,27.89999962,15.52499944,101.5829159,-0.899999619,-0.3306,77.2549057,1128.5,12.47000027,-0.0352,21.90322113,UnevenCondition,NormalCongestionCondition,EvenPaceStyle
1.0,29.69999886,16.48499942,98.47654349,1.799999237,-0.3079,12.94117641,1195.0,13.27000046,-0.044,21.62854576,UnevenCondition,NormalCongestionCondition,EvenPaceStyle
0.099998474,27.89999962,16.94999941,95.8591456,-1.799999237,-0.178,3.921568632,1160.0,14.85999966,-0.0772,21.5395298,UnevenCondition,NormalCongestionCondition,EvenPaceStyle
-1.0,26.09999847,17.38499939,92.21620499,-1.800001144,0.009,42.35294342,1065.0,10.93999958,-0.1631,21.33486366,UnevenCondition,NormalCongestionCondition,EvenPaceStyle
-1.199996948,22.5,17.71499939,88.89383242,-3.599998474,0.3755,43.52941132,796.5,6.610000134,-0.278,20.92161751,UnevenCondition,NormalCongestionCondition,EvenPaceStyle
-0.299999237,2.699999809,13.04999951,165.0889705,1.799999833,-0.1491,70.58823395,792.0,7.690000057,-0.1934,21.33201027,UnevenCondition,NormalCongestionCondition,EvenPaceStyle
-0.400001526,4.5,12.89999951,166.3016822,1.800000191,-0.3586,77.64705658,824.5,9.630000114,-0.0102,21.51063728,UnevenCondition,NormalCongestionCondition,EvenPaceStyle
-0.200000763,8.099999428,12.82499951,166.6849449,3.599999428,-0.4428,65.09803772,1389.5,17.94000053,-0.0137,21.69933319,UnevenCondition,NormalCongestionCondition,EvenPaceStyle
1.299999237,13.5,12.86999953,166.6211059,1.800000191,-0.6248,30.58823586,945.5,6.489999771,0.0041,21.67620659,UnevenCondition,NormalCongestionCondition,EvenPaceStyle
0.599998474,20.69999886,13.18499952,167.5416226,5.399999619,-0.4759,1.176470637,1265.5,14.52000046,0.1049,21.78218269,UnevenCondition,NormalCongestionCondition,EvenPaceStyle
0.200000763,45.89999771,45.2849988,173.0240051,-2.700000763,1.1516,0.0,1278.5,17.15999985,-1.3613,14.79086685,UnevenCondition,NormalCongestionCondition,EvenPaceStyle
-0.199996948,40.5,46.40999886,141.4443011,-4.5,1.4208,33.72549057,745.0,5.21999979,-1.3631,14.35790253,UnevenCondition,NormalCongestionCondition,EvenPaceStyle
0.0,38.70000076,46.57499889,137.1680042,-1.799999237,1.2191,34.11764908,758.0,5.190000057,-1.4415,14.17930222,UnevenCondition,NormalCongestionCondition,EvenPaceStyle
-0.099998474,37.79999924,46.70999889,133.6280295,-0.900001526,1.331,33.33333206,763.5,5.019999981,-1.4579,14.01845551,UnevenCondition,NormalCongestionCondition,EvenPaceStyle
0.099998474,35.09999847,46.82999887,129.9011149,-2.700000763,1.537,32.15686417,755.0,4.989999771,-1.4064,13.88117599,UnevenCondition,NormalCongestionCondition,EvenPaceStyle
-1.200000763,26.09999847,47.11499888,118.831801,-1.800001144,1.6122,34.50980377,752.0,5.050000191,-1.6569,13.60406971,UnevenCondition,NormalCongestionCondition,EvenPaceStyle
-1.299999237,20.69999886,47.09999889,119.6237244,-5.399999619,1.8035,34.11764908,761.0,5.130000114,-1.7732,13.59626102,UnevenCondition,NormalCongestionCondition,EvenPaceStyle
-1.900001526,2.699999809,44.77499894,262.923929,2.699999809,1.515,73.33333588,850.0,10.22000027,-1.5437,13.69939804,UnevenCondition,NormalCongestionCondition,EvenPaceStyle
-0.800003052,6.299999714,44.30999893,285.8988693,3.599999905,1.4102,63.13725662,1536.5,16.54999924,-1.4884,13.71458149,UnevenCondition,NormalCongestionCondition,EvenPaceStyle
1.200000763,14.39999962,43.36499899,317.8904353,2.699999809,0.9693,81.96078491,973.5,6.800000191,-1.4044,13.69803238,UnevenCondition,NormalCongestionCondition,EvenPaceStyle
4.299999237,18.0,42.43499904,341.8700948,3.600000381,0.4743,71.76470947,1563.5,17.36000061,-1.1134,13.70673084,UnevenCondition,NormalCongestionCondition,EvenPaceStyle
3.5,27.0,41.62499909,349.4429083,3.600000381,0.0982,0.0,1821.5,21.61000061,-0.9946,13.77607346,UnevenCondition,NormalCongestionCondition,EvenPaceStyle
2.600002289,30.59999847,40.42499909,347.0449431,0.899999619,-0.2387,75.29412079,1327.5,16.98999977,-0.5647,13.72376156,UnevenCondition,NormalCongestionCondition,EvenPaceStyle
1.800003052,33.29999924,40.06499912,344.2222997,2.700000763,-0.3269,72.94117737,1434.5,17.62999916,-0.409,13.72387791,UnevenCondition,NormalCongestionCondition,EvenPaceStyle
-2.0,36.89999771,39.53999912,339.3725965,0.899997711,-0.5445,67.45098114,1648.5,16.96999931,-0.1002,13.72035694,UnevenCondition,NormalCongestionCondition,EvenPaceStyle
-1.899997711,38.70000076,39.32999914,336.9956812,1.800003052,-0.7911,66.27451324,1699.5,17.11000061,-0.0204,13.71445942,UnevenCondition,NormalCongestionCondition,EvenPaceStyle
-0.799999237,40.5,39.1349992,334.1728093,1.799999237,-0.8884,61.96078491,1751.0,16.96999931,0.0232,13.69415092,UnevenCondition,NormalCongestionCondition,EvenPaceStyle
0.800003052,43.19999695,38.56499918,322.4850134,-0.900001526,-0.6819,80.39215851,1305.0,13.93999958,-0.0286,13.58439922,UnevenCondition,NormalCongestionCondition,EvenPaceStyle
0.5,44.09999847,38.36999917,317.930937,0.900001526,-0.4241,76.47058868,1362.5,13.63000011,-0.0744,13.5626049,UnevenCondition,NormalCongestionCondition,EvenPaceStyle
0.599998474,45.89999771,38.15999913,311.9790377,1.799999237,-0.1625,71.37255096,1404.0,13.93999958,-0.1946,13.52202225,UnevenCondition,NormalCongestionCondition,EvenPaceStyle
1.299999237,46.79999924,37.97999914,306.8060212,0.900001526,-0.1205,67.84313965,1438.0,13.47000027,-0.108,13.48728085,UnevenCondition,NormalCongestionCondition,EvenPaceStyle
1.699996948,50.39999771,37.4099992,289.0564981,1.799999237,0.66,76.47058868,1381.5,16.19000053,-0.2182,13.41174316,UnevenCondition,NormalCongestionCondition,EvenPaceStyle
1.299999237,46.79999924,37.21499918,282.9734891,-3.599998474,0.7157,67.05882263,1418.0,14.18999958,-0.3484,13.38235283,UnevenCondition,NormalCongestionCondition,EvenPaceStyle
1.0,49.5,36.46499918,256.8246757,0.900001526,1.0242,9.411765099,1486.0,14.77000046,-0.5726,13.25278759,UnevenCondition,NormalCongestionCondition,EvenPaceStyle
0.700004578,31.07281685,15.61256487,174.3793451,-3.55087471,-0.9846,3.529411793,1203.5,15.43999958,0.1826,21.13726425,FullOfHolesCondition,NormalCongestionCondition,EvenPaceStyle
0.400001526,26.65276527,16.42162664,176.3854283,-4.420051575,-0.6677,38.82352829,825.0,6.300000191,-0.0114,20.87123299,FullOfHolesCondition,NormalCongestionCondition,EvenPaceStyle
-2.199996948,11.276968,17.27633768,168.7775805,-4.948011398,0.1278,39.2156868,798.5,6.190000057,-0.5639,20.67004395,FullOfHolesCondition,NormalCongestionCondition,EvenPaceStyle
1.100006104,9.0,17.54595036,164.027497,3.600000381,-0.0231,13.72549057,1624.0,17.71999931,0.0507,21.03680611,FullOfHolesCondition,NormalCongestionCondition,EvenPaceStyle
-0.599998474,12.88603878,17.4669688,161.5674838,3.88603878,-0.0479,33.33333206,1390.0,12.38000011,0.094,21.06887245,FullOfHolesCondition,NormalCongestionCondition,EvenPaceStyle
-3.299995422,14.53994465,17.54295239,156.8560727,1.653905869,-0.2344,87.45098114,780.0,6.550000191,0.3179,20.96014786,FullOfHolesCondition,HighCongestionCondition,EvenPaceStyle
-5.199996948,17.07629776,17.87603055,151.997811,3.36790657,-0.4153,92.94117737,1295.0,17.27000046,0.4559,21.03345871,FullOfHolesCondition,HighCongestionCondition,EvenPaceStyle
-5.399993896,18.79255104,18.3081126,146.5459262,0.860179901,-0.4855,69.80392456,1839.0,24.04999924,0.6156,21.10376167,FullOfHolesCondition,HighCongestionCondition,EvenPaceStyle
-5.599998474,24.89277077,18.63299212,144.3494099,6.100219727,-0.4327,53.33333588,1701.0,17.52000046,0.5832,21.0866375,FullOfHolesCondition,HighCongestionCondition,EvenPaceStyle
-5.300003052,31.07281685,19.0608724,143.8180922,6.180046082,-0.4826,23.92156982,919.5,10.85999966,0.636,20.98630905,FullOfHolesCondition,HighCongestionCondition,EvenPaceStyle
-2.800003052,32.8469162,19.50769796,143.9615591,1.77409935,-0.4913,88.62744904,1328.5,17.86000061,0.6944,20.96381569,FullOfHolesCondition,HighCongestionCondition,EvenPaceStyle
-1.700004578,31.07281685,20.34770656,143.0154048,-1.77409935,-0.5257,28.23529434,1468.0,17.94000053,0.7163,20.8971653,FullOfHolesCondition,HighCongestionCondition,EvenPaceStyle
-1.899997711,32.8469162,20.756862,143.0320222,1.77409935,-0.6141,62.35294342,1492.0,18.12999916,0.6788,20.86467552,FullOfHolesCondition,HighCongestionCondition,EvenPaceStyle
-1.400001526,35.51295471,21.13397727,145.5279452,2.666038513,-0.6628,63.13725662,1554.5,16.62999916,0.6731,20.80876923,FullOfHolesCondition,HighCongestionCondition,EvenPaceStyle
-1.300003052,39.07492828,21.82360091,154.9814427,0.891162872,-0.4998,0.0,1443.0,19.29999924,0.4791,20.78289795,FullOfHolesCondition,HighCongestionCondition,EvenPaceStyle
-1.900001526,33.7349968,22.23688493,162.3833172,-0.888694763,-0.2213,66.66666412,1416.5,15.48999977,0.3942,20.69074631,FullOfHolesCondition,HighCongestionCondition,EvenPaceStyle
-2.399997711,34.62369156,22.38471653,165.285202,0.888694763,-0.3927,59.2156868,1497.5,16.82999992,0.4286,20.61547089,FullOfHolesCondition,HighCongestionCondition,EvenPaceStyle
-1.0,36.40274811,22.48831372,167.5731163,1.779056549,-0.3637,18.8235302,1545.5,16.21999931,0.3221,20.56023598,FullOfHolesCondition,HighCongestionCondition,EvenPaceStyle
7.100002289,7.029224873,38.811063580731144,171.92088758076872,0.0,-0.0617,70.19608307,1118.0,14.35999966,-0.1646,74.93875885,UnevenCondition,NormalCongestionCondition,EvenPaceStyle
4.0,12.07476616,10.83756408,38.18940011,-1.633625031,-1.2019,84.70588684,808.0,8.489999771,-0.103,29.0828228,UnevenCondition,NormalCongestionCondition,EvenPaceStyle
2.200000763,13.70839119,10.95980577,36.42536783,0.822352409,-1.1403,62.74509811,823.5,7.300000191,-0.217,28.38565063,UnevenCondition,NormalCongestionCondition,EvenPaceStyle
-3.400001526,17.07629776,11.90864722,32.26434268,1.697092056,-1.5677,33.33333206,827.0,9.800000191,0.4428,27.24621201,UnevenCondition,NormalCongestionCondition,EvenPaceStyle
-3.0,28.4177742,12.2922768,36.01618134,11.34147644,-1.4777,78.4313736,1261.5,14.55000019,0.2827,26.85675049,UnevenCondition,NormalCongestionCondition,EvenPaceStyle
-2.299999237,30.18691635,12.70539207,40.46490653,1.769142151,-1.3539,65.88235474,1307.5,15.98999977,0.2084,26.54420853,UnevenCondition,NormalCongestionCondition,EvenPaceStyle
-3.799999237,31.07281685,13.13327236,45.09217164,0.885900497,-1.4784,62.35294342,1369.0,15.72000027,0.0391,26.21231461,UnevenCondition,NormalCongestionCondition,EvenPaceStyle
-1.300003052,31.95950508,13.56530773,50.05617367,0.886688232,-1.4171,36.47058868,1382.5,17.23999977,0.061,25.94716644,UnevenCondition,NormalCongestionCondition,EvenPaceStyle
0.0,32.8469162,14.01213328,55.19399725,0.887411118,-1.4074,0.0,1319.5,15.18999958,0.0405,25.64869308,UnevenCondition,NormalCongestionCondition,EvenPaceStyle
-0.099998474,5.692099571,5.411457095,0.001849998,0.292099953,-0.2629,83.92156982,1314.0,15.32999992,-0.016,17.56267548,UnevenCondition,HighCongestionCondition,EvenPaceStyle
0.300003052,6.03738308,5.422446465,0.008598202,0.345283508,-0.2604,38.82352829,1567.5,15.27000046,-0.0027,17.57820511,UnevenCondition,HighCongestionCondition,EvenPaceStyle
0.800003052,12.07476616,5.565618737,0.809390922,5.045541286,-0.3033,21.56862831,807.5,6.269999981,-0.0209,17.5340538,UnevenCondition,HighCongestionCondition,EvenPaceStyle
1.0,12.88603878,5.694688378,1.732108458,0.811272621,-0.2644,57.64706039,835.5,5.71999979,-0.059,17.48658943,UnevenCondition,HighCongestionCondition,EvenPaceStyle
5.700000763,14.53994465,6.377384734,6.663009766,0.831553459,-0.4545,53.72549057,1091.5,8.970000267,0.0692,17.51545334,UnevenCondition,HighCongestionCondition,EvenPaceStyle
5.399997711,17.07629776,6.571989703,8.54841981,2.536353111,-0.4529,19.2156868,1156.0,9.770000458,0.0845,17.5148716,UnevenCondition,HighCongestionCondition,EvenPaceStyle
-3.900001526,16.2249794,8.114640816,20.61263661,-0.851318359,-0.136,47.84313965,897.5,5.940000057,-0.2364,17.65802383,UnevenCondition,HighCongestionCondition,EvenPaceStyle
-3.399997711,15.3792057,8.280960917,21.35407531,-0.845773697,-0.0911,36.07843018,772.0,5.409999847,-0.2962,17.71372223,UnevenCondition,HighCongestionCondition,EvenPaceStyle
-3.299999237,10.49571323,8.365889478,21.28920104,-4.88349247,-0.0254,38.03921509,774.5,5.360000134,-0.3621,17.78762627,UnevenCondition,HighCongestionCondition,EvenPaceStyle
-2.799999237,7.029224873,8.393043232,21.16964054,-3.466488361,-0.059,36.07843018,775.0,5.440000057,-0.3753,17.90471077,UnevenCondition,HighCongestionCondition,EvenPaceStyle
-3.200000763,6.489992142,8.411209774,21.07885226,-0.539232731,-0.0086,32.54901886,785.5,5.329999924,-0.3605,18.05316162,UnevenCondition,HighCongestionCondition,EvenPaceStyle
0.099998474,7.029224873,8.547362781,20.39194346,0.539232731,0.2415,38.03921509,774.0,5.329999924,-0.3493,18.35681915,UnevenCondition,HighCongestionCondition,EvenPaceStyle
-0.099998474,8.297589302,8.595655942,20.22273258,1.268364429,0.2808,36.47058868,771.5,5.239999771,-0.4377,18.3629303,UnevenCondition,HighCongestionCondition,EvenPaceStyle
0.5,7.636752605,8.632935158,20.0638155,-0.660836697,0.2596,37.25490189,783.0,5.409999847,-0.4297,18.37380981,UnevenCondition,HighCongestionCondition,EvenPaceStyle
-1.099998474,37.29302979,22.56241562,169.4637859,0.890281677,-0.3568,0.0,1510.5,19.29999924,0.1814,20.5374279,FullOfHolesCondition,HighCongestionCondition,EvenPaceStyle
-0.900001526,33.7349968,22.57723667,169.8405471,-0.888694763,-0.273,56.07843399,1274.0,14.30000019,-0.4018,20.41753578,FullOfHolesCondition,HighCongestionCondition,EvenPaceStyle
-0.699996948,32.8469162,22.5179728,168.3847982,-0.888080597,-0.3381,5.09803915,1225.0,15.55000019,-0.4443,20.39561462,FullOfHolesCondition,HighCongestionCondition,EvenPaceStyle
-0.700000763,31.07281685,22.44397051,166.757463,-1.77409935,-0.2169,2.745098114,1157.0,14.88000011,-0.5708,20.3773365,FullOfHolesCondition,HighCongestionCondition,EvenPaceStyle
1.200000763,29.30187607,22.37008516,165.3882435,-1.770940781,-0.3063,4.705882549,1093.5,10.60999966,-0.6776,20.31957054,FullOfHolesCondition,HighCongestionCondition,EvenPaceStyle
1.100002289,27.53470421,22.19260081,161.5697819,-1.76717186,-0.5137,8.627450943,1035.0,8.130000114,-0.8618,20.21981812,FullOfHolesCondition,HighCongestionCondition,EvenPaceStyle
1.5,26.65276527,21.97070549,156.502458,-0.881938934,-0.3926,13.33333397,1000.5,6.800000191,-0.9234,20.10137367,FullOfHolesCondition,HighCongestionCondition,EvenPaceStyle
1.400001526,24.01499557,21.63171188,151.1740932,-0.877775192,-0.161,79.60784149,997.0,10.88000011,-0.9874,20.02360153,FullOfHolesCondition,HighCongestionCondition,EvenPaceStyle
0.0,25.77207756,21.48418498,148.5816396,1.757081985,-0.2456,33.33333206,971.5,7.690000057,-0.9349,19.92739677,FullOfHolesCondition,HighCongestionCondition,EvenPaceStyle
-0.5,24.01499557,21.24887573,145.5729839,-0.877775192,-0.2028,27.45098114,768.5,6.519999981,-1.0211,19.71163559,FullOfHolesCondition,HighCongestionCondition,EvenPaceStyle
1.400001526,23.13892746,21.23427459,145.5036294,-0.876068115,-0.1246,32.94117737,940.0,5.519999981,-1.1351,19.57909203,FullOfHolesCondition,HighCongestionCondition,EvenPaceStyle
1.699996948,21.3927536,21.26321556,145.4609996,-1.746173859,-0.0233,36.47058868,758.0,6.690000057,-1.2534,19.52680969,FullOfHolesCondition,HighCongestionCondition,EvenPaceStyle
2.799999237,12.88603878,21.37503037,144.1271801,-5.046332359,0.0455,41.17647171,795.5,6.050000191,-1.1542,19.48541832,FullOfHolesCondition,HighCongestionCondition,EvenPaceStyle
4.900001526,9.734988213,21.39898702,143.524412,-3.151050568,0.07,41.5686264,793.0,5.96999979,-1.0905,19.51689339,FullOfHolesCondition,HighCongestionCondition,EvenPaceStyle
5.199996948,8.297589302,21.44728018,142.0928712,-1.437398911,0.0293,41.17647171,794.5,5.940000057,-1.0481,19.5679512,FullOfHolesCondition,HighCongestionCondition,EvenPaceStyle
0.099998474,6.03738308,8.444874287,46.73754884,0.637383461,-0.8798,93.72549438,718.0,6.96999979,0.3643,17.98610878,FullOfHolesCondition,HighCongestionCondition,EvenPaceStyle
0.399997711,7.029224873,8.088398465,39.88098667,0.991841793,-0.8446,0.0,1327.0,17.98999977,0.2841,18.04029274,FullOfHolesCondition,HighCongestionCondition,EvenPaceStyle
0.599998474,14.53994465,7.344473958,21.54528517,3.262976646,-1.2762,70.98039246,1107.5,15.05000019,0.4328,18.06377602,FullOfHolesCondition,HighCongestionCondition,EvenPaceStyle
0.099998474,20.52315712,7.300877786,20.25882569,5.983212471,-1.2529,67.45098114,1408.0,16.79999924,0.5464,18.07457352,FullOfHolesCondition,HighCongestionCondition,EvenPaceStyle
-0.100002289,26.65276527,7.374011032,22.80554698,4.387994766,-1.3593,61.96078491,1769.0,20.21999931,0.5742,18.11820221,FullOfHolesCondition,HighCongestionCondition,EvenPaceStyle
0.199996948,29.30187607,7.534770703,28.37209149,2.649110794,-1.3668,53.72549057,1918.5,21.32999992,0.6078,18.13384819,FullOfHolesCondition,HighCongestionCondition,EvenPaceStyle
0.299999237,30.18691635,7.753281013,35.47741621,0.885040283,-1.3089,0.0,1175.5,12.40999985,0.5007,18.08210373,FullOfHolesCondition,HighCongestionCondition,EvenPaceStyle
-0.700000763,31.07281685,8.028828883,43.8365069,0.885900497,-1.3762,39.60784531,1235.5,14.90999985,0.3889,18.06331444,FullOfHolesCondition,HighCongestionCondition,EvenPaceStyle
-1.299999237,33.7349968,9.240723395,71.20781814,2.662179947,-2.0552,69.41176605,1468.5,16.21999931,0.3943,17.95117378,FullOfHolesCondition,HighCongestionCondition,EvenPaceStyle
-0.799999237,34.62369156,10.20003488,90.86113123,0.888694763,-2.1018,51.37255096,1547.5,14.80000019,0.3358,17.85471725,FullOfHolesCondition,HighCongestionCondition,EvenPaceStyle
-1.799999237,39.07492828,11.76504886,123.0504558,3.561973572,-1.8272,1.568627477,1492.5,17.15999985,0.4257,17.733284,FullOfHolesCondition,HighCongestionCondition,EvenPaceStyle
-0.700000763,31.95950508,14.24501674,160.3504958,-0.887411118,-0.3485,1.960784316,1235.5,15.72000027,0.097,17.72068787,FullOfHolesCondition,HighCongestionCondition,EvenPaceStyle
-1.0,30.18691635,14.65813202,163.1584616,-1.77258873,-0.1411,3.921568632,1185.0,14.93999958,-0.1485,17.72672081,FullOfHolesCondition,HighCongestionCondition,EvenPaceStyle
-1.299999237,29.30187607,15.05649663,165.1788779,-0.885040283,-0.2112,5.882352829,1125.0,12.52000046,-0.2958,17.72399902,FullOfHolesCondition,HighCongestionCondition,EvenPaceStyle
-0.900001526,27.53470421,15.42540837,166.0990809,-1.76717186,-0.0362,9.019607544,1070.5,9.470000267,-0.3241,17.68737221,FullOfHolesCondition,HighCongestionCondition,EvenPaceStyle
-1.200000763,26.65276527,15.77962113,166.4044491,-0.881938934,-0.162,12.54901981,1023.0,7.269999981,-0.3602,17.63108826,FullOfHolesCondition,HighCongestionCondition,EvenPaceStyle
-0.799999237,24.01499557,16.7396301,163.9538342,-0.877775192,-0.1405,25.88235283,926.0,5.940000057,-0.3329,17.40234184,FullOfHolesCondition,HighCongestionCondition,EvenPaceStyle
-0.400001526,23.13892746,17.0352789,162.379585,-0.876068115,0.0085,28.62745094,887.5,5.989999771,-0.4917,17.32910347,FullOfHolesCondition,HighCongestionCondition,EvenPaceStyle
0.100002289,22.26477051,17.31635842,160.468187,-0.874156952,0.2899,31.37254906,791.5,5.110000134,-0.5655,17.23017311,UnevenCondition,HighCongestionCondition,EvenPaceStyle
0.799999237,21.3927536,17.86398383,156.0463387,-0.872016907,0.5553,32.94117737,990.0,6.860000134,-0.4406,17.27752113,UnevenCondition,HighCongestionCondition,EvenPaceStyle
1.599998474,46.79999924,27.91499914,62.25993807,1.799999237,-1.1835,67.05882263,1392.5,16.40999985,0.435,14.42829514,UnevenCondition,NormalCongestionCondition,EvenPaceStyle
0.600002289,46.79999924,28.84499912,80.68217504,-1.799999237,-1.0593,0.0,1321.0,16.19000053,0.1421,14.17459869,UnevenCondition,NormalCongestionCondition,EvenPaceStyle
0.799999237,44.09999847,29.08499912,84.55553065,-2.700000763,-0.9121,1.960784316,1253.5,15.40999985,0.0471,14.11241245,UnevenCondition,NormalCongestionCondition,EvenPaceStyle
0.5,42.29999924,29.30999912,87.46260698,-1.799999237,-1.0577,5.09803915,1185.0,9.909999847,0.0178,14.01903057,UnevenCondition,NormalCongestionCondition,EvenPaceStyle
1.0,38.70000076,29.48999914,88.89040413,-3.599998474,-1.1576,57.25490189,1135.0,14.15999985,-0.0062,13.96491623,UnevenCondition,NormalCongestionCondition,EvenPaceStyle
1.100002289,40.5,29.98499915,91.77688721,0.900001526,-1.0895,86.66667175,1222.0,16.15999985,-0.0618,13.90653133,UnevenCondition,NormalCongestionCondition,EvenPaceStyle
-0.200000763,41.39999771,30.32999913,92.40314928,0.899997711,-1.0177,82.35294342,1280.5,16.96999931,-0.0645,13.88788986,UnevenCondition,NormalCongestionCondition,EvenPaceStyle
-0.899997711,43.19999695,30.74999908,92.45440298,1.799999237,-0.8746,19.2156868,1293.5,16.12999916,-0.0575,13.85906696,UnevenCondition,NormalCongestionCondition,EvenPaceStyle
-0.700000763,44.09999847,31.19999905,92.111183,0.900001526,-0.8624,1.568627477,1257.5,14.55000019,-0.0304,13.83546257,UnevenCondition,NormalCongestionCondition,EvenPaceStyle
1.5,43.19999695,31.66499901,90.04705516,-0.900001526,-0.9377,74.11764526,1278.5,14.85999966,-0.1036,13.81121349,UnevenCondition,NormalCongestionCondition,EvenPaceStyle
1.5,45.0,32.53499899,88.10671587,1.800003052,-0.8054,2.352941275,1290.5,15.57999992,-0.1975,13.77984142,UnevenCondition,NormalCongestionCondition,EvenPaceStyle
0.700000763,44.09999847,32.92499898,87.84495291,-0.900001526,-0.6713,1.568627477,1254.0,15.90999985,-0.2156,13.75493622,UnevenCondition,NormalCongestionCondition,EvenPaceStyle
2.299999237,42.29999924,34.04999892,88.39067257,0.900001526,-0.8819,72.94117737,1282.0,14.93999958,-0.2057,13.61832047,UnevenCondition,NormalCongestionCondition,EvenPaceStyle
1.600002289,44.09999847,34.34999892,88.93982484,1.799999237,-0.9029,72.54901886,1332.5,14.65999985,-0.3158,13.5845089,UnevenCondition,NormalCongestionCondition,EvenPaceStyle
-0.099998474,46.79999924,35.11499888,89.14095223,0.900001526,-0.9802,67.84313965,1408.0,15.47000027,-0.1896,13.52572632,UnevenCondition,NormalCongestionCondition,EvenPaceStyle
0.099998474,48.59999847,35.51999887,90.07382506,1.799999237,-0.9085,65.09803772,1448.5,15.98999977,-0.178,13.4968462,UnevenCondition,NormalCongestionCondition,EvenPaceStyle
0.199996948,50.39999771,36.31499888,93.48840949,0.899997711,-0.6445,61.56863022,1516.0,15.88000011,0.1787,13.40942001,UnevenCondition,NormalCongestionCondition,EvenPaceStyle
0.299999237,51.29999924,36.73499889,95.34637562,0.900001526,-0.5805,61.17647171,1534.0,16.19000053,0.2911,13.35628986,UnevenCondition,NormalCongestionCondition,EvenPaceStyle
0.099998474,49.5,37.52999891,97.53772392,-1.799999237,-0.3415,9.8039217,1524.0,18.77000046,0.1733,13.27384567,UnevenCondition,NormalCongestionCondition,EvenPaceStyle
0.399997711,48.59999847,37.87499889,97.92190197,-0.900001526,-0.3968,0.0,1477.0,18.23999977,0.2047,13.23933983,UnevenCondition,NormalCongestionCondition,EvenPaceStyle
-1.599998474,45.89999771,39.23999879,92.97701139,-0.900001526,-0.2697,63.52941132,1348.0,13.07999992,0.1613,13.16615868,UnevenCondition,NormalCongestionCondition,EvenPaceStyle
-2.399997711,45.0,40.30499875,82.51268143,-0.899997711,-0.4527,58.8235321,1340.0,13.30000019,0.1249,13.10179424,UnevenCondition,NormalCongestionCondition,EvenPaceStyle
-2.699996948,45.89999771,40.64999873,79.05507961,0.899997711,-0.5995,56.86274719,1354.0,13.32999992,0.0692,13.06030941,UnevenCondition,NormalCongestionCondition,EvenPaceStyle
-0.800003052,48.59999847,42.83999859,42.64718304,0.900001526,-0.3482,59.2156868,1342.5,13.48999977,-0.0259,12.84441376,UnevenCondition,NormalCongestionCondition,EvenPaceStyle
-1.200000763,50.39999771,43.30499856,36.38387026,1.799999237,-0.5241,58.8235321,1354.5,13.65999985,-0.0763,12.81916618,UnevenCondition,NormalCongestionCondition,EvenPaceStyle
-0.799999237,45.89999771,43.67999852,29.63959126,-4.5,-0.4148,57.25490189,1373.5,13.48999977,-0.1049,12.8035965,UnevenCondition,NormalCongestionCondition,EvenPaceStyle
-2.099998474,24.29999924,23.54999918,401.0231914,9.0,-0.8147,70.58823395,1796.5,22.65999985,0.4866,13.0940485,UnevenCondition,NormalCongestionCondition,EvenPaceStyle
-2.0,28.79999924,23.2649992,392.9412688,4.5,-0.8179,65.49019623,2077.5,23.29999924,0.5177,13.12595081,UnevenCondition,NormalCongestionCondition,AggressiveStyle
-0.299999237,38.70000076,22.28999927,359.5127559,5.400001526,-1.0171,71.37255096,1711.5,19.54999924,0.763,13.36491108,UnevenCondition,NormalCongestionCondition,AggressiveStyle
0.200000763,41.39999771,22.18499928,354.7477145,2.699996948,-1.1134,70.58823395,1819.5,20.82999992,0.8656,13.47858524,UnevenCondition,NormalCongestionCondition,AggressiveStyle
-0.199996948,46.79999924,22.03499928,347.1602574,0.900001526,-1.1505,2.745098114,1866.5,24.44000053,0.8567,13.47667122,UnevenCondition,NormalCongestionCondition,AggressiveStyle
0.100002289,45.0,22.00499929,345.7031733,-1.799999237,-1.1183,52.94117737,1834.0,17.77000046,0.8745,13.46812057,UnevenCondition,NormalCongestionCondition,AggressiveStyle
0.200000763,33.29999924,21.28499934,316.7463624,-2.700000763,0.0597,27.84313774,744.5,5.909999847,-0.3201,13.35839653,UnevenCondition,NormalCongestionCondition,EvenPaceStyle
-0.900001526,29.69999886,21.05999937,309.7549657,-3.600000381,0.2223,39.2156868,727.0,5.409999847,-0.486,13.2965374,UnevenCondition,NormalCongestionCondition,EvenPaceStyle
-0.399997711,22.5,20.72999939,302.0329659,-7.199998856,0.3201,34.50980377,755.0,5.190000057,-0.5805,13.27583599,UnevenCondition,NormalCongestionCondition,EvenPaceStyle
-1.0,15.29999924,20.29499941,295.0987722,-7.200000763,0.5663,34.90196228,761.0,5.159999847,-0.768,13.29521656,UnevenCondition,NormalCongestionCondition,EvenPaceStyle
0.099998474,7.199999809,19.75499943,291.391993,-8.099999428,0.786,35.68627548,757.5,5.190000057,-0.8681,13.35375023,UnevenCondition,NormalCongestionCondition,AggressiveStyle
0.799999237,3.599999905,16.24499953,319.6733471,3.599999905,0.7497,70.19608307,729.5,7.329999924,-0.6857,13.43178177,UnevenCondition,NormalCongestionCondition,EvenPaceStyle
1.099998474,8.099999428,16.19999953,320.293203,4.499999523,0.6818,59.2156868,1111.0,12.02000046,-0.5831,13.46483707,UnevenCondition,NormalCongestionCondition,EvenPaceStyle
1.200000763,11.69999981,16.25999954,319.5207284,3.600000381,0.7046,0.0,1691.5,17.57999992,-0.4631,13.49615669,UnevenCondition,NormalCongestionCondition,EvenPaceStyle
0.900001526,15.29999924,16.43999952,317.1593727,3.599999428,0.6101,78.4313736,815.0,6.659999847,-0.3904,13.4925518,UnevenCondition,NormalCongestionCondition,EvenPaceStyle
1.100002289,14.39999962,16.64999952,313.5523559,-0.899999619,0.3887,76.07843018,939.0,9.239999771,-0.3049,13.50022411,UnevenCondition,NormalCongestionCondition,EvenPaceStyle
0.899997711,18.89999962,17.23499949,303.8961955,2.700000763,0.1053,71.76470947,1339.0,15.43999958,-0.03,13.54885864,UnevenCondition,NormalCongestionCondition,EvenPaceStyle
1.399997711,21.59999847,17.59499947,299.0526702,2.699998856,-0.0402,50.98039246,1463.5,13.63000011,0.0297,13.55595016,UnevenCondition,NormalCongestionCondition,EvenPaceStyle
1.299999237,23.39999962,17.98499946,294.2219587,1.800001144,-0.0767,8.627450943,1430.0,17.32999992,0.0957,13.57433605,UnevenCondition,NormalCongestionCondition,EvenPaceStyle
0.800003052,22.5,18.35999946,288.9420862,-0.899999619,-0.153,0.0,1234.0,15.23999977,0.2416,13.59232044,UnevenCondition,NormalCongestionCondition,EvenPaceStyle
0.5,19.79999924,18.68999945,283.1531035,-2.700000763,-0.2793,4.313725471,1072.0,9.489999771,0.3426,13.60023975,UnevenCondition,NormalCongestionCondition,EvenPaceStyle
-0.100002289,17.10000038,18.97499946,277.1927394,-2.699998856,-0.3812,18.4313736,995.5,7.739999771,0.4267,13.59941101,UnevenCondition,NormalCongestionCondition,EvenPaceStyle
-0.5,15.29999924,19.22999944,271.2529686,-1.800001144,-0.3784,47.84313965,996.0,7.71999979,0.4371,13.59654903,UnevenCondition,NormalCongestionCondition,EvenPaceStyle
-0.100002289,45.89999771,44.83499851,14.7033298,-0.900001526,-0.4683,20.7843132,1377.0,14.40999985,-0.3042,12.76096153,UnevenCondition,NormalCongestionCondition,EvenPaceStyle
0.100002289,45.0,45.04499855,12.03810912,-0.899997711,-0.2762,59.60784531,1360.5,12.55000019,-0.1752,12.74470997,UnevenCondition,NormalCongestionCondition,EvenPaceStyle
0.099998474,45.89999771,45.2399985,10.01837264,0.899997711,-0.2998,14.50980377,1340.5,16.48999977,-0.168,12.75148582,UnevenCondition,NormalCongestionCondition,EvenPaceStyle
0.700000763,45.0,45.40499852,8.248957352,-0.899997711,-0.4781,0.0,1298.0,13.73999977,-0.2067,12.74574089,UnevenCondition,NormalCongestionCondition,EvenPaceStyle
1.400001526,44.09999847,45.47999852,7.70094887,-0.900001526,-0.4303,62.74509811,1297.0,11.40999985,-0.1247,12.72553349,UnevenCondition,NormalCongestionCondition,EvenPaceStyle
0.099998474,42.29999924,45.49499855,7.425228597,-0.899997711,-0.3047,3.529411793,1210.0,15.47000027,-0.1351,12.74963093,UnevenCondition,NormalCongestionCondition,EvenPaceStyle
1.0,41.39999771,45.43499851,7.701635513,-0.900001526,-0.1827,7.450980663,1143.0,13.23999977,-0.1326,12.75175285,UnevenCondition,NormalCongestionCondition,EvenPaceStyle
1.399997711,39.59999847,45.34499849,8.267262656,-1.799999237,-0.0988,14.50980377,1002.5,8.829999924,-0.1405,12.72167206,UnevenCondition,NormalCongestionCondition,EvenPaceStyle
0.900001526,36.89999771,45.20999845,9.455491699,-2.700000763,0.0247,34.11764908,757.5,6.190000057,-0.1686,12.6475153,UnevenCondition,NormalCongestionCondition,EvenPaceStyle
-0.100002289,30.59999847,44.72999846,14.80789753,-3.600002289,0.2281,34.11764908,771.0,5.130000114,-0.3313,12.49768353,UnevenCondition,NormalCongestionCondition,EvenPaceStyle
0.0,27.0,44.36999849,19.7502695,-3.599998474,0.3551,33.72549057,763.0,5.269999981,-0.4937,12.4681921,UnevenCondition,NormalCongestionCondition,EvenPaceStyle
1.700000763,17.10000038,43.63499851,35.35146246,-12.59999847,0.4531,34.50980377,756.5,5.110000134,-0.5245,12.44090462,UnevenCondition,NormalCongestionCondition,EvenPaceStyle
1.5,15.29999924,43.18499851,48.7233262,-1.800001144,0.7491,34.90196228,764.5,5.269999981,-0.467,12.43968487,UnevenCondition,NormalCongestionCondition,EvenPaceStyle
0.799999237,10.79999924,42.29999851,79.18779076,-3.600000381,0.8222,36.07843018,763.5,5.239999771,-0.5346,12.4636755,UnevenCondition,NormalCongestionCondition,EvenPaceStyle
1.400001526,4.5,40.60499857,137.0435246,-3.599999428,0.7552,36.86274719,759.5,5.050000191,-0.7571,12.61535645,UnevenCondition,NormalCongestionCondition,EvenPaceStyle
0.199996948,6.299999714,26.15999902,432.508848,6.299999714,-0.4037,87.45098114,1450.5,19.65999985,0.0541,12.88903522,UnevenCondition,NormalCongestionCondition,EvenPaceStyle
-0.899997711,9.899999619,25.52999907,428.7224425,3.599999905,-0.4472,56.47058868,1949.0,20.98999977,0.0721,12.93812466,UnevenCondition,NormalCongestionCondition,EvenPaceStyle
-1.599998474,13.5,24.95999912,422.5142743,3.600000381,-0.5423,0.0,908.0,9.989999771,0.1765,12.96320152,UnevenCondition,NormalCongestionCondition,EvenPaceStyle
-2.099998474,14.39999962,24.41999913,416.023291,0.899999619,-0.6855,89.80392456,1239.0,16.52000046,0.2627,13.01772022,UnevenCondition,NormalCongestionCondition,EvenPaceStyle
0.0,5.399999619,5.399999619,7.22e-30,0.0,-0.3788,34.90196228,779.0,9.579999924,-0.1045,18.38811493,UnevenCondition,HighCongestionCondition,EvenPaceStyle
0.200000763,5.474486351,5.401241064,9.25e-05,0.074486732,-0.312,34.11764908,798.5,9.109999657,0.0321,18.3003006,UnevenCondition,HighCongestionCondition,EvenPaceStyle
0.0,5.692099571,5.407350842,0.001579263,0.21761322,-0.2817,38.4313736,776.0,5.630000114,-0.0168,18.31839752,UnevenCondition,HighCongestionCondition,EvenPaceStyle
3.299995422,5.692099571,5.426824172,0.006687035,0.292099953,-0.5831,58.4313736,1351.5,9.859999657,0.0493,18.58700752,UnevenCondition,HighCongestionCondition,EvenPaceStyle
3.899993896,6.03738308,5.43744723,0.012878419,0.345283508,-0.577,11.76470566,1136.5,12.88000011,0.0434,18.64927483,UnevenCondition,HighCongestionCondition,EvenPaceStyle
0.900001526,7.636752605,5.474726446,0.09342346,1.599369526,-0.5137,27.05882454,790.5,10.88000011,0.044,18.80196381,UnevenCondition,HighCongestionCondition,EvenPaceStyle
0.400001526,13.70839119,5.724445748,1.917169347,1.633625031,-0.6481,75.29412079,849.5,6.860000134,0.0849,18.79053116,UnevenCondition,HighCongestionCondition,EvenPaceStyle
-0.300003052,12.88603878,5.849213068,2.768849625,-0.822352409,-0.6045,35.68627548,924.0,8.359999657,0.0519,18.81569672,UnevenCondition,HighCongestionCondition,EvenPaceStyle
0.699996948,13.70839119,6.11245358,4.577701784,0.822352409,-0.4774,24.31372643,847.5,6.329999924,0.0128,18.80798912,UnevenCondition,HighCongestionCondition,EvenPaceStyle
-0.800003052,13.70839119,6.777407797,8.574141064,0.822352409,-1.053,54.50980377,978.5,8.050000191,0.2567,18.93642616,UnevenCondition,HighCongestionCondition,EvenPaceStyle
1.600006104,16.2249794,7.09629732,10.73344957,2.516588211,-0.7695,60.39215851,873.0,6.989999771,0.21,18.93694878,UnevenCondition,HighCongestionCondition,EvenPaceStyle
2.100006104,15.3792057,7.262617421,11.81937165,-0.845773697,-0.5951,57.25490189,902.0,7.110000134,0.2468,18.93579674,UnevenCondition,HighCongestionCondition,EvenPaceStyle
-0.200000763,31.07281685,43.04545927,86.83867849,0.0,0.931,83.52941132,1249.5,14.80000019,-0.2077,16.91421509,UnevenCondition,NormalCongestionCondition,EvenPaceStyle
1.600002289,37.47805300018729,42.73372518,82.40467922,-31.07281685,0.882,19.2156868,1251.5,15.73999977,-0.198,16.86672592,UnevenCondition,NormalCongestionCondition,EvenPaceStyle
-1.0,30.59999847,41.8795559,73.41577142,30.59999847,0.5752,3.137254953,1122.5,14.72000027,-0.1834,16.75060844,UnevenCondition,NormalCongestionCondition,EvenPaceStyle
-0.700000763,25.19999886,39.79812708,68.07673472,-1.800001144,0.7785,18.8235302,1010.0,8.159999847,-0.4158,16.54303932,UnevenCondition,NormalCongestionCondition,EvenPaceStyle
-0.5,24.29999924,39.21963455,66.2314593,-0.899999619,0.8191,45.49019623,824.5,5.360000134,-0.62,16.43733025,UnevenCondition,NormalCongestionCondition,EvenPaceStyle
-1.400001526,20.69999886,38.56362241,65.11973964,-3.600000381,0.7468,36.07843018,943.5,6.630000114,-0.5464,16.40741539,UnevenCondition,NormalCongestionCondition,EvenPaceStyle
-4.400001526,15.29999924,37.81450683,66.89536391,-5.399999619,0.8094,36.86274719,754.5,5.519999981,-0.5377,16.39078903,UnevenCondition,NormalCongestionCondition,EvenPaceStyle
-1.599998474,8.099999428,36.17620519,82.51112432,-0.900000572,0.4556,35.29411697,771.0,5.300000191,-0.395,16.47638512,UnevenCondition,NormalCongestionCondition,EvenPaceStyle
-1.700000763,6.299999714,35.3954565,93.38569099,-1.799999714,0.1862,36.47058868,777.0,5.269999981,-0.2833,16.51938057,UnevenCondition,NormalCongestionCondition,EvenPaceStyle
-2.899997711,8.099999428,33.31559874,124.5068318,1.799999714,0.3147,89.41176605,737.5,7.46999979,-0.2846,16.66462135,UnevenCondition,NormalCongestionCondition,EvenPaceStyle
-2.799999237,10.79999924,32.75118166,131.2439348,2.699999809,0.0454,100.0,877.0,10.55000019,-0.1549,16.71736145,UnevenCondition,NormalCongestionCondition,EvenPaceStyle
-1.599998474,14.39999962,32.2026204,133.6649231,3.600000381,-0.1667,89.01960754,1070.0,13.32999992,-0.0883,16.77627373,UnevenCondition,NormalCongestionCondition,EvenPaceStyle
-0.5,16.19999886,31.65426369,133.470857,1.799999237,-0.3786,70.19608307,1322.5,15.15999985,-0.1752,16.81196404,UnevenCondition,NormalCongestionCondition,EvenPaceStyle
-0.699996948,18.0,31.15235838,132.2942379,1.800001144,-0.3084,69.01960754,1513.5,17.29999924,-0.1946,16.83448982,UnevenCondition,NormalCongestionCondition,EvenPaceStyle
0.200000763,26.09999847,30.41202396,125.9936693,3.599998474,-0.3847,57.64706039,1830.5,17.79999924,0.0271,16.85123634,UnevenCondition,NormalCongestionCondition,EvenPaceStyle
-0.400001526,28.79999924,30.12714737,122.0561108,2.700000763,-0.3018,58.8235321,2000.0,19.27000046,0.1274,16.86991692,UnevenCondition,NormalCongestionCondition,EvenPaceStyle
-0.099998474,30.59999847,29.87330525,117.9434299,1.799999237,-0.2862,1.568627477,784.0,22.52000046,0.1075,16.8931694,UnevenCondition,NormalCongestionCondition,AggressiveStyle
0.200000763,33.29999924,29.34332482,109.6192616,1.799999237,-0.4986,44.31372452,1384.5,15.27000046,0.3445,16.76944733,UnevenCondition,NormalCongestionCondition,AggressiveStyle
0.299999237,34.20000076,29.28999673,108.9214466,0.900001526,-0.6414,0.0,1433.0,17.21999931,0.4918,16.80010033,UnevenCondition,NormalCongestionCondition,AggressiveStyle
-1.099998474,30.59999847,29.13717503,107.5196614,-1.799999237,-0.662,1.568627477,1201.0,14.85999966,0.5487,17.08885193,UnevenCondition,NormalCongestionCondition,AggressiveStyle
-1.100002289,29.69999886,29.05228377,106.9897829,-0.899999619,-0.5435,3.137254953,1145.0,14.18999958,0.5002,17.15742874,UnevenCondition,NormalCongestionCondition,EvenPaceStyle
-1.400001526,29.69999886,28.18172957,96.15763598,0.899999619,-0.4308,0.0,1186.5,14.60999966,0.2382,17.32315445,UnevenCondition,NormalCongestionCondition,EvenPaceStyle
-1.0,28.79999924,27.91225745,91.45911588,-0.899999619,-0.3126,1.960784316,1110.5,13.82999992,0.1917,17.35230637,UnevenCondition,NormalCongestionCondition,EvenPaceStyle
-1.599998474,26.09999847,27.37282851,83.57837891,-1.800001144,-0.0011,35.29411697,766.0,5.860000134,-0.0189,17.16947937,UnevenCondition,NormalCongestionCondition,EvenPaceStyle
-0.299999237,18.0,26.45326913,78.29460643,-2.699998856,0.2556,35.68627548,938.5,5.21999979,-0.2725,16.95980644,UnevenCondition,NormalCongestionCondition,EvenPaceStyle
-0.5,17.10000038,26.12046313,77.98000001,-0.899999619,0.141,29.80392265,1009.0,8.079999924,-0.2722,16.9138031,UnevenCondition,NormalCongestionCondition,EvenPaceStyle
-0.600002289,24.29999924,36.25499908,115.1597987,-2.700000763,0.6597,32.94117737,746.0,4.440000057,-0.1771,11.12349033,FullOfHolesCondition,LowCongestionCondition,EvenPaceStyle
-0.299999237,20.69999886,35.86499909,118.0629854,-3.600000381,0.6471,34.50980377,748.5,4.380000114,-0.2148,11.10528088,FullOfHolesCondition,LowCongestionCondition,EvenPaceStyle
-0.899997711,18.0,35.42999911,122.1306037,-2.699998856,0.7,0.0,976.5,9.159999847,-0.2598,11.132967,FullOfHolesCondition,LowCongestionCondition,EvenPaceStyle
-2.0,14.39999962,34.91999911,127.8097556,-3.600000381,0.4809,77.64705658,1042.5,11.15999985,-0.165,11.15389824,FullOfHolesCondition,LowCongestionCondition,EvenPaceStyle
-2.100002289,16.19999886,34.42499913,131.4568156,1.799999237,0.3841,85.09803772,1272.5,13.85999966,-0.1237,11.19062996,FullOfHolesCondition,LowCongestionCondition,EvenPaceStyle
-1.5,18.89999962,33.95999913,132.7265018,2.700000763,0.0434,76.07843018,1538.0,18.21999931,-0.1613,11.21606064,FullOfHolesCondition,LowCongestionCondition,EvenPaceStyle
-2.0,31.5,32.9099992,123.2948075,3.600000381,0.1232,0.0,887.0,21.65999985,-0.1203,11.26018333,FullOfHolesCondition,LowCongestionCondition,EvenPaceStyle
-1.799999237,33.29999924,31.78499926,101.8263778,0.900001526,0.581,76.86274719,1406.0,16.86000061,0.0214,11.31630993,FullOfHolesCondition,LowCongestionCondition,EvenPaceStyle
-1.699996948,38.70000076,31.36499931,92.44502235,4.5,0.3986,69.80392456,1601.5,17.57999992,0.1018,11.33142853,FullOfHolesCondition,LowCongestionCondition,EvenPaceStyle
-0.399997711,40.5,31.24499936,89.32217643,1.799999237,0.35,70.19608307,1699.0,17.87999916,0.1116,11.33807373,FullOfHolesCondition,LowCongestionCondition,EvenPaceStyle
0.200000763,45.0,31.18499932,87.8321411,-2.699996948,-0.2829,40.39215851,1802.0,21.82999992,0.4183,11.48485565,FullOfHolesCondition,LowCongestionCondition,EvenPaceStyle
0.0,44.09999847,31.19999935,88.21220102,-0.900001526,-0.1986,0.0,1734.5,22.40999985,0.5012,11.50090981,FullOfHolesCondition,LowCongestionCondition,EvenPaceStyle
1.100002289,37.79999924,32.02499925,84.30291989,2.700000763,-0.0954,70.19608307,1627.0,16.69000053,0.2036,11.57392216,FullOfHolesCondition,LowCongestionCondition,EvenPaceStyle
1.200000763,39.59999847,32.48999923,78.05379297,1.799999237,-0.2419,70.98039246,1701.0,16.73999977,0.2314,11.57898045,FullOfHolesCondition,LowCongestionCondition,EvenPaceStyle
0.899997711,45.0,33.97499917,63.22461455,1.800003052,-0.4542,47.05882263,1825.0,17.73999977,0.1562,11.65394878,FullOfHolesCondition,LowCongestionCondition,EvenPaceStyle
0.900001526,45.89999771,34.37999916,62.87246961,0.899997711,-0.2672,1.568627477,1845.5,20.07999992,0.1035,11.66403675,FullOfHolesCondition,LowCongestionCondition,EvenPaceStyle
0.5,45.0,34.69499919,63.52115615,-0.899997711,-0.3065,56.07843399,1785.0,22.77000046,0.1482,11.67966461,FullOfHolesCondition,LowCongestionCondition,EvenPaceStyle
0.200000763,43.19999695,34.97999916,63.41246887,-1.800003052,-0.2001,46.66666794,1769.0,15.80000019,0.0607,11.67884922,FullOfHolesCondition,LowCongestionCondition,EvenPaceStyle
2.100002289,39.59999847,36.38999891,65.27684022,-1.799999237,0.0822,0.0,1554.5,19.23999977,0.0493,11.77510643,FullOfHolesCondition,LowCongestionCondition,EvenPaceStyle
-2.0,45.89999771,45.25499878,97.88895954,-0.900001526,-0.771,0.0,1360.0,16.71999931,-0.2102,11.96707439,UnevenCondition,NormalCongestionCondition,EvenPaceStyle
-1.700000763,44.09999847,45.89999876,83.9105102,-1.799999237,-0.7537,14.50980377,766.0,6.659999847,-0.3526,11.92386341,UnevenCondition,NormalCongestionCondition,EvenPaceStyle
-2.099998474,41.39999771,46.69499868,58.18523295,-1.799999237,-0.5463,34.11764908,760.5,5.079999924,-0.6059,11.78548908,UnevenCondition,NormalCongestionCondition,EvenPaceStyle
-1.900001526,38.70000076,46.97999872,48.51213897,-2.699996948,-0.0634,33.33333206,742.0,4.440000057,-0.6713,11.61709881,UnevenCondition,NormalCongestionCondition,EvenPaceStyle
-2.400001526,35.09999847,47.12999872,43.49196941,-3.600002289,0.0633,35.29411697,747.5,4.380000114,-0.9431,11.47810555,UnevenCondition,NormalCongestionCondition,EvenPaceStyle
0.0,14.39999962,46.79999882,61.66983025,-5.399999619,0.4267,32.54901886,739.5,4.380000114,-1.4236,11.29130077,FullOfHolesCondition,LowCongestionCondition,EvenPaceStyle
-0.200000763,11.69999981,46.40999885,80.07650692,-2.699999809,0.4917,18.8235302,766.5,4.550000191,-1.5714,11.26758671,FullOfHolesCondition,LowCongestionCondition,EvenPaceStyle
-0.5,12.59999943,46.00499887,97.75166693,0.899999619,0.4193,93.72549438,866.0,9.520000458,-1.5263,11.27004719,FullOfHolesCondition,LowCongestionCondition,EvenPaceStyle
-0.700000763,11.69999981,45.5399989,116.7827759,-0.899999619,0.42,87.05882263,895.0,11.27000046,-1.4013,11.27230835,FullOfHolesCondition,LowCongestionCondition,EvenPaceStyle
0.300003052,21.59999847,44.75999888,139.8654881,5.399999619,0.371,74.90196228,1571.5,17.40999985,-1.1927,11.27869987,FullOfHolesCondition,LowCongestionCondition,EvenPaceStyle
0.699996948,26.09999847,44.41499887,145.5755307,4.5,0.4942,68.62744904,1833.0,19.07999992,-1.1771,11.27345276,FullOfHolesCondition,LowCongestionCondition,EvenPaceStyle
0.699996948,27.89999962,43.66499883,154.4351911,1.800001144,0.5497,8.235294342,1231.0,8.630000114,-1.229,11.20267963,FullOfHolesCondition,LowCongestionCondition,EvenPaceStyle
-0.200000763,29.69999886,43.31999885,156.8507761,1.799999237,0.4877,78.4313736,1293.5,13.07999992,-1.2349,11.19704151,FullOfHolesCondition,LowCongestionCondition,EvenPaceStyle
0.5,31.5,42.59999887,159.1352503,1.800001144,0.4818,25.09803963,1428.0,17.46999931,-1.0004,11.1701479,FullOfHolesCondition,LowCongestionCondition,EvenPaceStyle
-1.700000763,30.59999847,40.69499895,151.4862409,-2.700000763,0.2093,80.78431702,1233.5,15.38000011,-0.4043,11.12783146,FullOfHolesCondition,LowCongestionCondition,EvenPaceStyle
-2.299999237,31.5,39.92999892,148.0506042,0.900001526,0.0893,79.21569061,1416.0,14.97000027,-0.2095,11.11295605,FullOfHolesCondition,LowCongestionCondition,EvenPaceStyle
-2.700000763,36.0,39.25499892,142.3428485,4.5,-0.1233,70.98039246,1494.5,15.90999985,0.2021,11.09918499,FullOfHolesCondition,LowCongestionCondition,EvenPaceStyle
-2.900001526,38.70000076,38.96999895,137.6258568,2.700000763,-0.1115,20.0,1597.5,16.96999931,0.405,11.09189034,FullOfHolesCondition,LowCongestionCondition,EvenPaceStyle
-2.899997711,40.5,38.71499896,132.798577,1.799999237,-0.0793,0.0,1638.0,20.44000053,0.4168,11.10112572,FullOfHolesCondition,LowCongestionCondition,EvenPaceStyle
-0.299999237,29.69999886,36.92999902,113.9756881,-2.699998856,0.6255,23.52941132,740.5,5.519999981,-0.0058,11.19311047,FullOfHolesCondition,LowCongestionCondition,EvenPaceStyle
2.299999237,34.20000076,36.64499896,63.78657735,-1.799999237,-0.192,0.0,1313.0,15.97000027,0.0851,11.69891167,FullOfHolesCondition,LowCongestionCondition,EvenPaceStyle
2.400001526,32.39999771,36.65999893,63.64311161,-1.800003052,-0.2588,71.37255096,1310.0,14.63000011,0.1384,11.68554306,FullOfHolesCondition,LowCongestionCondition,EvenPaceStyle
1.800003052,38.70000076,36.41999884,63.57721314,1.800003052,-0.1961,74.11764526,1676.5,16.96999931,0.3479,11.63664627,FullOfHolesCondition,LowCongestionCondition,EvenPaceStyle
0.5,43.19999695,36.52499882,64.3412212,2.699996948,-0.414,63.52941132,1821.0,17.77000046,0.4507,11.60172176,FullOfHolesCondition,LowCongestionCondition,EvenPaceStyle
0.799999237,44.09999847,37.0349988,66.85450954,-0.900001526,-0.2403,29.01960754,1778.5,15.38000011,0.3313,11.63680172,FullOfHolesCondition,LowCongestionCondition,EvenPaceStyle
2.200000763,35.09999847,39.10499868,32.05471499,-0.900001526,-0.192,12.15686321,1386.0,13.72000027,0.0962,11.68849182,FullOfHolesCondition,LowCongestionCondition,EvenPaceStyle
2.299999237,33.29999924,39.34499868,25.64793586,-1.799999237,-0.0797,80.39215851,1418.0,15.40999985,0.1322,11.69462872,FullOfHolesCondition,LowCongestionCondition,EvenPaceStyle
1.799999237,36.0,39.55499868,21.48352944,2.700000763,-0.2039,65.88235474,1487.0,15.30000019,0.1075,11.6941328,FullOfHolesCondition,LowCongestionCondition,EvenPaceStyle
2.599998474,35.09999847,39.67499866,19.50291967,-0.900001526,-0.3258,78.8235321,1591.0,19.46999931,0.2692,11.79289436,FullOfHolesCondition,LowCongestionCondition,EvenPaceStyle
1.5,42.29999924,39.86999861,18.29501375,7.200000763,-0.6321,74.50980377,1791.5,20.98999977,0.1374,11.84138966,FullOfHolesCondition,LowCongestionCondition,EvenPaceStyle
1.600002289,44.09999847,40.0499986,17.83372574,1.799999237,-0.7281,70.19608307,1880.0,20.48999977,0.0547,11.85325909,FullOfHolesCondition,LowCongestionCondition,EvenPaceStyle
0.5,44.09999847,40.75499852,16.80658209,-0.900001526,-0.3715,32.54901886,1770.5,14.27000046,-0.1892,11.90878296,FullOfHolesCondition,LowCongestionCondition,EvenPaceStyle
0.699996948,42.29999924,40.76999849,16.64755668,-0.899997711,-0.3595,36.47058868,1725.5,14.38000011,-0.0319,12.03012466,FullOfHolesCondition,LowCongestionCondition,EvenPaceStyle
0.5,35.09999847,40.31999855,15.01382886,-0.900001526,0.0266,9.8039217,1358.0,12.13000011,-0.1652,12.19998264,FullOfHolesCondition,LowCongestionCondition,EvenPaceStyle
0.600002289,33.29999924,40.28999856,15.38633716,-1.799999237,0.0622,63.92156982,1357.5,13.60999966,-0.2291,12.21973228,FullOfHolesCondition,LowCongestionCondition,EvenPaceStyle
0.799999237,31.5,39.94499861,18.09709077,-1.799999237,0.2334,1.176470637,1226.5,15.05000019,-0.2965,12.28280449,FullOfHolesCondition,LowCongestionCondition,EvenPaceStyle
1.299999237,30.59999847,39.73499864,19.35281982,-0.900001526,0.1129,3.137254953,1148.0,12.02000046,-0.3901,12.29298592,FullOfHolesCondition,LowCongestionCondition,EvenPaceStyle
1.099998474,28.79999924,39.46499863,20.83553122,-1.799999237,0.1043,6.666666985,1073.0,8.109999657,-0.4097,12.28134823,FullOfHolesCondition,LowCongestionCondition,EvenPaceStyle
-1.400001526,16.19999886,19.75499941,258.8547068,0.899999619,-0.421,73.33333588,1248.5,14.40999985,0.5995,13.64599419,UnevenCondition,NormalCongestionCondition,EvenPaceStyle
-0.799999237,18.89999962,20.0699994,252.1516139,2.700000763,-0.4825,64.70588684,1418.0,15.40999985,0.6388,13.66785431,UnevenCondition,NormalCongestionCondition,EvenPaceStyle
-1.099998474,25.19999886,20.86499939,238.4006062,2.699998856,-0.6614,66.27451324,1887.0,20.79999924,0.8053,13.71575451,UnevenCondition,NormalCongestionCondition,EvenPaceStyle
-0.200000763,29.69999886,21.35999937,232.0956489,4.5,-0.5874,57.25490189,1839.5,22.44000053,0.7276,13.78950596,UnevenCondition,NormalCongestionCondition,EvenPaceStyle
-1.0,32.39999771,21.89999933,226.1318522,2.699998856,-0.5963,7.058823586,1485.5,20.96999931,0.7038,13.80497742,UnevenCondition,NormalCongestionCondition,EvenPaceStyle
-2.200000763,36.0,23.06999934,214.4156846,1.799999237,-0.4729,75.29412079,1487.0,19.96999931,0.7336,13.78051472,UnevenCondition,NormalCongestionCondition,EvenPaceStyle
-1.5,38.70000076,23.60999936,213.4931093,2.700000763,-0.6403,74.11764526,1626.0,21.19000053,0.7251,13.75886917,UnevenCondition,NormalCongestionCondition,EvenPaceStyle
-1.399997711,41.39999771,24.13499933,215.3911169,2.699996948,-0.5845,73.33333588,1784.5,22.65999985,0.7607,13.73052788,UnevenCondition,NormalCongestionCondition,EvenPaceStyle
-2.299999237,44.09999847,24.6449993,219.9655573,2.700000763,-0.4918,68.62744904,1925.0,24.65999985,0.7164,13.701334,UnevenCondition,NormalCongestionCondition,EvenPaceStyle
-1.5,47.69999695,25.19999926,226.8823607,3.599998474,-0.3419,1.960784316,1907.5,20.37999916,0.546,13.66093636,UnevenCondition,NormalCongestionCondition,EvenPaceStyle
-2.5,51.29999924,26.53499923,253.3100969,1.799999237,-0.273,61.17647171,1571.0,15.52000046,0.745,13.50361824,UnevenCondition,NormalCongestionCondition,EvenPaceStyle
-2.399997711,52.19999695,26.86499922,263.7806036,0.899997711,-0.2688,9.8039217,1572.5,19.54999924,0.7247,13.46719265,UnevenCondition,NormalCongestionCondition,EvenPaceStyle
-2.200000763,53.09999847,27.20999923,274.8059846,0.900001526,-0.3496,0.0,1543.5,18.69000053,0.7465,13.42907906,UnevenCondition,NormalCongestionCondition,EvenPaceStyle
-3.399997711,54.89999771,28.7849993,332.9921308,0.899997711,0.1969,20.7843132,1675.0,21.21999931,0.2858,13.27239799,UnevenCondition,NormalCongestionCondition,EvenPaceStyle
-1.599998474,55.79999924,29.15999923,349.5136109,-0.899997711,-0.1776,23.13725471,1646.0,16.21999931,0.3217,13.23551559,UnevenCondition,NormalCongestionCondition,EvenPaceStyle
-0.399997711,53.09999847,29.90999923,378.8703899,-0.900001526,0.4748,69.80392456,1589.5,15.57999992,0.1617,13.14682198,UnevenCondition,NormalCongestionCondition,EvenPaceStyle
0.0,54.89999771,30.16499922,387.7975499,1.799999237,0.491,65.88235474,1628.5,16.46999931,0.1212,13.12237358,UnevenCondition,NormalCongestionCondition,EvenPaceStyle
0.799999237,55.79999924,30.46499922,397.8561939,0.900001526,0.3703,65.49019623,1670.5,16.57999992,0.2554,13.08757687,UnevenCondition,NormalCongestionCondition,EvenPaceStyle
1.699996948,56.69999695,30.80999917,408.8815732,0.899997711,0.2142,13.72549057,1707.0,16.62999916,0.3146,13.06182861,UnevenCondition,NormalCongestionCondition,EvenPaceStyle
2.099998474,57.59999847,31.21499916,420.7741573,0.900001526,0.0952,0.0,1685.5,21.52000046,0.2155,13.06832886,UnevenCondition,NormalCongestionCondition,EvenPaceStyle
-0.700000763,54.0,32.86499912,442.4382243,-1.799999237,0.0684,24.70588303,1593.0,15.35999966,0.2124,13.0345192,UnevenCondition,NormalCongestionCondition,EvenPaceStyle
0.0,55.79999924,34.54499911,428.5336841,1.799999237,0.0142,62.74509811,1647.0,16.02000046,0.3393,13.04280281,UnevenCondition,NormalCongestionCondition,EvenPaceStyle
0.300003052,54.0,39.164999,342.7670445,-0.899997711,-0.0031,0.0,1571.5,19.82999992,0.1044,12.89423847,UnevenCondition,NormalCongestionCondition,EvenPaceStyle
-1.0,32.39999771,39.98999856,83.26158691,3.599998474,-0.4776,34.50980377,1491.5,16.48999977,-0.2057,12.64247227,UnevenCondition,NormalCongestionCondition,EvenPaceStyle
1.599998474,39.59999847,40.01999842,82.87992748,2.700000763,-0.8833,73.33333588,1713.0,19.40999985,0.4558,12.77269936,UnevenCondition,NormalCongestionCondition,EvenPaceStyle
0.0,45.0,40.01999849,83.09958895,5.400001526,-0.6646,69.80392456,1903.0,21.69000053,0.4456,12.80219555,UnevenCondition,NormalCongestionCondition,EvenPaceStyle
-0.299999237,46.79999924,40.0649985,83.59451285,1.799999237,-0.6161,68.62744904,2023.5,23.36000061,0.3481,12.81589508,UnevenCondition,NormalCongestionCondition,EvenPaceStyle
-0.5,49.5,40.12499854,84.52258128,2.700000763,-0.6432,0.0,909.5,15.27000046,0.3426,12.81286335,UnevenCondition,NormalCongestionCondition,EvenPaceStyle
-0.5,50.39999771,40.1999986,85.85084497,0.899997711,-0.814,79.21569061,1527.5,17.94000053,0.5824,12.92177486,UnevenCondition,NormalCongestionCondition,EvenPaceStyle
-0.600002289,51.29999924,40.25999864,86.98209987,0.900001526,-1.0354,78.4313736,1581.5,19.54999924,0.7064,13.00009727,UnevenCondition,NormalCongestionCondition,EvenPaceStyle
0.200000763,53.09999847,40.33499864,88.59180323,1.799999237,-1.329,76.86274719,1626.5,18.04999924,0.7159,13.06697845,UnevenCondition,NormalCongestionCondition,EvenPaceStyle
0.099998474,55.79999924,40.54499861,93.61471798,0.900001526,-1.6141,57.64706039,1664.5,17.65999985,0.5788,13.10275555,UnevenCondition,NormalCongestionCondition,EvenPaceStyle
0.899997711,54.89999771,40.81499863,99.44671812,-0.900001526,-1.4718,38.82352829,1583.5,20.23999977,0.4993,13.13008881,UnevenCondition,NormalCongestionCondition,EvenPaceStyle
3.399997711,53.09999847,41.60999883,115.2497306,-2.700000763,-1.1843,0.0,1554.0,15.02000046,0.1288,12.72363377,UnevenCondition,NormalCongestionCondition,EvenPaceStyle
3.400001526,51.29999924,41.63999882,115.7851541,-1.799999237,-1.2943,62.35294342,1521.5,15.10999966,0.2057,12.66170788,UnevenCondition,NormalCongestionCondition,EvenPaceStyle
2.200000763,52.19999695,41.68499883,116.6535017,0.899997711,-1.1189,21.56862831,1504.5,18.77000046,0.2747,12.54988956,UnevenCondition,NormalCongestionCondition,EvenPaceStyle
0.899997711,51.29999924,41.71499882,117.184349,-0.899997711,-1.0546,0.0,1466.5,17.86000061,0.2314,12.52514648,UnevenCondition,NormalCongestionCondition,EvenPaceStyle
0.0,44.09999847,41.71499882,117.4863831,-1.799999237,-0.7494,0.0,1336.5,12.13000011,0.2397,12.36812878,UnevenCondition,NormalCongestionCondition,EvenPaceStyle
0.300003052,45.0,41.69999886,117.3722054,0.900001526,-0.7253,63.92156982,1357.0,12.68999958,0.2984,12.32948112,UnevenCondition,NormalCongestionCondition,EvenPaceStyle
-0.099998474,45.89999771,41.74499887,117.6309935,0.899997711,-0.9103,60.7843132,1395.0,12.47000027,0.2203,12.292243,UnevenCondition,NormalCongestionCondition,EvenPaceStyle
0.100002289,46.79999924,41.83499889,118.053841,0.900001526,-0.7424,47.45098114,1423.5,12.38000011,0.2868,12.25125408,UnevenCondition,NormalCongestionCondition,EvenPaceStyle
-1.099998474,48.59999847,42.10499884,119.2235355,0.900001526,-0.6898,50.98039246,1434.5,12.02000046,0.3166,12.16358757,UnevenCondition,NormalCongestionCondition,EvenPaceStyle
-0.699996948,50.39999771,42.77999884,119.8104426,0.899997711,-0.6777,7.058823586,1494.0,12.47000027,0.1892,12.04303646,UnevenCondition,NormalCongestionCondition,EvenPaceStyle
-0.900001526,48.59999847,34.03499898,335.7104302,0.900001526,-1.2098,26.66666794,1438.0,14.30000019,0.6056,12.89485455,UnevenCondition,NormalCongestionCondition,EvenPaceStyle
-1.299999237,46.79999924,33.58499891,319.5104278,-0.899997711,-1.1861,59.60784531,1363.0,11.63000011,0.331,12.87959862,UnevenCondition,NormalCongestionCondition,EvenPaceStyle
-0.399997711,50.39999771,33.34499889,310.2004614,2.700000763,-1.4801,57.25490189,1386.5,12.32999992,0.3619,12.85495853,UnevenCondition,NormalCongestionCondition,EvenPaceStyle
-0.400001526,43.19999695,33.04499889,299.9221568,-6.300003052,-1.3621,58.03921509,1398.0,14.22000027,0.3646,12.76575184,UnevenCondition,NormalCongestionCondition,EvenPaceStyle
0.099998474,47.69999695,32.96999889,297.337708,4.5,-1.4208,71.37255096,1419.0,14.35999966,0.4185,12.75081921,UnevenCondition,NormalCongestionCondition,EvenPaceStyle
0.300003052,48.59999847,32.92499888,295.7815465,0.900001526,-1.4458,68.23529816,1424.5,14.05000019,0.4362,12.73781967,UnevenCondition,NormalCongestionCondition,EvenPaceStyle
0.299999237,49.5,32.90999891,295.2619123,0.900001526,-1.2806,64.70588684,1470.0,14.47000027,0.347,12.71103382,UnevenCondition,NormalCongestionCondition,EvenPaceStyle
0.5,50.39999771,32.95499893,296.7370735,0.899997711,-1.3217,62.74509811,1476.5,15.27000046,0.2549,12.69709301,UnevenCondition,NormalCongestionCondition,EvenPaceStyle
-1.5,46.79999924,33.19499882,303.57402,0.900001526,-0.7117,6.666666985,1366.5,14.05000019,0.1127,12.70317841,UnevenCondition,NormalCongestionCondition,EvenPaceStyle
-1.700000763,43.19999695,33.4799988,308.8378753,-0.900001526,-0.4229,3.529411793,1252.0,15.57999992,0.2202,12.74040318,UnevenCondition,NormalCongestionCondition,EvenPaceStyle
-2.0,41.39999771,33.67499878,309.6201886,-1.799999237,-0.3616,6.274509907,1213.0,12.27000046,0.2166,12.73921776,UnevenCondition,NormalCongestionCondition,EvenPaceStyle
-1.599998474,40.5,34.0049988,307.4455448,-0.899997711,-0.136,9.8039217,1182.5,9.720000267,0.1906,12.7196207,UnevenCondition,NormalCongestionCondition,EvenPaceStyle
-2.200000763,39.59999847,34.43999877,300.6573337,-0.900001526,-0.2174,11.76470566,1136.5,7.860000134,-0.0595,12.68443012,UnevenCondition,NormalCongestionCondition,EvenPaceStyle
-1.600002289,38.70000076,34.97999879,287.2470298,-0.899997711,-0.2105,15.29411793,1114.0,6.659999847,-0.0651,12.61580467,UnevenCondition,NormalCongestionCondition,EvenPaceStyle
-0.899997711,33.29999924,36.10499874,247.7252105,-3.599998474,-0.241,30.58823586,759.5,4.739999771,-0.3692,12.43829632,UnevenCondition,NormalCongestionCondition,EvenPaceStyle
0.100002289,30.59999847,36.59999872,226.983034,-2.700000763,-0.1403,34.50980377,752.5,4.519999981,-0.373,12.35188675,UnevenCondition,NormalCongestionCondition,EvenPaceStyle
0.200000763,28.79999924,37.0649987,206.1928066,-1.799999237,-0.1053,32.54901886,757.5,4.880000114,-0.4163,12.28438663,UnevenCondition,NormalCongestionCondition,EvenPaceStyle
0.699996948,27.89999962,38.00999869,161.2961569,-0.899999619,-0.351,91.37255096,1194.5,13.98999977,-0.3726,12.32226944,UnevenCondition,NormalCongestionCondition,EvenPaceStyle
0.899997711,29.69999886,38.48999867,138.8907348,1.799999237,-0.4113,83.52941132,1295.5,13.73999977,-0.3134,12.3447752,UnevenCondition,NormalCongestionCondition,EvenPaceStyle
1.600002289,32.39999771,38.96999863,118.6526348,2.699998856,-0.4919,76.07843018,1377.5,14.55000019,-0.2417,12.36874485,UnevenCondition,NormalCongestionCondition,EvenPaceStyle
2.400001526,35.09999847,39.43499861,101.5792548,2.700000763,-0.3833,23.92156982,1432.5,17.29999924,-0.253,12.40245438,UnevenCondition,NormalCongestionCondition,EvenPaceStyle
1.700000763,36.0,39.80999861,90.23582363,0.900001526,-0.3743,0.0,1348.0,16.32999992,-0.4059,12.42012882,UnevenCondition,NormalCongestionCondition,EvenPaceStyle
1.399997711,35.09999847,40.1249986,81.06291708,-0.900001526,-0.2003,2.352941275,924.0,7.239999771,-0.609,12.42154026,UnevenCondition,NormalCongestionCondition,EvenPaceStyle
-0.099998474,21.59999847,40.43999859,69.2170107,-8.100000381,0.0493,29.80392265,767.0,5.159999847,-0.6261,12.42652988,UnevenCondition,NormalCongestionCondition,EvenPaceStyle
-0.700000763,18.89999962,40.37999859,71.62229894,-2.699998856,-0.0756,76.47058868,1176.5,7.489999771,-0.524,12.44832516,UnevenCondition,NormalCongestionCondition,EvenPaceStyle
-1.099998474,18.0,40.24499861,76.63674698,-0.899999619,-0.2227,83.13725281,1444.5,13.63000011,-0.4697,12.49470425,UnevenCondition,NormalCongestionCondition,EvenPaceStyle
-0.5,26.09999847,40.03499858,82.35891726,4.5,-0.4996,64.70588684,1693.0,18.82999992,-0.3483,12.59132957,UnevenCondition,NormalCongestionCondition,EvenPaceStyle
2.400001526,39.59999847,25.12499914,88.50393226,2.700000763,-0.5515,20.0,1627.5,16.61000061,0.5828,14.76960754,SmoothCondition,LowCongestionCondition,EvenPaceStyle
3.599998474,39.59999847,26.41499912,75.14671334,-0.900001526,-0.5759,37.64706039,1569.5,14.48999977,0.4722,14.86111641,SmoothCondition,LowCongestionCondition,EvenPaceStyle
2.399997711,38.70000076,27.52499911,65.00020638,-0.899997711,-0.6404,0.0,1523.0,18.71999931,0.463,14.88521671,SmoothCondition,LowCongestionCondition,EvenPaceStyle
2.899997711,36.0,28.36499909,58.00400329,-0.899997711,-0.4318,23.92156982,1406.0,14.32999992,0.3612,14.87197495,SmoothCondition,LowCongestionCondition,EvenPaceStyle
1.899997711,33.29999924,28.97999907,53.07009678,-1.799999237,-0.3169,0.0,1090.0,11.22000027,0.2901,14.84159851,SmoothCondition,LowCongestionCondition,EvenPaceStyle
2.099998474,32.39999771,29.15999905,52.31226597,-0.900001526,-0.3694,23.52941132,752.0,5.659999847,0.0056,14.73095131,SmoothCondition,LowCongestionCondition,EvenPaceStyle
1.5,29.69999886,29.29499906,51.3299692,-2.699998856,-0.1846,31.37254906,749.0,4.630000114,-0.1599,14.62648582,SmoothCondition,LowCongestionCondition,EvenPaceStyle
1.199996948,26.09999847,29.35499903,50.71674915,-3.600000381,-0.1017,33.72549057,755.0,4.409999847,-0.2725,14.52767754,SmoothCondition,LowCongestionCondition,EvenPaceStyle
0.800003052,20.69999886,29.17499905,52.36969818,-2.700000763,-0.0338,22.35294151,1140.0,12.32999992,-0.3455,14.49052238,SmoothCondition,LowCongestionCondition,EvenPaceStyle
1.0,18.0,28.97999907,54.44297749,-2.699998856,-0.1029,72.15686035,1093.0,13.22000027,-0.2607,14.52270603,SmoothCondition,LowCongestionCondition,EvenPaceStyle
0.699996948,21.59999847,28.70999905,57.29582478,3.599998474,-0.1852,75.29412079,1619.5,17.90999985,-0.202,14.56182861,SmoothCondition,LowCongestionCondition,EvenPaceStyle
1.699996948,30.59999847,28.5299991,57.01026584,1.799999237,-0.0304,11.76470566,736.5,17.73999977,-0.1987,14.58564186,SmoothCondition,LowCongestionCondition,EvenPaceStyle
1.800003052,29.69999886,28.49999908,56.8830454,-0.899999619,-0.1684,98.03921509,1254.0,9.520000458,-0.1156,14.54729366,SmoothCondition,LowCongestionCondition,EvenPaceStyle
1.5,33.29999924,28.34999911,55.34084256,3.600000381,-0.1817,80.0,1363.5,15.32999992,-0.0605,14.55406761,SmoothCondition,LowCongestionCondition,EvenPaceStyle
